   3855.2248448134624        3.38288471E-02   7.50845019E-03
   3856.6148864820975        2.70330049E-02   7.25354627E-03
   3858.0051673989169        2.49579642E-02   6.87704096E-03
   3859.3956874248256        1.95466727E-02   6.62205741E-03
   3860.7864464207282        2.74265166E-02   6.96735643E-03
   3862.1774442475303        2.94485800E-02   7.18792109E-03
   3863.5686807661359        2.59859450E-02   7.36064371E-03
   3864.9601558374507        2.76165903E-02   7.34484335E-03
   3866.3518693223782        3.75795178E-02   7.53167830E-03
   3867.7438210818254        2.02608593E-02   6.91037485E-03
   3869.1360109766956        3.36580463E-02   7.04063335E-03
   3870.5284388678942        1.24814389E-02   6.34331768E-03
   3871.9211046163259        2.84028687E-02   6.77135913E-03
   3873.3140080828962        3.28036845E-02   6.91913627E-03
   3874.7071491285087        2.07582433E-02   6.78763865E-03
   3876.1005276140695        2.51584910E-02   6.94943126E-03
   3877.4941434004832        2.28103753E-02   6.83399383E-03
   3878.8879963486543        2.26640292E-02   6.69113500E-03
   3880.2820863194879        3.80279273E-02   6.91881450E-03
   3881.6764131738892        2.71407124E-02   6.56613940E-03
   3883.0709767727631        1.80781204E-02   6.49820548E-03
   3884.4657769770138        2.24372819E-02   6.37118472E-03
   3885.8608136475473        3.49504612E-02   6.76454650E-03
   3887.2560866452668        1.93547551E-02   6.21384662E-03
   3888.6515958310788        3.39882001E-02   6.48181466E-03
   3890.0473410658874        2.22608428E-02   6.42960658E-03
   3891.4433222105977        2.83832606E-02   6.71041710E-03
   3892.8395391261142        1.97266880E-02   6.55019144E-03
   3894.2359916733426        2.96972264E-02   6.79529179E-03
   3895.6326797131874        2.90133804E-02   6.78799814E-03
   3897.0296031065532        2.84109153E-02   6.79414021E-03
   3898.4267617143450        3.01094446E-02   6.79855375E-03
   3899.8241553974676        3.02486662E-02   6.93555176E-03
   3901.2217840168264        2.70732008E-02   6.66121813E-03
   3902.6196474333260        3.28351185E-02   6.71937922E-03
   3904.0177455078710        2.51447875E-02   6.40968746E-03
   3905.4160781013666        2.28168778E-02   6.33133017E-03
   3906.8146450747181        2.95598246E-02   6.50914200E-03
   3908.2134462888293        1.71517935E-02   6.39559515E-03
   3909.6124816046063        1.78385451E-02   6.47351565E-03
   3911.0117508829526        2.38558613E-02   6.72969967E-03
   3912.4112539847747        2.34958660E-02   6.68347860E-03
   3913.8109907709763        2.46405117E-02   6.69521978E-03
   3915.2109611024630        3.55707295E-02   6.90022809E-03
   3916.6111648401388        2.49382891E-02   6.50804956E-03
   3918.0116018449089        3.07401475E-02   6.50671171E-03
   3919.4122719776792        2.95315720E-02   6.30170200E-03
   3920.8131750993534        2.90369168E-02   6.19863765E-03
   3922.2143110708371        2.30239835E-02   5.93619654E-03
   3923.6156797530348        2.64987666E-02   6.07126718E-03
   3925.0172810068511        1.72622018E-02   5.72727574E-03
   3926.4191146931912        2.91551761E-02   5.84502658E-03
   3927.8211806729605        2.87943725E-02   5.53441513E-03
   3929.2234788070632        2.47103702E-02   5.19694341E-03
   3930.6260089564048        2.57517025E-02   4.92245425E-03
   3932.0287709818895        2.75583826E-02   4.67795366E-03
   3933.4317647444223        1.83798447E-02   4.30397363E-03
   3934.8349901049087        1.77428052E-02   4.24697390E-03
   3936.2384469242529        1.81762259E-02   4.38463921E-03
   3937.6421350633600        2.29782276E-02   4.91109537E-03
   3939.0460543831346        1.90805793E-02   5.04164351E-03
   3940.4502047444826        2.90538110E-02   5.49307140E-03
   3941.8545860083082        2.42700707E-02   5.62358508E-03
   3943.2591980355160        2.36094948E-02   5.51751815E-03
   3944.6640406870115        2.60318331E-02   5.72361844E-03
   3946.0691138236989        2.54684947E-02   5.72937261E-03
   3947.4744173064837        2.67394166E-02   5.86897507E-03
   3948.8799509962705        2.84091290E-02   6.05867244E-03
   3950.2857147539644        2.33602654E-02   5.95540274E-03
   3951.6917084404704        3.01489048E-02   6.09739684E-03
   3953.0979319166927        2.40755677E-02   6.00252952E-03
   3954.5043850435368        2.57191006E-02   6.02416741E-03
   3955.9110676819068        2.37757433E-02   5.92146674E-03
   3957.3179796927093        3.28394175E-02   6.10051118E-03
   3958.7251209368474        3.12836729E-02   6.09103404E-03
   3960.1324912752270        2.84297187E-02   5.86070074E-03
   3961.5400905687520        2.51106042E-02   5.54795936E-03
   3962.9479186783287        2.92096268E-02   5.43256430E-03
   3964.3559754648604        2.12223213E-02   4.95015178E-03
   3965.7642607892535        2.71172337E-02   4.89209825E-03
   3967.1727745124122        2.73455549E-02   4.66493377E-03
   3968.5815164952410        2.27717347E-02   4.31180466E-03
   3969.9904865986450        2.03252789E-02   4.25782474E-03
   3971.3996846835298        2.03537066E-02   4.47478611E-03
   3972.8091106108000        1.67381857E-02   4.74025263E-03
   3974.2187642413596        2.99314484E-02   5.33206481E-03
   3975.6286454361148        3.48655768E-02   5.63631114E-03
   3977.0387540559691        1.80350356E-02   5.47299860E-03
   3978.4490899618286        2.73137223E-02   5.88968815E-03
   3979.8596530145974        2.03536190E-02   5.83089655E-03
   3981.2704430751805        3.60025689E-02   6.24814304E-03
   3982.6814600044831        3.15463915E-02   6.14551222E-03
   3984.0927036634107        2.17085853E-02   5.78145590E-03
   3985.5041739128665        2.39796564E-02   5.87098347E-03
   3986.9158706137569        2.07765978E-02   5.81468316E-03
   3988.3277936269860        1.76766422E-02   5.77028329E-03
   3989.7399428134590        1.76041462E-02   5.79000730E-03
   3991.1523180340810        2.30053943E-02   6.01130119E-03
   3992.5649191497560        1.91385075E-02   5.92990173E-03
   3993.9777460213900        2.66644936E-02   6.19151071E-03
   3995.3907985098872        2.56957319E-02   5.96609712E-03
   3996.8040764761522        1.81349926E-02   5.76210627E-03
   3998.2175797810905        2.05791611E-02   5.88944042E-03
   3999.6313082856072        1.37385214E-02   5.76558895E-03
   4001.0452618506069        1.77137051E-02   6.01229724E-03
   4002.4594403369938        2.08955910E-02   6.05276413E-03
   4003.8738436056738        2.86844857E-02   6.08789967E-03
   4005.2884715175514        3.12813446E-02   6.09135441E-03
   4006.7033239335310        2.60780677E-02   5.88219659E-03
   4008.1184007145184        1.85857229E-02   5.79078449E-03
   4009.5337017214179        2.65711881E-02   6.06143614E-03
   4010.9492268151348        3.62985879E-02   6.28283899E-03
   4012.3649758565734        2.53938884E-02   6.10568514E-03
   4013.7809487066393        2.67379601E-02   6.16495498E-03
   4015.1971452262369        1.93871111E-02   5.96741959E-03
   4016.6135652762709        3.47837694E-02   6.24563498E-03
   4018.0302087176465        3.45938616E-02   6.25638571E-03
   4019.4470754112685        3.59341018E-02   6.33894606E-03
   4020.8641652180422        2.31921859E-02   6.02180045E-03
   4022.2814779988721        3.22109126E-02   6.19669259E-03
   4023.6990136146628        2.55166367E-02   6.03572419E-03
   4025.1167719263194        3.15156244E-02   6.14825869E-03
   4026.5347527947474        2.90353894E-02   6.13933103E-03
   4027.9529560808505        2.12283861E-02   6.02670386E-03
   4029.3713816455347        2.11914200E-02   5.91792259E-03
   4030.7900293497046        1.91491600E-02   5.70337428E-03
   4032.2088990542647        2.44635325E-02   5.75185800E-03
   4033.6279906201207        1.75736919E-02   5.44305379E-03
   4035.0473039081758        2.50426903E-02   5.76781901E-03
   4036.4668387793367        2.61320807E-02   5.86664909E-03
   4037.8865950945078        3.36459465E-02   6.20288262E-03
   4039.3065727145936        1.40248965E-02   5.90628991E-03
   4040.7267715004991        1.86025519E-02   5.91994775E-03
   4042.1471913131295        2.72904523E-02   6.04869705E-03
   4043.5678320133893        1.99134853E-02   5.72753232E-03
   4044.9886934621832        2.88932752E-02   5.69301937E-03
   4046.4097755204166        2.69111302E-02   5.56391943E-03
   4047.8310780489946        3.41732614E-02   5.79775171E-03
   4049.2526009088215        2.71311197E-02   5.92333823E-03
   4050.6743439608026        2.55804267E-02   5.96723706E-03
   4052.0963070658422        3.01754922E-02   6.00764062E-03
   4053.5184900848453        1.64516959E-02   5.62652899E-03
   4054.9408928787179        2.36265473E-02   5.73206646E-03
   4056.3635153083628        2.20856294E-02   5.62008377E-03
   4057.7863572346873        2.37752106E-02   5.61327860E-03
   4059.2094185185947        1.17890108E-02   5.48619172E-03
   4060.6326990209900        2.94914506E-02   5.79585182E-03
   4062.0561986027792        2.36609615E-02   5.63805318E-03
   4063.4799171248656        2.46383771E-02   5.58460457E-03
   4064.9038544481555        2.90451739E-02   5.60390996E-03
   4066.3280104335527        2.97585409E-02   5.61905373E-03
   4067.7523849419626        1.84865240E-02   5.58208115E-03
   4069.1769778342900        2.69421116E-02   5.73749095E-03
   4070.6017889714403        1.35257263E-02   5.40064648E-03
   4072.0268182143172        2.23462097E-02   5.59466518E-03
   4073.4520654238268        2.79987976E-02   5.63554838E-03
   4074.8775304608730        1.02799786E-02   5.32720657E-03
   4076.3032131863615        2.05538124E-02   5.54815540E-03
   4077.7291134611969        2.35621426E-02   5.50693367E-03
   4079.1552311462838        1.35037284E-02   5.30053815E-03
   4080.5815661025276        2.69656293E-02   5.76352701E-03
   4082.0081181908331        1.74128413E-02   5.61085297E-03
   4083.4348872721048        3.24325413E-02   5.87089965E-03
   4084.8618732072478        2.00650766E-02   5.57593768E-03
   4086.2890758571671        1.85604058E-02   5.51879173E-03
   4087.7164950827673        2.85613984E-02   5.84114529E-03
   4089.1441307449536        1.76670477E-02   5.79727860E-03
   4090.5719827046305        3.20382193E-02   5.93157578E-03
   4092.0000508227031        2.99942698E-02   5.83383301E-03
   4093.4283349600764        1.58151239E-02   5.53066656E-03
   4094.8568349776556        2.06253417E-02   5.53150335E-03
   4096.2855507363456        1.69807877E-02   5.40755549E-03
   4097.7144820970498        3.17347534E-02   5.60170552E-03
   4099.1436289206749        2.73943171E-02   5.37461089E-03
   4100.5729910681239        1.61237810E-02   5.00010047E-03
   4102.0025684003040        2.26436090E-02   5.09443833E-03
   4103.4323607781189        3.14854160E-02   5.27935661E-03
   4104.8623680624733        2.21234858E-02   5.22538368E-03
   4106.2925901142717        2.63377149E-02   5.49662905E-03
   4107.7230267944196        1.61123760E-02   5.34348981E-03
   4109.1536779638236        3.20160128E-02   5.69470087E-03
   4110.5845434833855        2.33297776E-02   5.46462229E-03
   4112.0156232140116        2.54570916E-02   5.61044877E-03
   4113.4469170166076        2.77141407E-02   5.64113678E-03
   4114.8784247520762        2.54581757E-02   5.72855165E-03
   4116.3101462813247        2.13708431E-02   5.63722383E-03
   4117.7420814652569        2.83267349E-02   5.75070595E-03
   4119.1742301647773        2.40424797E-02   5.57181612E-03
   4120.6065922407915        2.71951705E-02   5.58388839E-03
   4122.0391675542032        2.84018070E-02   5.63132297E-03
   4123.4719559659188        2.56872550E-02   5.70392655E-03
   4124.9049573368429        1.64295156E-02   5.49771497E-03
   4126.3381715278801        1.97105408E-02   5.49699599E-03
   4127.7715983999342        2.39559878E-02   5.54654840E-03
   4129.2052378139124        1.93903763E-02   5.41138649E-03
   4130.6390896307175        1.97177399E-02   5.34939161E-03
   4132.0731537112551        1.69729702E-02   5.29217580E-03
   4133.5074299164316        3.23893502E-02   5.52358106E-03
   4134.9419181071480        2.65842136E-02   5.43584861E-03
   4136.3766181443143        2.46593673E-02   5.57898637E-03
   4137.8115298888306        2.74777412E-02   5.65204816E-03
   4139.2466532016060        1.45223569E-02   5.45760337E-03
   4140.6819879435416        1.93833690E-02   5.53717697E-03
   4142.1175339755446        2.15133652E-02   5.43370517E-03
   4143.5532911585196        1.34837041E-02   5.13567310E-03
   4144.9892593533705        1.81171503E-02   5.20322239E-03
   4146.4254384210026        1.35028614E-02   5.16907405E-03
   4147.8618282223224        2.32222937E-02   5.41434390E-03
   4149.2984286182327        3.13625447E-02   5.60735352E-03
   4150.7352394696391        2.48586033E-02   5.42716915E-03
   4152.1722606374469        3.04364935E-02   5.53392759E-03
   4153.6094919825609        1.89723484E-02   5.29114017E-03
   4155.0469333658848        2.48305108E-02   5.39078843E-03
   4156.4845846483240        2.87066419E-02   5.38611272E-03
   4157.9224456907859        2.16990709E-02   5.35234949E-03
   4159.3605163541706        1.81380454E-02   5.28389681E-03
   4160.7987964993881        2.20315028E-02   5.41512016E-03
   4162.2372859873385        1.21722864E-02   5.30370558E-03
   4163.6759846789309        2.78763641E-02   5.62189240E-03
   4165.1148924350673        1.53003307E-02   5.36408601E-03
   4166.5540091166540        3.31221372E-02   5.67174749E-03
   4167.9933345845966        2.98409276E-02   5.59768919E-03
   4169.4328686997969        2.19748560E-02   5.42758498E-03
   4170.8726113231623        1.68004911E-02   5.22374967E-03
   4172.3125623155975        1.97051391E-02   5.19901607E-03
   4173.7527215380069        2.67137010E-02   5.29141398E-03
   4175.1930888512961        2.41770335E-02   5.26327593E-03
   4176.6336641163689        2.54012570E-02   5.32259978E-03
   4178.0744471941307        2.41624750E-02   5.32102212E-03
   4179.5154379454871        1.90980360E-02   5.25801536E-03
   4180.9566362313408        1.97482258E-02   5.13952505E-03
   4182.3980419125992        2.04519872E-02   5.20311203E-03
   4183.8396548501660        2.62952577E-02   5.32631576E-03
   4185.2814749049467        2.75635440E-02   5.38661145E-03
   4186.7235019378450        1.75099988E-02   5.08581335E-03
   4188.1657358097673        2.95684580E-02   5.35460049E-03
   4189.6081763816164        2.38598771E-02   5.23365429E-03
   4191.0508235142997        2.11219303E-02   5.26365405E-03
   4192.4936770687209        2.15706695E-02   5.32696536E-03
   4193.9367369057845        2.62393989E-02   5.40275034E-03
   4195.3800028863952        2.25435253E-02   5.29083749E-03
   4196.8234748714594        2.38715671E-02   5.17570507E-03
   4198.2671527218799        2.00975053E-02   5.00783511E-03
   4199.7110362985641        2.38933600E-02   5.06642787E-03
   4201.1551254624146        2.46621743E-02   5.12209488E-03
   4202.5994200743380        1.58056580E-02   5.01696160E-03
   4204.0439199952380        2.27598753E-02   5.14141237E-03
   4205.4886250860200        2.03670580E-02   5.13973087E-03
   4206.9335352075877        3.03521547E-02   5.45457890E-03
   4208.3786502208486        2.72139907E-02   5.43120038E-03
   4209.8239699867045        1.98534615E-02   5.28615480E-03
   4211.2694943660626        2.46252716E-02   5.40122902E-03
   4212.7152232198277        2.17950474E-02   5.36558591E-03
   4214.1611564089035        1.65799670E-02   5.16147725E-03
   4215.6072937941954        2.90220734E-02   5.35983639E-03
   4217.0536352366080        2.80613080E-02   5.22323931E-03
   4218.5001805970469        2.14971099E-02   5.22247842E-03
   4219.9469297364167        3.03880423E-02   5.42175537E-03
   4221.3938825156210        1.82533078E-02   5.18953567E-03
   4222.8410387955664        2.34535392E-02   5.26398746E-03
   4224.2883984371583        1.83572937E-02   4.95191291E-03
   4225.7359613012995        1.79177597E-02   4.71568992E-03
   4227.1837272488956        2.51069609E-02   4.75099403E-03
   4228.6316961408520        2.53079887E-02   4.93534561E-03
   4230.0798678380734        2.01064460E-02   5.03665814E-03
   4231.5282422014652        2.68999692E-02   5.31962467E-03
   4232.9768190919312        1.81477722E-02   5.08900452E-03
   4234.4255983703779        2.29513254E-02   5.09974407E-03
   4235.8745798977079        1.99240744E-02   4.93604597E-03
   4237.3237635348278        2.41023302E-02   5.00167999E-03
   4238.7731491426412        1.49198789E-02   4.79931943E-03
   4240.2227365820554        2.77631786E-02   5.15183946E-03
   4241.6725257139715        1.45483781E-02   4.91070375E-03
   4243.1225163992985        1.02984812E-02   4.83460352E-03
   4244.5727084989385        1.58890840E-02   5.00777829E-03
   4246.0231018737977        2.49422621E-02   5.12966001E-03
   4247.4736963847799        2.20612958E-02   5.01294388E-03
   4248.9244918927907        2.25770250E-02   4.92994348E-03
   4250.3754882587355        2.81585474E-02   4.95101791E-03
   4251.8266853435180        2.73563489E-02   5.05425129E-03
   4253.2780830080437        2.60566045E-02   4.98235272E-03
   4254.7296811132182        2.62444299E-02   5.07958978E-03
   4256.1814795199452        3.38516682E-02   5.16003696E-03
   4257.6334780891302        2.55549960E-02   5.04851947E-03
   4259.0856766816769        2.69450750E-02   4.97928821E-03
   4260.5380751584926        2.30115931E-02   4.79451008E-03
   4261.9906733804801        3.17766927E-02   5.02668507E-03
   4263.4434712085449        2.77881213E-02   5.05025825E-03
   4264.8964685035926        1.91007052E-02   5.01070591E-03
   4266.3496651265268        1.99682880E-02   4.99578845E-03
   4267.8030609382540        2.23223679E-02   5.03286161E-03
   4269.2566557996770        2.32386794E-02   4.85537527E-03
   4270.7104495717022        1.79503448E-02   4.73563466E-03
   4272.1644421152341        2.77111419E-02   4.77372855E-03
   4273.6186332911775        2.57938039E-02   4.72386647E-03
   4275.0730229604387        2.38798559E-02   4.75196680E-03
   4276.5276109839197        2.29822472E-02   4.91503160E-03
   4277.9823972225277        1.86387096E-02   4.89467289E-03
   4279.4373815371664        2.49297954E-02   4.95702634E-03
   4280.8925637887414        2.14674529E-02   4.91291098E-03
   4282.3479438381573        2.01350152E-02   4.86202585E-03
   4283.8035215463187        1.69180743E-02   4.80518304E-03
   4285.2592967741321        1.52501119E-02   4.71026450E-03
   4286.7152693825001        1.83870904E-02   4.78381896E-03
   4288.1714392323283        2.78526042E-02   4.85007372E-03
   4289.6278061845223        1.44822728E-02   4.50278446E-03
   4291.0843700999867        1.96234975E-02   4.64094291E-03
   4292.5411308396260        1.67734623E-02   4.61799419E-03
   4293.9980882643449        2.89671216E-02   4.93878452E-03
   4295.4552422350498        1.23861181E-02   4.58560511E-03
   4296.9125926126435        1.26058282E-02   4.45120549E-03
   4298.3701392580324        1.69194210E-02   4.36410634E-03
   4299.8278820321211        2.51420196E-02   4.46381327E-03
   4301.2858207958143        1.86409503E-02   4.19079466E-03
   4302.7439554100156        1.72664504E-02   4.18027444E-03
   4304.2022857356324        2.47422326E-02   4.43616183E-03
   4305.6608116335683        3.08852904E-02   4.47732164E-03
   4307.1195329647280        1.80755630E-02   4.17485787E-03
   4308.5784495900161        2.70878300E-02   4.32973541E-03
   4310.0375613703391        2.03077998E-02   4.16262215E-03
   4311.4968681666005        1.84983537E-02   4.24988242E-03
   4312.9563698397051        1.50567489E-02   4.28620633E-03
   4314.4160662505583        2.70444807E-02   4.77296859E-03
   4315.8759572600648        1.87194031E-02   4.87271883E-03
   4317.3360427291300        1.96743738E-02   4.97941533E-03
   4318.7963225186577        2.16912217E-02   5.10494644E-03
   4320.2567964895534        2.28802096E-02   5.04829129E-03
   4321.7174645027217        2.57479828E-02   5.01732342E-03
   4323.1783264190690        2.51216590E-02   4.77218209E-03
   4324.6393820994981        2.10483484E-02   4.50522173E-03
   4326.1006314049155        1.58241242E-02   4.33638971E-03
   4327.5620741962239        1.97134186E-02   4.58478555E-03
   4329.0237103343316        1.90576613E-02   4.77810204E-03
   4330.4855396801404        1.97053179E-02   4.92743775E-03
   4331.9475620945559        2.93526929E-02   5.12647908E-03
   4333.4097774384845        2.06067190E-02   4.93109366E-03
   4334.8721855728290        1.94165297E-02   4.88250004E-03
   4336.3347863584959        2.51245201E-02   4.89082886E-03
   4337.7975796563887        1.33328680E-02   4.51864768E-03
   4339.2605653274150        2.26524137E-02   4.43445286E-03
   4340.7237432324764        2.64575221E-02   4.44150763E-03
   4342.1871132324786        1.77780781E-02   4.30846820E-03
   4343.6506751883280        2.17209905E-02   4.54997737E-03
   4345.1144289609283        2.18374617E-02   4.72565740E-03
   4346.5783744111832        2.82545425E-02   4.94530937E-03
   4348.0425114000009        2.66200937E-02   5.00993244E-03
   4349.5068397882833        2.84847841E-02   4.96179378E-03
   4350.9713594369377        3.00610345E-02   4.96768393E-03
   4352.4360702068661        2.19548568E-02   4.69609769E-03
   4353.9009719589758        3.40954587E-02   4.84615332E-03
   4355.3660645541704        2.73003336E-02   4.88281157E-03
   4356.8313478533555        1.77025907E-02   4.73975483E-03
   4358.2968217174357        2.74709351E-02   4.90143197E-03
   4359.7624860073156        2.40444001E-02   4.86571807E-03
   4361.2283405839007        2.39500515E-02   4.87477006E-03
   4362.6943853080948        2.99554393E-02   5.06579550E-03
   4364.1606200408041        2.07681507E-02   4.89543937E-03
   4365.6270446429335        2.86820196E-02   5.01543935E-03
   4367.0936589753874        1.34152044E-02   4.68021166E-03
   4368.5604628990695        1.92021299E-02   4.72085457E-03
   4370.0274562748864        1.87837146E-02   4.69617965E-03
   4371.4946389637435        1.55070098E-02   4.65913350E-03
   4372.9620108265426        2.43303105E-02   4.74953791E-03
   4374.4295717241921        2.63939220E-02   4.78800992E-03
   4375.8973215175947        1.08926473E-02   4.43192385E-03
   4377.3652600676560        1.40347714E-02   4.60750051E-03
   4378.8333872352805        2.01814305E-02   4.72440990E-03
   4380.3017028813738        1.81394722E-02   4.66426788E-03
   4381.7702068668405        1.78665388E-02   4.49264655E-03
   4383.2388990525851        1.93877742E-02   4.27422673E-03
   4384.7077792995133        2.54298449E-02   4.41339659E-03
   4386.1768474685286        2.02406608E-02   4.37624380E-03
   4387.6461034205367        2.37788614E-02   4.64271521E-03
   4389.1155470164431        2.35784929E-02   4.69013071E-03
   4390.5851781171532        2.11010762E-02   4.56184708E-03
   4392.0549965835689        1.89064331E-02   4.61272709E-03
   4393.5250022765986        2.39573829E-02   4.73301951E-03
   4394.9951950571449        1.70211922E-02   4.60113399E-03
   4396.4655747861134        1.69649031E-02   4.60460875E-03
   4397.9361413244087        2.04061903E-02   4.71900357E-03
   4399.4068945329363        2.23390739E-02   4.75759711E-03
   4400.8778342726009        1.51822586E-02   4.62873001E-03
   4402.3489604043070        2.69357711E-02   4.73191822E-03
   4403.8202727889593        2.48615574E-02   4.65003867E-03
   4405.2917712874641        1.68563258E-02   4.48474428E-03
   4406.7634557607244        1.49866240E-02   4.46142443E-03
   4408.2353260696473        1.87677294E-02   4.57131304E-03
   4409.7073820751348        1.98654551E-02   4.74121375E-03
   4411.1796236380942        2.47235168E-02   4.90063522E-03
   4412.6520506194292        1.83256809E-02   4.79959697E-03
   4414.1246628800454        2.47301850E-02   4.85116523E-03
   4415.5974602808465        2.32692752E-02   4.78722015E-03
   4417.0704426827397        3.02031208E-02   4.86091338E-03
   4418.5436099466269        2.77353022E-02   4.91394475E-03
   4420.0169619334156        2.06709541E-02   4.85420087E-03
   4421.4904985040093        1.61862336E-02   4.79964446E-03
   4422.9642195193128        1.46093089E-02   4.70086141E-03
   4424.4381248402324        1.21830143E-02   4.60968446E-03
   4425.9122143276709        3.15858498E-02   4.95088007E-03
   4427.3864878425338        2.25491244E-02   4.84623387E-03
   4428.8609452457267        1.62216406E-02   4.71045543E-03
   4430.3355863981551        8.37535039E-03   4.55037644E-03
   4431.8104111607227        2.04755478E-02   4.72038379E-03
   4433.2854193943349        2.60285009E-02   4.81539825E-03
   4434.7606109598955        2.15605069E-02   4.71241120E-03
   4436.2359857183101        2.10205875E-02   4.73194150E-03
   4437.7115435304850        1.52702415E-02   4.67159878E-03
   4439.1872842573230        1.46583747E-02   4.80758771E-03
   4440.6632077597296        2.32631061E-02   4.80683707E-03
   4442.1393138986114        2.19039861E-02   4.78061801E-03
   4443.6156025348700        2.49529202E-02   4.80623962E-03
   4445.0920735294130        2.01495700E-02   4.69893636E-03
   4446.5687267431440        2.72455104E-02   4.93269321E-03
   4448.0455620369685        2.50736754E-02   4.98010824E-03
   4449.5225792717911        4.20853570E-02   5.24823740E-03
   4450.9997783085164        2.11245567E-02   4.83866269E-03
   4452.4771590080500        2.04012338E-02   4.78741853E-03
   4453.9547212312973        3.19345780E-02   4.95959166E-03
   4455.4324648391612        1.95709709E-02   4.61402675E-03
   4456.9103896925481        3.17081138E-02   4.82377550E-03
   4458.3884956523616        2.31597349E-02   4.63581178E-03
   4459.8667825795092        2.55592763E-02   4.73901443E-03
   4461.3452503348926        2.84636822E-02   4.81143035E-03
   4462.8238987794193        2.35737972E-02   4.74048825E-03
   4464.3027277739911        3.36572826E-02   4.94485907E-03
   4465.7817371795163        2.38347519E-02   4.85037407E-03
   4467.2609268568976        1.17887473E-02   4.60586278E-03
   4468.7402966670425        1.89959276E-02   4.73978510E-03
   4470.2198464708508        2.35250574E-02   4.81226807E-03
   4471.6995761292328        1.89798120E-02   4.77025425E-03
   4473.1794855030912        1.00816479E-02   4.65660682E-03
   4474.6595744533306        1.49619244E-02   4.80604637E-03
   4476.1398428408556        2.56922618E-02   5.01994696E-03
   4477.6202905265709        2.32286900E-02   5.00087859E-03
   4479.1009173713837        2.39520464E-02   4.90985345E-03
   4480.5817232361969        1.90693401E-02   4.73503210E-03
   4482.0627079819151        2.38479469E-02   4.79423394E-03
   4483.5438714694446        1.84626542E-02   4.75634402E-03
   4485.0252135596893        3.28669772E-02   5.10418788E-03
   4486.5067341135546        3.49873602E-02   5.18785091E-03
   4487.9884329919441        1.62168220E-02   4.83832695E-03
   4489.4703100557654        2.65946034E-02   4.90685785E-03
   4490.9523651659201        2.10217051E-02   4.84145153E-03
   4492.4345981833148        2.22284272E-02   4.83885780E-03
   4493.9170089688560        1.88393593E-02   4.80931206E-03
   4495.3995973834453        2.71001048E-02   4.94844373E-03
   4496.8823632879894        2.30814498E-02   4.89013735E-03
   4498.3653065433937        1.79836415E-02   4.81110299E-03
   4499.8484270105619        2.24210564E-02   4.92621725E-03
   4501.3317245503986        2.67251469E-02   5.01822261E-03
   4502.8151990238102        3.01712584E-02   5.09058777E-03
   4504.2988502917005        1.95292998E-02   4.92879609E-03
   4505.7826782149750        2.93883793E-02   5.19686611E-03
   4507.2666826545383        1.94905642E-02   4.95034363E-03
   4508.7508634712949        1.78526547E-02   4.92939586E-03
   4510.2352205261514        1.95097588E-02   4.89620538E-03
   4511.7197536800095        2.38253325E-02   4.99264989E-03
   4513.2044627937767        2.35009976E-02   4.96458076E-03
   4514.6893477283566        2.30068341E-02   4.94299270E-03
   4516.1744083446556        2.78667491E-02   5.02125639E-03
   4517.6596445035766        3.10350228E-02   5.03993081E-03
   4519.1450560660260        2.49739289E-02   4.98034665E-03
   4520.6306428929083        2.66563725E-02   4.96386737E-03
   4522.1164048451283        2.44736075E-02   4.94173076E-03
   4523.6023417835895        2.30939556E-02   4.89998190E-03
   4525.0884535691994        1.95172485E-02   4.85005556E-03
   4526.5747400628625        1.70805492E-02   4.59227199E-03
   4528.0612011254816        2.50117276E-02   4.74396162E-03
   4529.5478366179623        2.47683786E-02   4.69393423E-03
   4531.0346464012109        2.41159983E-02   4.73803421E-03
   4532.5216303361321        1.96268428E-02   4.69704112E-03
   4534.0087882836278        2.65438538E-02   4.84617241E-03
   4535.4961201046071        3.37877199E-02   5.01704495E-03
   4536.9836256599729        1.21440655E-02   4.57805209E-03
   4538.4713048106287        2.10515987E-02   4.85815434E-03
   4539.9591574174819        2.02549379E-02   4.86584892E-03
   4541.4471833414364        2.54496913E-02   4.93445573E-03
   4542.9353824433965        2.48104725E-02   4.92213620E-03
   4544.4237545842670        2.87777148E-02   4.97949077E-03
   4545.9122996249544        1.76549610E-02   4.76086093E-03
   4547.4010174263612        1.78601611E-02   4.73643420E-03
   4548.8899078493951        1.98400076E-02   4.70408704E-03
   4550.3789707549595        2.22949777E-02   4.76914179E-03
   4551.8682060039582        2.25434471E-02   4.72727790E-03
   4553.3576134572986        2.05331352E-02   4.77074692E-03
   4554.8471929758825        2.55594291E-02   4.83481307E-03
   4556.3369444206182        2.04276107E-02   4.80817026E-03
   4557.8268676524076        2.89551765E-02   4.97544557E-03
   4559.3169625321580        2.47062147E-02   4.98006307E-03
   4560.8072289207730        1.74517538E-02   4.84297425E-03
   4562.2976666791565        1.38402386E-02   4.81283432E-03
   4563.7882756682147        3.22125666E-02   5.02344733E-03
   4565.2790557488534        2.49424260E-02   4.86034295E-03
   4566.7700067819760        1.75710116E-02   4.72870469E-03
   4568.2611286284873        2.77071372E-02   4.97028232E-03
   4569.7524211492928        2.68617906E-02   4.93848370E-03
   4571.2438842052979        1.47611694E-02   4.71054623E-03
   4572.7355176574056        2.66563240E-02   4.91107116E-03
   4574.2273213665230        2.72381809E-02   4.91907028E-03
   4575.7192951935531        1.96028762E-02   4.87761106E-03
   4577.2114389994031        1.97545085E-02   4.84219939E-03
   4578.7037526449758        2.15116162E-02   4.82348260E-03
   4580.1962359911759        1.85033698E-02   4.68002772E-03
   4581.6888888989106        2.95141265E-02   4.86115087E-03
   4583.1817112290828        2.35289615E-02   4.74850694E-03
   4584.6747028425980        2.39339191E-02   4.76455595E-03
   4586.1678636003608        2.92316377E-02   4.86576837E-03
   4587.6611933632767        1.84345488E-02   4.67544235E-03
   4589.1546919922494        2.53405869E-02   4.83471528E-03
   4590.6483593481853        2.39537824E-02   4.79864655E-03
   4592.1421952919891        2.48136967E-02   4.85165138E-03
   4593.6361996845644        3.38626243E-02   4.92831739E-03
   4595.1303723868177        2.74302643E-02   4.79029445E-03
   4596.6247132596518        2.53338367E-02   4.77831205E-03
   4598.1192221639740        2.72217859E-02   4.79009701E-03
   4599.6138989606870        1.71001703E-02   4.65770531E-03
   4601.1087435106965        2.58109495E-02   4.73934459E-03
   4602.6037556749088        2.78041251E-02   4.79922537E-03
   4604.0989353142268        2.73100734E-02   4.78708930E-03
   4605.5942822895558        1.89269185E-02   4.66725230E-03
   4607.0897964618025        3.71986069E-02   4.98701585E-03
   4608.5854776918695        2.57444959E-02   4.86779585E-03
   4610.0813258406624        1.53736537E-02   4.66580223E-03
   4611.5773407690867        1.92898158E-02   4.74218978E-03
   4613.0735223380461        1.57404095E-02   4.59914561E-03
   4614.5698704084471        2.44840719E-02   4.77633625E-03
   4616.0663848411932        2.86538024E-02   4.88767540E-03
   4617.5630654971901        1.94978826E-02   4.70062997E-03
   4619.0599122373415        2.18494497E-02   4.76657506E-03
   4620.5569249225537        2.62936167E-02   4.83227381E-03
   4622.0541034137314        2.08203141E-02   4.71052062E-03
   4623.5514475717791        1.89844035E-02   4.73042997E-03
   4625.0489572576007        2.40274724E-02   4.79551591E-03
   4626.5466323321034        2.01422684E-02   4.70789941E-03
   4628.0444726561900        2.02989448E-02   4.70900908E-03
   4629.5424780907670        1.58104375E-02   4.71960381E-03
   4631.0406484967370        2.48898547E-02   4.80688177E-03
   4632.5389837350076        1.91835258E-02   4.68206638E-03
   4634.0374836664823        2.51966864E-02   4.78329416E-03
   4635.5361481520658        1.93156730E-02   4.67186747E-03
   4637.0349770526636        2.25555971E-02   4.69323341E-03
   4638.5339702291803        2.44782381E-02   4.69584391E-03
   4640.0331275425206        1.63517762E-02   4.59770253E-03
   4641.5324488535898        2.68066898E-02   4.76659462E-03
   4643.0319340232918        2.20939573E-02   4.74478723E-03
   4644.5315829125338        2.47876104E-02   4.76186443E-03
   4646.0313953822188        2.31653322E-02   4.66332119E-03
   4647.5313712932511        2.58629899E-02   4.61102463E-03
   4649.0315105065365        2.48787049E-02   4.64806147E-03
   4650.5318128829795        2.82238610E-02   4.74387314E-03
   4652.0322782834864        1.99093837E-02   4.64585563E-03
   4653.5329065689612        2.14772988E-02   4.66059987E-03
   4655.0336976003091        2.13660169E-02   4.68327804E-03
   4656.5346512384340        1.91000812E-02   4.57454706E-03
   4658.0357673442404        1.77492332E-02   4.63241152E-03
   4659.5370457786357        2.49729753E-02   4.81325854E-03
   4661.0384864025218        1.94503367E-02   4.68697911E-03
   4662.5400890768060        2.13481691E-02   4.66563459E-03
   4664.0418536623929        2.02983636E-02   4.58913948E-03
   4665.5437800201844        2.26008054E-02   4.59747482E-03
   4667.0458680110896        2.94039045E-02   4.67483606E-03
   4668.5481174960105        2.52081472E-02   4.54112701E-03
   4670.0505283358534        2.26770788E-02   4.57152864E-03
   4671.5531003915230        2.46143453E-02   4.62767994E-03
   4673.0558335239230        2.65008640E-02   4.73854784E-03
   4674.5587275939597        1.94901247E-02   4.61735949E-03
   4676.0617824625378        2.14314498E-02   4.68576234E-03
   4677.5649979905620        2.37036571E-02   4.71672742E-03
   4679.0683740389377        2.04418190E-02   4.62060096E-03
   4680.5719104685677        2.70148348E-02   4.63841436E-03
   4682.0756071403584        2.43126806E-02   4.69119381E-03
   4683.5794639152155        1.85817778E-02   4.54523880E-03
   4685.0834806540424        3.04536708E-02   4.78590466E-03
   4686.5876572177458        2.32445113E-02   4.68855025E-03
   4688.0919934672274        2.87130754E-02   4.79212124E-03
   4689.5964892633956        2.33351532E-02   4.70059318E-03
   4691.1011444671531        3.10072284E-02   4.74894326E-03
   4692.6059589394063        2.47524641E-02   4.73973947E-03
   4694.1109325410589        2.13509966E-02   4.69040638E-03
   4695.6160651330156        1.22484509E-02   4.50006267E-03
   4697.1213565761827        3.08281165E-02   4.84301010E-03
   4698.6268067314631        3.30494121E-02   4.83033480E-03
   4700.1324154597642        2.38697827E-02   4.57151048E-03
   4701.6381826219886        2.37217061E-02   4.57743462E-03
   4703.1441080790428        2.29695998E-02   4.58576065E-03
   4704.6501916918296        7.61197228E-03   4.31010779E-03
   4706.1564333212564        1.87846124E-02   4.51239059E-03
   4707.6628328282268        1.83900092E-02   4.47553722E-03
   4709.1693900736454        1.95540860E-02   4.55982424E-03
   4710.6761049184179        1.95394661E-02   4.57490981E-03
   4712.1829772234487        2.23610643E-02   4.66635078E-03
   4713.6900068496425        1.54083725E-02   4.57556359E-03
   4715.1971936579057        2.25648098E-02   4.63196589E-03
   4716.7045375091420        1.76816043E-02   4.60084667E-03
   4718.2120382642543        2.38880888E-02   4.73266793E-03
   4719.7196957841506        2.47701611E-02   4.79363091E-03
   4721.2275099297349        1.37464721E-02   4.61778278E-03
   4722.7354805619116        2.49240845E-02   4.84627159E-03
   4724.2436075415853        2.62690224E-02   4.85742465E-03
   4725.7518907296626        1.76029764E-02   4.64855507E-03
   4727.2603299870461        2.31975019E-02   4.73726029E-03
   4728.7689251746424        2.23333985E-02   4.64120368E-03
   4730.2776761533551        2.56664790E-02   4.63713706E-03
   4731.7865827840897        1.93811115E-02   4.51464066E-03
   4733.2956449277517        2.36401018E-02   4.67929570E-03
   4734.8048624452458        2.44508013E-02   4.73824982E-03
   4736.3142351974766        2.51623690E-02   4.69017494E-03
   4737.8237630453486        1.52558107E-02   4.60873498E-03
   4739.3334458497666        2.39671562E-02   4.73232614E-03
   4740.8432834716359        1.84275992E-02   4.61305492E-03
   4742.3532757718613        2.53011975E-02   4.79658972E-03
   4743.8634226113481        2.11603865E-02   4.68986388E-03
   4745.3737238510012        2.13980619E-02   4.74727759E-03
   4746.8841793517240        2.40040533E-02   4.77181701E-03
   4748.3947889744231        2.24507004E-02   4.79676109E-03
   4749.9055525800031        3.31322961E-02   4.94024483E-03
   4751.4164700293686        1.40128341E-02   4.60461853E-03
   4752.9275411834242        2.07118448E-02   4.67482349E-03
   4754.4387659030754        1.94999762E-02   4.61303722E-03
   4755.9501440492268        2.16405038E-02   4.64766985E-03
   4757.4616754827821        1.94900781E-02   4.66370257E-03
   4758.9733600646487        1.83083955E-02   4.65163123E-03
   4760.4851976557293        1.61802191E-02   4.60068369E-03
   4761.9971881169304        2.03215163E-02   4.64343000E-03
   4763.5093313091556        1.73138715E-02   4.53404244E-03
   4765.0216270933106        2.78318878E-02   4.71489178E-03
   4766.5340753302999        1.80357751E-02   4.54097474E-03
   4768.0466758810280        1.93548147E-02   4.59022494E-03
   4769.5594286064015        2.28413120E-02   4.71400423E-03
   4771.0723333673232        1.33271171E-02   4.58621327E-03
   4772.5853900246975        2.02137474E-02   4.70527215E-03
   4774.0985984394329        2.00299621E-02   4.70530009E-03
   4775.6119584724311        2.34115776E-02   4.79982002E-03
   4777.1254699845977        1.70533266E-02   4.67108795E-03
   4778.6391328368372        1.87469572E-02   4.71640285E-03
   4780.1529468900562        2.66538616E-02   4.85576363E-03
   4781.6669120051574        2.41190493E-02   4.83326754E-03
   4783.1810280430482        1.79910939E-02   4.61703725E-03
   4784.6952948646303        2.80115642E-02   4.82535642E-03
   4786.2097123308113        1.22338813E-02   4.53842990E-03
   4787.7242803024956        1.77993383E-02   4.62281331E-03
   4789.2389986405869        2.23413557E-02   4.70120041E-03
   4790.7538672059900        1.79215036E-02   4.63220105E-03
   4792.2688858596121        2.47684699E-02   4.75643994E-03
   4793.7840544623559        2.61918511E-02   4.85635782E-03
   4795.2993728751271        2.95542423E-02   4.93872724E-03
   4796.8148409588302        1.22335944E-02   4.56790533E-03
   4798.3304585743708        3.06623727E-02   4.92135342E-03
   4799.8462255826535        1.23746926E-02   4.53378446E-03
   4801.3621418445809        1.74661353E-02   4.64403816E-03
   4802.8782072210624        1.68265160E-02   4.63652378E-03
   4804.3944215729998        1.78248622E-02   4.62563382E-03
   4805.9107847612986        2.13728417E-02   4.71305521E-03
   4807.4272966468625        1.56676285E-02   4.58676182E-03
   4808.9439570905997        1.56641807E-02   4.60093282E-03
   4810.4607659534122        2.00010054E-02   4.66861390E-03
   4811.9777230962054        2.37468481E-02   4.77401027E-03
   4813.4948283798849        1.25608658E-02   4.59748553E-03
   4815.0120816653553        1.74769126E-02   4.65473020E-03
   4816.5294828135211        1.94122028E-02   4.74351784E-03
   4818.0470316852870        1.04799615E-02   4.58038878E-03
   4819.5647281415586        2.24712454E-02   4.78333235E-03
   4821.0825720432413        1.85565762E-02   4.74102190E-03
   4822.6005632512388        1.62986480E-02   4.61087143E-03
   4824.1187016264557        2.32720152E-02   4.70663887E-03
   4825.6369870297976        1.79917701E-02   4.63339174E-03
   4827.1554193221700        2.37942766E-02   4.76565072E-03
   4828.6739983644775        1.44300321E-02   4.60020499E-03
   4830.1927240176246        9.47076455E-03   4.49885055E-03
   4831.7115961425161        1.88886318E-02   4.64322744E-03
   4833.2306146000574        1.73426382E-02   4.61234851E-03
   4834.7497792511522        2.86979657E-02   4.84262407E-03
   4836.2690899567069        1.52867083E-02   4.58331453E-03
   4837.7885465776244        2.63831988E-02   4.80005331E-03
   4839.3081489748129        2.68841628E-02   4.72846348E-03
   4840.8278970091742        2.58135293E-02   4.70224908E-03
   4842.3477905416148        1.95945017E-02   4.59721778E-03
   4843.8678294330384        1.75892357E-02   4.56614653E-03
   4845.3880135443505        1.99779533E-02   4.62036347E-03
   4846.9083427364567        2.65865494E-02   4.80109034E-03
   4848.4288168702606        2.07413491E-02   4.65121865E-03
   4849.9494358066677        2.36163568E-02   4.65346966E-03
   4851.4701994065836        2.50932164E-02   4.70214849E-03
   4852.9911075309119        2.77317110E-02   4.70207212E-03
   4854.5121600405582        1.90960634E-02   4.54793451E-03
   4856.0333567964271        2.39244793E-02   4.52134293E-03
   4857.5546976594242        2.37473678E-02   4.42786422E-03
   4859.0761824904530        3.29127572E-02   4.52923076E-03
   4860.5978111504201        2.77203098E-02   4.26312909E-03
   4862.1195835002291        2.14353912E-02   4.10401635E-03
   4863.6414994007855        2.10211053E-02   4.19557234E-03
   4865.1635587129940        1.86889432E-02   4.26309882E-03
   4866.6857612977583        2.53976695E-02   4.55134455E-03
   4868.2081070159857        2.07065754E-02   4.48337756E-03
   4869.7305957285798        3.12923789E-02   4.64620860E-03
   4871.2532272964454        2.34441422E-02   4.48861299E-03
   4872.7760015804879        2.18144991E-02   4.39769076E-03
   4874.2989184416110        2.48740986E-02   4.54252819E-03
   4875.8219777407203        2.55057570E-02   4.60896036E-03
   4877.3451793387221        2.30314918E-02   4.60396567E-03
   4878.8685230965184        2.84523014E-02   4.71215043E-03
   4880.3920088750165        1.56066427E-02   4.52084001E-03
   4881.9156365351209        2.35375725E-02   4.61585168E-03
   4883.4394059377355        1.86673570E-02   4.54017101E-03
   4884.9633169437657        1.27904760E-02   4.44272486E-03
   4886.4873694141161        1.75057203E-02   4.46143514E-03
   4888.0115632096931        2.61527896E-02   4.51989844E-03
   4889.5358981913987        2.14599762E-02   4.42562951E-03
   4891.0603742201401        1.84419770E-02   4.38687345E-03
   4892.5849911568230        2.56849490E-02   4.57486557E-03
   4894.1097488623491        1.88672394E-02   4.52160602E-03
   4895.6346471976267        1.85066126E-02   4.64465329E-03
   4897.1596860235577        1.69267152E-02   4.58953995E-03
   4898.6848652010485        1.45963756E-02   4.53271857E-03
   4900.2101845910047        1.11932047E-02   4.44335211E-03
   4901.7356440543290        1.96111128E-02   4.62712673E-03
   4903.2612434519278        3.07150614E-02   4.73789265E-03
   4904.7869826447059        2.21510064E-02   4.65158280E-03
   4906.3128614935686        1.95874069E-02   4.59741103E-03
   4907.8388798594196        2.91595645E-02   4.73373430E-03
   4909.3650376031646        2.00719927E-02   4.54819202E-03
   4910.8913345857081        3.03071272E-02   4.67840536E-03
   4912.4177706679566        1.76947154E-02   4.46748547E-03
   4913.9443457108118        2.11531334E-02   4.58310032E-03
   4915.4710595751812        2.24422384E-02   4.66124946E-03
   4916.9979121219694        1.50917210E-02   4.48038848E-03
   4918.5249032120801        2.71466188E-02   4.50849999E-03
   4920.0520327064196        1.80917289E-02   4.28016018E-03
   4921.5793004658908        1.61067937E-02   4.26297635E-03
   4923.1067063514001        1.69714745E-02   4.35541198E-03
   4924.6342502238531        2.04935074E-02   4.52206237E-03
   4926.1619319441525        2.97000222E-02   4.68374835E-03
   4927.6897513732047        2.15209424E-02   4.58226539E-03
   4929.2177083719153        1.91979371E-02   4.56291158E-03
   4930.7458028011870        1.78904105E-02   4.53202613E-03
   4932.2740345219263        2.45056432E-02   4.62092506E-03
   4933.8024033950378        1.67316440E-02   4.51677013E-03
   4935.3309092814261        2.85943653E-02   4.62948112E-03
   4936.8595520419967        2.64756363E-02   4.59839078E-03
   4938.3883315376534        2.12875418E-02   4.46782866E-03
   4939.9172476293015        2.26532128E-02   4.50346619E-03
   4941.4463001778458        2.60569621E-02   4.59676655E-03
   4942.9754890441927        2.84599811E-02   4.74416325E-03
   4944.5048140892450        2.01728940E-02   4.60427068E-03
   4946.0342751739090        2.16648653E-02   4.61923704E-03
   4947.5638721590876        2.22172309E-02   4.60487511E-03
   4949.0936049056891        1.51097327E-02   4.50123427E-03
   4950.6234732746152        1.81404594E-02   4.55923565E-03
   4952.1534771267725        1.50886429E-02   4.49356530E-03
   4953.6836163230655        1.65745448E-02   4.49152570E-03
   4955.2138907243980        1.48669314E-02   4.41497099E-03
   4956.7443001916763        2.84432862E-02   4.54869913E-03
   4958.2748445858060        1.99631210E-02   4.42622788E-03
   4959.8055237676890        2.26346813E-02   4.53324802E-03
   4961.3363375982335        2.14284640E-02   4.60423017E-03
   4962.8672859383414        1.92914661E-02   4.61476529E-03
   4964.3983686489200        2.59755440E-02   4.67952294E-03
   4965.9295855908740        1.40160536E-02   4.46735742E-03
   4967.4609366251070        2.08995268E-02   4.50497866E-03
   4968.9924216125246        2.08876170E-02   4.56858333E-03
   4970.5240404140313        3.17483619E-02   4.76178620E-03
   4972.0557928905328        1.89024787E-02   4.57052886E-03
   4973.5876789029326        1.61757879E-02   4.51283157E-03
   4975.1196983121363        1.38784265E-02   4.46934067E-03
   4976.6518509790494        1.67425796E-02   4.52103326E-03
   4978.1841367645757        2.05228291E-02   4.59621241E-03
   4979.7165555296224        1.42510841E-02   4.42388700E-03
   4981.2491071350914        2.12801732E-02   4.44340752E-03
   4982.7817914418883        1.82025041E-02   4.34349850E-03
   4984.3146083109195        2.09469199E-02   4.35861154E-03
   4985.8475576030887        1.96761861E-02   4.42843325E-03
   4987.3806391793005        2.17547789E-02   4.53928998E-03
   4988.9138529004613        1.97078381E-02   4.54050861E-03
   4990.4471986274739        2.70661097E-02   4.68880497E-03
   4991.9806762212447        1.95141286E-02   4.52081207E-03
   4993.5142855426784        2.44302712E-02   4.60533705E-03
   4995.0480264526796        2.67183930E-02   4.61173011E-03
   4996.5818988121537        2.69954894E-02   4.70357528E-03
   4998.1159024820045        2.21822094E-02   4.57520131E-03
   4999.6500373231374        1.83315277E-02   4.49083094E-03
   5001.1843031964581        1.90954823E-02   4.42058453E-03
   5002.7186999628702        2.87880078E-02   4.56268666E-03
   5004.2532274832793        2.76762694E-02   4.53412021E-03
   5005.7878856185898        2.09609009E-02   4.40264540E-03
   5007.3226742297074        2.08349843E-02   4.44971025E-03
   5008.8575931775358        2.35380512E-02   4.50955704E-03
   5010.3926423229823        2.40149554E-02   4.57634451E-03
   5011.9278215269496        2.58946363E-02   4.53019980E-03
   5013.4631306503425        2.93821357E-02   4.60676011E-03
   5014.9985695540663        2.55329106E-02   4.44955612E-03
   5016.5341380990267        1.70749743E-02   4.35033161E-03
   5018.0698361461282        1.82552841E-02   4.38952772E-03
   5019.6056635562745        2.39925534E-02   4.44594026E-03
   5021.1416201903721        1.92143787E-02   4.46947152E-03
   5022.6777059093247        2.33263485E-02   4.48994711E-03
   5024.2139205740386        2.99682245E-02   4.65182215E-03
   5025.7502640454168        2.99944710E-02   4.66669537E-03
   5027.2867361843664        2.13760734E-02   4.53224313E-03
   5028.8233368517904        3.40331718E-02   4.74178419E-03
   5030.3600659085942        2.12706719E-02   4.54589538E-03
   5031.8969232156824        3.14550065E-02   4.78459569E-03
   5033.4339086339623        2.91971788E-02   4.72313119E-03
   5034.9710220243351        2.72056516E-02   4.67125792E-03
   5036.5082632477079        1.79314967E-02   4.47548926E-03
   5038.0456321649854        2.19638310E-02   4.49529989E-03
   5039.5831286370722        1.89526547E-02   4.36401274E-03
   5041.1207525248728        2.41336040E-02   4.43175109E-03
   5042.6585036892920        2.02452149E-02   4.52417508E-03
   5044.1963819912362        1.79691240E-02   4.44674352E-03
   5045.7343872916090        2.27440130E-02   4.63418942E-03
   5047.2725194513150        2.59838402E-02   4.68181167E-03
   5048.8107783312607        2.92444099E-02   4.71471995E-03
   5050.3491637923489        2.14925800E-02   4.53857193E-03
   5051.8876756954860        2.40007769E-02   4.58302535E-03
   5053.4263139015766        2.61499006E-02   4.68404591E-03
   5054.9650782715244        2.46705543E-02   4.66793356E-03
   5056.5039686662358        1.81309432E-02   4.55271872E-03
   5058.0429849466154        2.10981295E-02   4.66837687E-03
   5059.5821269735679        2.34777890E-02   4.65387618E-03
   5061.1213946079979        1.38604855E-02   4.57447534E-03
   5062.6607877108117        2.12250762E-02   4.65919590E-03
   5064.2003061429114        2.01704167E-02   4.61105444E-03
   5065.7399497652041        2.50085853E-02   4.66227392E-03
   5067.2797184385936        3.17611918E-02   4.77237394E-03
   5068.8196120239854        2.68807150E-02   4.71569365E-03
   5070.3596303822842        2.50938684E-02   4.66613611E-03
   5071.8997733743963        1.74329802E-02   4.56226105E-03
   5073.4400408612237        1.90372728E-02   4.52302396E-03
   5074.9804327036736        3.37424502E-02   4.81743086E-03
   5076.5209487626498        3.12581398E-02   4.77328431E-03
   5078.0615888990578        2.67629325E-02   4.61090915E-03
   5079.6023529738022        2.16627233E-02   4.50105034E-03
   5081.1432408477876        2.36862320E-02   4.55378089E-03
   5082.6842523819187        2.07106359E-02   4.54179943E-03
   5084.2253874371017        2.11703461E-02   4.57675103E-03
   5085.7666458742406        3.13243717E-02   4.78746602E-03
   5087.3080275542397        1.40149221E-02   4.50879987E-03
   5088.8495323380048        2.06294656E-02   4.62002307E-03
   5090.3911600864403        2.43251156E-02   4.73880535E-03
   5091.9329106604509        2.66413465E-02   4.78935102E-03
   5093.4747839209440        2.09800545E-02   4.71197441E-03
   5095.0167797288204        2.10658517E-02   4.67690313E-03
   5096.5588979449876        2.78953742E-02   4.73919325E-03
   5098.1011384303492        1.71085373E-02   4.46616625E-03
   5099.6435010458117        1.82351209E-02   4.51231143E-03
   5101.1859856522788        1.75686702E-02   4.51021595E-03
   5102.7285921106550        2.08321922E-02   4.62638820E-03
   5104.2713202818468        2.72185672E-02   4.74983780E-03
   5105.8141700267570        2.12923940E-02   4.61593363E-03
   5107.3571412062920        2.14054156E-02   4.58253548E-03
   5108.9002336813564        2.01905016E-02   4.52513015E-03
   5110.4434473128549        2.13091616E-02   4.61271778E-03
   5111.9867819616920        1.53252054E-02   4.50264011E-03
   5113.5302374887733        2.54509188E-02   4.75083385E-03
   5115.0738137550034        1.69938076E-02   4.58872877E-03
   5116.6175106212877        2.95965821E-02   4.81868209E-03
   5118.1613279485309        2.51014773E-02   4.83562099E-03
   5119.7052655976368        2.89977081E-02   4.78404295E-03
   5121.2493234295116        2.80186124E-02   4.75241570E-03
   5122.7935013050592        2.53895354E-02   4.66299057E-03
   5124.3377990851841        1.56926438E-02   4.48688678E-03
   5125.8822166307928        2.51465105E-02   4.63155238E-03
   5127.4267538027898        1.97536275E-02   4.55802446E-03
   5128.9714104620798        2.87768170E-02   4.66701621E-03
   5130.5161864695665        1.83672924E-02   4.57056193E-03
   5132.0610816861563        1.66653432E-02   4.52889549E-03
   5133.6060959727529        1.76927429E-02   4.58425889E-03
   5135.1512291902627        1.50408689E-02   4.50616842E-03
   5136.6964811995895        1.95739157E-02   4.58265888E-03
   5138.2418518616387        1.21414755E-02   4.40434320E-03
   5139.7873410373149        2.11494397E-02   4.50838450E-03
   5141.3329485875229        2.12699808E-02   4.59518190E-03
   5142.8786743731680        2.31864396E-02   4.59261192E-03
   5144.4245182551531        1.27575174E-02   4.40725172E-03
   5145.9704800943864        1.82093754E-02   4.52072080E-03
   5147.5165597517707        2.44556665E-02   4.67362953E-03
   5149.0627570882116        1.54732643E-02   4.49900609E-03
   5150.6090719646136        1.48843452E-02   4.46159532E-03
   5152.1555042418822        2.66794469E-02   4.72688023E-03
   5153.7020537809212        1.96535606E-02   4.56964690E-03
   5155.2487204426361        2.09578741E-02   4.63599758E-03
   5156.7955040879315        2.94440407E-02   4.80241841E-03
   5158.3424045777128        2.37319060E-02   4.74556070E-03
   5159.8894217728848        1.84437968E-02   4.59369505E-03
   5161.4365555343520        2.50412934E-02   4.66332166E-03
   5162.9838057230209        2.50771642E-02   4.73670755E-03
   5164.5311721997932        1.92746725E-02   4.43671830E-03
   5166.0786548255755        2.05935147E-02   4.30409331E-03
   5167.6262534612742        2.84852181E-02   4.38858801E-03
   5169.1739679677930        3.08282021E-02   4.47483361E-03
   5170.7217982060356        2.99806762E-02   4.40918421E-03
   5172.2697440369075        2.67988052E-02   4.34195669E-03
   5173.8178053213151        2.30693873E-02   4.37189266E-03
   5175.3659819201612        2.54857931E-02   4.50369949E-03
   5176.9142736943513        1.36072580E-02   4.48577246E-03
   5178.4626805047919        2.50333492E-02   4.75089671E-03
   5180.0112022123858        2.81867702E-02   4.81799059E-03
   5181.5598386780384        2.49161925E-02   4.52175178E-03
   5183.1085897626563        2.07108203E-02   4.30058269E-03
   5184.6574553271412        2.72019245E-02   4.32250416E-03
   5186.2064352324005        2.38725916E-02   4.45588538E-03
   5187.7555293393389        2.17357334E-02   4.57752403E-03
   5189.3047375088599        1.94195956E-02   4.58839908E-03
   5190.8540596018702        2.62000505E-02   4.65420075E-03
   5192.4034954792724        1.88548788E-02   4.54106601E-03
   5193.9530450019738        2.51561571E-02   4.57283342E-03
   5195.5027080308782        2.47169975E-02   4.67986567E-03
   5197.0524844268894        1.83639154E-02   4.59605595E-03
   5198.6023740509136        2.52320543E-02   4.77115950E-03
   5200.1523767638564        2.12793779E-02   4.72301710E-03
   5201.7024924266216        2.48768888E-02   4.79480531E-03
   5203.2527209001128        1.99287403E-02   4.63864906E-03
   5204.8030620452373        2.60133240E-02   4.70854249E-03
   5206.3535157228989        3.03208269E-02   4.69988957E-03
   5207.9040817940031        2.30884235E-02   4.58580442E-03
   5209.4547601194545        2.34336089E-02   4.60280990E-03
   5211.0055505601558        1.70886051E-02   4.56124172E-03
   5212.5564529770154        2.38156039E-02   4.74410411E-03
   5214.1074672309360        2.90984251E-02   4.78339847E-03
   5215.6585931828240        2.19306834E-02   4.66669956E-03
   5217.2098306935823        2.32655890E-02   4.64975601E-03
   5218.7611796241181        2.26819105E-02   4.68703778E-03
   5220.3126398353343        2.40258221E-02   4.77418164E-03
   5221.8642111881363        2.12291349E-02   4.70842142E-03
   5223.4158935434307        1.93422604E-02   4.62989602E-03
   5224.9676867621192        2.45387442E-02   4.64823004E-03
   5226.5195907051093        1.66778043E-02   4.38312674E-03
   5228.0716052333046        1.93490628E-02   4.48014680E-03
   5229.6237302076106        1.99069455E-02   4.55149775E-03
   5231.1759654889329        2.17281636E-02   4.61331336E-03
   5232.7283109381742        1.93465445E-02   4.60235542E-03
   5234.2807664162410        1.95946880E-02   4.55996720E-03
   5235.8333317840388        1.83374286E-02   4.59041353E-03
   5237.3860069024704        3.53938304E-02   4.96617751E-03
   5238.9387916324422        2.42642891E-02   4.80933907E-03
   5240.4916858348597        2.38931645E-02   4.79685795E-03
   5242.0446893706257        1.08805215E-02   4.55683796E-03
   5243.5978021006458        2.64669117E-02   4.81486041E-03
   5245.1510238858264        2.39653233E-02   4.77985991E-03
   5246.7043545870702        2.54655667E-02   4.81746113E-03
   5248.2577940652836        1.88394152E-02   4.61297715E-03
   5249.8113421813714        3.02162487E-02   4.84746648E-03
   5251.3649987962381        2.06110235E-02   4.70173499E-03
   5252.9187637707892        2.29426064E-02   4.75327577E-03
   5254.4726369659274        2.01198645E-02   4.65169409E-03
   5256.0266182425603        2.24352684E-02   4.69850516E-03
   5257.5807074615914        2.16906779E-02   4.73880023E-03
   5259.1349044839262        2.85194907E-02   4.88638831E-03
   5260.6892091704694        1.87828317E-02   4.70603956E-03
   5262.2436213821256        2.31860261E-02   4.62696794E-03
   5263.7981409797994        1.72512028E-02   4.41935938E-03
   5265.3527678243954        2.39365250E-02   4.51985002E-03
   5266.9075017768209        2.72098500E-02   4.55945963E-03
   5268.4623426979788        1.94167402E-02   4.45461459E-03
   5270.0172904487727        1.97610483E-02   4.39422578E-03
   5271.5723448901108        1.65061653E-02   4.40180209E-03
   5273.1275058828969        1.95941199E-02   4.54624835E-03
   5274.6827732880338        2.00881474E-02   4.64810897E-03
   5276.2381469664278        1.73812099E-02   4.64437762E-03
   5277.7936267789846        2.16750074E-02   4.77669202E-03
   5279.3492125866078        1.62842143E-02   4.60982369E-03
   5280.9049042502029        2.25960650E-02   4.78316331E-03
   5282.4607016306745        3.42742242E-02   4.92391270E-03
   5284.0166045889282        2.90902127E-02   4.81720082E-03
   5285.5726129858685        2.39414126E-02   4.77938680E-03
   5287.1287266823992        2.15401687E-02   4.81889211E-03
   5288.6849455394276        2.14660577E-02   4.82161483E-03
   5290.2412694178556        1.62430257E-02   4.72742273E-03
   5291.7976981785896        2.98786163E-02   4.93501313E-03
   5293.3542316825369        2.56616175E-02   4.91638994E-03
   5294.9108697905976        1.42622637E-02   4.68071690E-03
   5296.4676123636800        2.16773544E-02   4.75036306E-03
   5298.0244592626877        2.74584126E-02   4.80374275E-03
   5299.5814103485263        1.99493039E-02   4.57803253E-03
   5301.1384654820995        2.00726558E-02   4.72455379E-03
   5302.6956245243127        2.23120786E-02   4.79064323E-03
   5304.2528873360716        2.31517591E-02   4.83119581E-03
   5305.8102537782806        2.19276100E-02   4.87165153E-03
   5307.3677237118445        2.76343226E-02   4.86617675E-03
   5308.9252969976687        1.67705659E-02   4.74855304E-03
   5310.4829734966561        1.53819090E-02   4.75370046E-03
   5312.0407530697148        2.59289872E-02   4.99689160E-03
   5313.5986355777468        2.48209443E-02   4.94009675E-03
   5315.1566208816594        1.52311809E-02   4.71604150E-03
   5316.7147088423553        1.90602615E-02   4.75607440E-03
   5318.2728993207402        2.19358765E-02   4.77774441E-03
   5319.8311921777185        1.83193572E-02   4.73836344E-03
   5321.3895872741959        1.29023092E-02   4.62975586E-03
   5322.9480844710788        3.25740464E-02   5.03698224E-03
   5324.5066836292690        2.11577564E-02   4.76309564E-03
   5326.0653846096729        2.59959623E-02   4.76201670E-03
   5327.6241872731953        3.21564712E-02   4.92093060E-03
   5329.1830914807415        2.68977433E-02   4.73455805E-03
   5330.7420970932153        1.84699409E-02   4.67716623E-03
   5332.3012039715222        1.77408569E-02   4.73143347E-03
   5333.8604119765678        1.69168729E-02   4.76319902E-03
   5335.4197209692556        1.59253702E-02   4.75843297E-03
   5336.9791308104905        2.26548053E-02   4.89247451E-03
   5338.5386413611795        2.09359452E-02   4.74741729E-03
   5340.0982524822257        2.33742259E-02   4.78576170E-03
   5341.6579640345344        1.86969582E-02   4.68141632E-03
   5343.2177758790094        1.59797966E-02   4.65339841E-03
   5344.7776878765580        1.85069721E-02   4.78937197E-03
   5346.3376998880822        2.38798708E-02   4.87900712E-03
   5347.8978117744900        2.34177615E-02   4.81004128E-03
   5349.4580233966835        2.86285430E-02   4.95763961E-03
   5351.0183346155691        2.07853373E-02   4.77397861E-03
   5352.5787452920513        2.49307901E-02   4.96636843E-03
   5354.1392552870357        3.00827548E-02   5.06609213E-03
   5355.6998644614259        1.66916009E-02   4.81158448E-03
   5357.2605726761276        2.26826482E-02   4.97773662E-03
   5358.8213797920453        2.47555710E-02   5.05194720E-03
   5360.3822856700845        1.62349958E-02   4.81436029E-03
   5361.9432901711489        3.21206562E-02   5.07457554E-03
   5363.5043931561449        1.73450243E-02   4.74665407E-03
   5365.0655944859773        2.30394360E-02   4.87219077E-03
   5366.6268940215496        2.36799233E-02   4.84068366E-03
   5368.1882916237664        2.61505973E-02   4.85388329E-03
   5369.7497871535352        2.34015267E-02   4.80210548E-03
   5371.3113804717586        2.15220228E-02   4.73924074E-03
   5372.8730714393423        2.38754619E-02   4.84272093E-03
   5374.4348599171908        2.60493215E-02   4.96580964E-03
   5375.9967457662087        2.15019621E-02   4.93056513E-03
   5377.5587288473034        1.92581583E-02   4.81239613E-03
   5379.1208090213768        2.12445501E-02   4.82037198E-03
   5380.6829861493343        2.20187008E-02   4.85739531E-03
   5382.2452600920824        1.72841977E-02   4.76506772E-03
   5383.8076307105248        2.19699088E-02   4.87469789E-03
   5385.3700978655652        2.12992020E-02   4.85266699E-03
   5386.9326614181109        1.83336455E-02   4.80727479E-03
   5388.4953212290648        1.87216997E-02   4.85497108E-03
   5390.0580771593341        2.09004097E-02   4.87386063E-03
   5391.6209290698207        1.13390200E-02   4.61709686E-03
   5393.1838768214320        2.38091070E-02   4.84378729E-03
   5394.7469202750717        2.00743955E-02   4.76728100E-03
   5396.3100592916444        2.08532680E-02   4.73453151E-03
   5397.8732937320565        2.37119310E-02   4.80459398E-03
   5399.4366234572117        2.14181114E-02   4.73335711E-03
   5401.0000483280146        1.96271650E-02   4.78308694E-03
   5402.5635682053708        2.10397281E-02   4.79692267E-03
   5404.1271829501848        2.63278522E-02   4.83927550E-03
   5405.6908924233621        1.38573414E-02   4.54485184E-03
   5407.2546964858066        1.46445539E-02   4.64623468E-03
   5408.8185949984236        2.30439547E-02   4.76160087E-03
   5410.3825878221178        2.14822683E-02   4.75563481E-03
   5411.9466748177956        2.35711318E-02   4.89096669E-03
   5413.5108558463598        2.31201742E-02   4.85552382E-03
   5415.0751307687169        2.71042306E-02   4.94787004E-03
   5416.6394994457696        2.84494814E-02   4.98308288E-03
   5418.2039617384262        2.49045715E-02   4.94690705E-03
   5419.7685175075876        2.10356936E-02   4.88247490E-03
   5421.3331666141621        2.23940555E-02   4.86762542E-03
   5422.8979089190525        2.12154426E-02   4.82801441E-03
   5424.4627442831652        2.02996507E-02   4.81647160E-03
   5426.0276725674039        1.97977759E-02   4.79934271E-03
   5427.5926936326741        1.55216185E-02   4.73391218E-03
   5429.1578073398805        2.53521707E-02   4.91363276E-03
   5430.7230135499267        1.72988120E-02   4.77477396E-03
   5432.2883121237210        1.88539401E-02   4.76603536E-03
   5433.8537029221634        2.19402276E-02   4.82119154E-03
   5435.4191858061640        2.30424348E-02   4.86195646E-03
   5436.9847606366238        2.70025488E-02   4.93734796E-03
   5438.5504272744502        3.07241660E-02   5.10339811E-03
   5440.1161855805458        1.79324280E-02   4.90233488E-03
   5441.6820354158172        2.90858187E-02   5.10983588E-03
   5443.2479766411689        1.92855168E-02   4.85036476E-03
   5444.8140091175046        1.20931482E-02   4.68581496E-03
   5446.3801327057317        1.98941659E-02   4.76666726E-03
   5447.9463472667530        2.14869436E-02   4.87508858E-03
   5449.5126526614740        1.15250219E-02   4.73140832E-03
   5451.0790487507993        2.64531653E-02   5.09222643E-03
   5452.6455353956344        1.72235798E-02   4.84465947E-03
   5454.2121124568839        2.46296637E-02   4.94084042E-03
   5455.7787797954525        2.53310651E-02   4.95179044E-03
   5457.3455372722456        2.10023634E-02   4.91605466E-03
   5458.9123847481678        1.42898690E-02   4.81636077E-03
   5460.4793220841229        1.49713950E-02   4.83294809E-03
   5462.0463491410173        1.65930614E-02   4.83483868E-03
   5463.6134657797556        3.22645344E-02   5.09589026E-03
   5465.1806718612424        1.98383406E-02   4.83609876E-03
   5466.7479672463833        2.45653950E-02   4.95397951E-03
   5468.3153517960809        1.39211547E-02   4.78489418E-03
   5469.8828253712427        2.12933421E-02   5.00249444E-03
   5471.4503878327732        2.23849751E-02   4.98020137E-03
   5473.0180390415762        1.53703662E-02   4.79499577E-03
   5474.5857788585581        1.95053816E-02   4.80990019E-03
   5476.1536071446217        1.25460690E-02   4.64691501E-03
   5477.7215237606724        1.89691577E-02   4.79477551E-03
   5479.2895285676168        1.57159939E-02   4.75842319E-03
   5480.8576214263576        1.70082655E-02   4.86963941E-03
   5482.4258021978021        1.79469381E-02   4.88426257E-03
   5483.9940707428532        1.96477436E-02   4.92554717E-03
   5485.5624269224163        2.52603013E-02   5.05874399E-03
   5487.1308705973961        2.44525354E-02   5.03906421E-03
   5488.6994016286981        2.80124582E-02   5.09528583E-03
   5490.2680198772277        2.20717248E-02   4.92107123E-03
   5491.8367252038879        1.49086211E-02   4.87561105E-03
   5493.4055174695850        2.38431562E-02   5.02726156E-03
   5494.9743965352236        1.54392254E-02   4.87953331E-03
   5496.5433622617084        2.52438150E-02   5.01827430E-03
   5498.1124145099438        2.85835955E-02   5.15775662E-03
   5499.6815531408365        2.10054703E-02   4.94277244E-03
   5501.2507780152901        1.85662229E-02   4.91120387E-03
   5502.8200889942091        2.10790280E-02   4.96474979E-03
   5504.3894859384991        2.88394187E-02   5.10641932E-03
   5505.9589687090647        1.25046307E-02   4.77777282E-03
   5507.5285371668106        1.72161777E-02   4.87380615E-03
   5509.0981911726431        1.83034018E-02   4.95309243E-03
   5510.6679305874641        1.48367565E-02   4.81189322E-03
   5512.2377552721819        1.52425282E-02   4.82879998E-03
   5513.8076650876983        1.58408079E-02   4.86375019E-03
   5515.3776598949207        1.62538942E-02   4.85262275E-03
   5516.9477395547528        2.98823453E-02   5.17783640E-03
   5518.5179039281002        2.68717054E-02   5.12103271E-03
   5520.0881528758655        1.19269397E-02   4.85086814E-03
   5521.6584862589571        2.91542560E-02   5.18990401E-03
   5523.2289039382777        2.29350198E-02   5.04672155E-03
   5524.7994057747328        3.03999037E-02   5.21452632E-03
   5526.3699916292271        1.98569112E-02   4.89510549E-03
   5527.9406613626652        2.31811907E-02   4.93072439E-03
   5529.5114148359517        2.67191287E-02   5.05441381E-03
   5531.0822519099929        1.91573016E-02   4.98465402E-03
   5532.6531724456927        2.59092655E-02   5.14059421E-03
   5534.2241763039556        2.66912468E-02   5.17907646E-03
   5535.7952633456871        2.55625509E-02   5.08870697E-03
   5537.3664334317928        2.62862407E-02   5.09319082E-03
   5538.9376864231763        1.75936446E-02   4.96994052E-03
   5540.5090221807432        1.85536388E-02   4.93387086E-03
   5542.0804405653980        1.96166653E-02   5.03106508E-03
   5543.6519414380464        2.22395826E-02   5.13129728E-03
   5545.2235246595919        2.39862166E-02   5.12140291E-03
   5546.7951900909402        1.70654859E-02   5.01716416E-03
   5548.3669375929967        2.33391691E-02   5.13272034E-03
   5549.9387670266651        2.35848296E-02   5.10435551E-03
   5551.5106782528510        2.18712557E-02   5.06713707E-03
   5553.0826711324598        1.90619640E-02   5.06172515E-03
   5554.6547455263953        2.72562709E-02   5.13878511E-03
   5556.2269012955639        2.39677355E-02   5.09446952E-03
   5557.7991383008675        2.18778029E-02   5.06424671E-03
   5559.3714564032143        1.85782760E-02   5.00222482E-03
   5560.9438554635071        3.00671719E-02   5.22367517E-03
   5562.5163353426524        2.40538400E-02   5.13817696E-03
   5564.0888959015538        2.53745597E-02   5.07385936E-03
   5565.6615370011159        1.73136052E-02   4.98156203E-03
   5567.2342585022443        3.12910788E-02   5.25385374E-03
   5568.8070602658454        1.77739244E-02   4.98017017E-03
   5570.3799421528220        1.27632171E-02   4.82301321E-03
   5571.9529040240786        2.36531906E-02   5.13648894E-03
   5573.5259457405227        2.12782808E-02   5.15314005E-03
   5575.0990671630561        1.09563749E-02   8.32070969E-03
   5576.6722681525853        7.23370351E-04   1.08519746E-02
   5578.2455485700148        4.37265076E-02   1.15926322E-02
   5579.8189082762510        3.54923382E-02   1.05129285E-02
   5581.3923471321959        4.88036824E-03   6.44329051E-03
   5582.9658649987568        1.37345651E-02   5.13149938E-03
   5584.5394617368383        1.80030316E-02   5.01316553E-03
   5586.1131372073432        2.39569452E-02   5.05911186E-03
   5587.6868912711789        1.66658238E-02   4.94818343E-03
   5589.2607237892498        2.01931447E-02   4.95224399E-03
   5590.8346346224607        2.14311220E-02   5.00062434E-03
   5592.4086236317144        1.99901257E-02   5.01309289E-03
   5593.9826906779181        2.41223630E-02   5.08360099E-03
   5595.5568356219765        2.19662301E-02   5.09107113E-03
   5597.1310583247932        1.77294891E-02   5.01790456E-03
   5598.7053586472748        2.19917372E-02   5.08505385E-03
   5600.2797364503258        1.03738653E-02   4.82620113E-03
   5601.8541915948490        1.66412648E-02   4.92163561E-03
   5603.4287239417527        1.95545945E-02   5.02123917E-03
   5605.0033333519386        1.90136023E-02   5.07963356E-03
   5606.5780196863143        2.02094186E-02   5.17317234E-03
   5608.1527828057815        2.77022794E-02   5.32451086E-03
   5609.7276225712485        2.23731417E-02   5.20612439E-03
   5611.3025388436181        1.36459777E-02   5.02617843E-03
   5612.8775314837958        1.84921902E-02   5.14340866E-03
   5614.4526003526862        2.41698734E-02   5.07958652E-03
   5616.0277453111948        1.31195830E-02   4.91720578E-03
   5617.6029662202254        2.02349946E-02   5.03371703E-03
   5619.1782629406853        2.09249277E-02   5.17412182E-03
   5620.7536353334754        3.67790423E-02   5.45200007E-03
   5622.3290832595048        2.48576812E-02   5.21688676E-03
   5623.9046065796756        1.53029934E-02   5.06559992E-03
   5625.4802051548941        1.62747055E-02   5.04265493E-03
   5627.0558788460639        2.01506075E-02   5.15951542E-03
   5628.6316275140916        1.53631466E-02   5.06222900E-03
   5630.2074510198790        2.13502347E-02   5.21630049E-03
   5631.7833492243353        2.23131161E-02   5.26408060E-03
   5633.3593219883614        2.81782094E-02   5.36188483E-03
   5634.9353691728656        2.48365272E-02   5.23480168E-03
   5636.5114906387507        2.11861786E-02   5.12664346E-03
   5638.0876862469213        2.05645170E-02   5.20852720E-03
   5639.6639558582838        2.78661810E-02   5.31617971E-03
   5641.2402993337428        2.65425220E-02   5.33640478E-03
   5642.8167165342020        1.73967406E-02   5.15301479E-03
   5644.3932073205660        1.99281592E-02   5.21050813E-03
   5645.9697715537422        2.96519324E-02   5.40517969E-03
   5647.5464090946334        1.25965560E-02   5.06580481E-03
   5649.1231198041451        2.77652740E-02   5.36029926E-03
   5650.6999035431818        2.08795816E-02   5.23767108E-03
   5652.2767601726491        2.34430488E-02   6.24313671E-03
   5653.8536895534517        1.04656331E-02   4.92425775E-03
   5655.4306915464940        1.89663470E-02   5.13665751E-03
   5657.0077660126808        2.71607023E-02   5.23938704E-03
   5658.5849128129194        2.03660280E-02   5.11491671E-03
   5660.1621318081106        1.77115686E-02   5.10256924E-03
   5661.7394228591611        2.35920977E-02   5.19612012E-03
   5663.3167858269771        2.08878852E-02   5.18496428E-03
   5664.8942205724625        1.61568336E-02   5.11397887E-03
   5666.4717269565226        1.79986861E-02   5.15773566E-03
   5668.0493048400604        2.58466434E-02   5.33684902E-03
   5669.6269540839830        2.54807882E-02   5.35599841E-03
   5671.2046745491944        2.70006862E-02   5.40888775E-03
   5672.7824660965998        1.99760664E-02   5.21695334E-03
   5674.3603285871040        2.01265030E-02   5.27572725E-03
   5675.9382618816117        1.36109842E-02   5.16704330E-03
   5677.5162658410263        1.91168059E-02   5.29370504E-03
   5679.0943403262563        1.89149175E-02   5.24293026E-03
   5680.6724851982035        2.39587743E-02   5.28841000E-03
   5682.2507003177734        2.95940470E-02   5.41108334E-03
   5683.8289855458715        1.38058504E-02   5.04014501E-03
   5685.4073407434034        1.62021909E-02   5.17142937E-03
   5686.9857657712728        2.26474255E-02   5.30839292E-03
   5688.5642604903851        2.22109817E-02   5.26935467E-03
   5690.1428247616441        1.75469257E-02   5.16944472E-03
   5691.7214584459552        3.00568808E-02   5.44830877E-03
   5693.3001614042241        1.90078989E-02   5.27341571E-03
   5694.8789334973562        1.71719771E-02   5.28474897E-03
   5696.4577745862543        1.35851102E-02   5.15986700E-03
   5698.0366845318240        3.23251337E-02   5.51762059E-03
   5699.6156631949716        2.08656844E-02   5.27226785E-03
   5701.1947104366009        1.58413965E-02   5.16265910E-03
   5702.7738261176164        1.54392980E-02   5.16942656E-03
   5704.3530100989237        2.23007519E-02   5.35836257E-03
   5705.9322622414275        2.37094704E-02   5.28873596E-03
   5707.5115824060322        2.77735982E-02   5.40766632E-03
   5709.0909704536434        2.15676352E-02   5.23565942E-03
   5710.6704262451649        2.54876334E-02   5.33332955E-03
   5712.2499496415039        1.61070917E-02   5.11940429E-03
   5713.8295405035624        1.77353527E-02   5.19171916E-03
   5715.4091986922476        2.12203488E-02   5.29832672E-03
   5716.9889240684633        2.32596658E-02   5.39027900E-03
   5718.5687164931142        1.90743394E-02   5.28771942E-03
   5720.1485758271056        1.85915157E-02   5.34835830E-03
   5721.7285019313422        1.95723455E-02   5.38188405E-03
   5723.3084946667286        2.27200706E-02   5.39141521E-03
   5724.8885538941704        1.43210785E-02   5.26810763E-03
   5726.4686794745730        2.13305224E-02   5.43389935E-03
   5728.0488712688393        1.33103654E-02   5.22204489E-03
   5729.6291291378766        2.87351534E-02   5.56731364E-03
   5731.2094529425876        2.45706290E-02   5.49782161E-03
   5732.7898425438780        1.49322879E-02   5.24198636E-03
   5734.3702978026531        1.19593330E-02   5.22011053E-03
   5735.9508185798177        2.67003234E-02   5.57881501E-03
   5737.5314047362763        2.34434549E-02   5.38718048E-03
   5739.1120561329335        2.39822045E-02   5.46484580E-03
   5740.6927726306949        2.51550153E-02   5.51335700E-03
   5742.2735540904650        1.26066664E-02   5.23670809E-03
   5743.8544003731495        1.59305558E-02   5.32806292E-03
   5745.4353113396528        1.44442860E-02   5.31223370E-03
   5747.0162868508796        3.30244377E-02   5.62132429E-03
   5748.5973267677327        1.40575916E-02   5.25072915E-03
   5750.1784309511213        2.87407152E-02   5.52371237E-03
   5751.7595992619472        2.53713392E-02   5.42683108E-03
   5753.3408315611159        2.10087411E-02   5.36470348E-03
   5754.9221277095339        1.29031604E-02   5.21796849E-03
   5756.5034875681040        2.34317221E-02   5.37551427E-03
   5758.0849109977316        2.44598556E-02   5.51056350E-03
   5759.6663978593224        1.55594591E-02   5.30109694E-03
   5761.2479480137799        2.59622410E-02   5.52436663E-03
   5762.8295613220098        2.98057292E-02   5.49146952E-03
   5764.4112376449166        3.08562405E-02   5.60795050E-03
   5765.9929768434076        2.42001917E-02   5.50756557E-03
   5767.5747787783839        1.34175345E-02   5.33100031E-03
   5769.1566433107519        1.91067439E-02   5.45644714E-03
   5770.7385703014179        1.89946201E-02   5.38853882E-03
   5772.3205596112848        1.89813171E-02   5.42209251E-03
   5773.9026111012590        2.09456719E-02   5.33835031E-03
   5775.4847246322443        2.24364903E-02   5.47907129E-03
   5777.0669000651460        1.89223085E-02   5.42330602E-03
   5778.6491372608680        4.60560527E-03   5.05333301E-03
   5780.2314360803175        1.70032810E-02   5.28253010E-03
   5781.8137963843965        1.83080379E-02   5.29942662E-03
   5783.3962180340131        1.71508249E-02   5.21995267E-03
   5784.9787008900694        1.73842497E-02   5.28632570E-03
   5786.5612448134725        2.13019419E-02   5.38566010E-03
   5788.1438496651253        2.17825789E-02   5.44176018E-03
   5789.7265153059343        1.56548750E-02   5.33131417E-03
   5791.3092415968040        2.28805747E-02   5.39628323E-03
   5792.8920283986372        2.03129426E-02   5.39940037E-03
   5794.4748755723422        2.18778253E-02   5.52327372E-03
   5796.0577829788208        2.10976601E-02   5.43829659E-03
   5797.6407504789804        2.42496878E-02   5.57296537E-03
   5799.2237779337256        2.55738758E-02   5.57702361E-03
   5800.8068652039583        2.54303664E-02   5.57896681E-03
   5802.3900121505876        1.58025566E-02   5.36589697E-03
   5803.9732186345145        2.13685241E-02   5.48487809E-03
   5805.5564845166464        8.58603325E-03   5.21468697E-03
   5807.1398096578887        1.78466924E-02   5.31806191E-03
   5808.7231939191443        2.95366477E-02   5.63103845E-03
   5810.3066371613186        2.90508196E-02   5.63158607E-03
   5811.8901392453181        1.83282811E-02   5.49452938E-03
   5813.4737000320456        1.56849250E-02   5.39160008E-03
   5815.0573193824066        1.90313905E-02   5.42580197E-03
   5816.6409971573057        1.09780021E-02   5.29556861E-03
   5818.2247332176494        1.37749854E-02   5.36890980E-03
   5819.8085274243404        2.40815673E-02   5.60310297E-03
   5821.3923796382851        2.31537782E-02   5.61202830E-03
   5822.9762897203873        2.66695358E-02   5.56010939E-03
   5824.5602575315534        2.67258678E-02   5.66108944E-03
   5826.1442829326870        1.35883084E-02   5.35337115E-03
   5827.7283657846929        2.10457537E-02   5.53153222E-03
   5829.3125059484782        1.34020885E-02   5.42324409E-03
   5830.8967032849441        3.10760066E-02   5.76274190E-03
   5832.4809576549987        2.58314069E-02   5.58352889E-03
   5834.0652689195449        7.82031752E-03   5.26059465E-03
   5835.6496369394890        1.94327459E-02   5.51652256E-03
   5837.2340615757348        2.59821974E-02   5.68063743E-03
   5838.8185426891869        1.47029161E-02   5.42981224E-03
   5840.4030801407525        2.10806634E-02   5.58917364E-03
   5841.9876737913346        2.65365317E-02   5.69212437E-03
   5843.5723235018377        3.42165940E-02   5.82847930E-03
   5845.1570291331673        1.98164470E-02   5.59004163E-03
   5846.7417905462280        2.58666500E-02   5.69064450E-03
   5848.3266076019263        1.81657486E-02   5.51943434E-03
   5849.9114801611640        2.37647388E-02   5.60209434E-03
   5851.4964080848495        2.15151757E-02   5.56220487E-03
   5853.0813912338863        2.20645964E-02   5.58323553E-03
   5854.6664294691773        3.43051553E-02   5.77794667E-03
   5856.2515226516298        2.93400362E-02   5.65943168E-03
   5857.8366706421484        3.23677287E-02   5.73384948E-03
   5859.4218733016360        2.87446752E-02   5.66397887E-03
   5861.0071304910016        1.83625314E-02   5.48554491E-03
   5862.5924420711444        1.91080775E-02   5.56081301E-03
   5864.1778079029746        2.90390346E-02   5.74106677E-03
   5865.7632278473948        2.96242721E-02   5.89802675E-03
   5867.3487017653097        1.97907388E-02   5.68480231E-03
   5868.9342295176239        2.16716379E-02   5.67774149E-03
   5870.5198109652429        2.26649437E-02   5.65541210E-03
   5872.1054459690731        2.68841553E-02   5.75621985E-03
   5873.6911343900165        4.18351069E-02   6.06775936E-03
   5875.2768760889794        2.76130047E-02   5.78962639E-03
   5876.8626709268665        4.00159992E-02   5.95511962E-03
   5878.4485187645842        2.94874180E-02   5.82486019E-03
   5880.0344194630334        2.68592928E-02   5.72476443E-03
   5881.6203728831242        2.99771540E-02   5.81842801E-03
   5883.2063788857567        3.59796509E-02   5.91971772E-03
   5884.7924373318392        2.52854414E-02   5.75858867E-03
   5886.3785480822744        3.59844938E-02   6.06566900E-03
   5887.9647109979696        3.40187885E-02   6.47918740E-03
   5889.5509259398277        2.77775303E-02   6.68795547E-03
   5891.1371927687533        3.20797674E-02   6.67695003E-03
   5892.7235113456527        1.32643282E-02   6.05234457E-03
   5894.3098815314306        3.48584689E-02   6.33649388E-03
   5895.8963031869898        1.46975052E-02   5.99216996E-03
   5897.4827761732386        2.44244840E-02   6.16043387E-03
   5899.0693003510805        2.54215151E-02   5.93180675E-03
   5900.6558755814176        3.42076421E-02   5.88650862E-03
   5902.2425017251589        2.76297349E-02   5.80642605E-03
   5903.8291786432083        2.36868951E-02   5.76574914E-03
   5905.4159061964683        3.66518013E-02   5.99908875E-03
   5907.0026842458465        2.18617283E-02   5.65400394E-03
   5908.5895126522464        3.29310447E-02   5.93986036E-03
   5910.1763912765737        2.11002268E-02   5.64879691E-03
   5911.7633199797319        3.19380015E-02   5.88987721E-03
   5913.3502986226276        2.31820401E-02   5.77975251E-03
   5914.9373270661654        2.91639082E-02   5.87555626E-03
   5916.5244051712489        2.34035458E-02   5.74231660E-03
   5918.1115327987845        2.23670956E-02   5.82001405E-03
   5919.6987098096761        1.94748510E-02   5.67403296E-03
   5921.2859360648281        2.73290519E-02   5.85244875E-03
   5922.8732114251470        2.39380412E-02   5.75980358E-03
   5924.4605357515356        2.11829860E-02   5.72806224E-03
   5926.0479089049013        1.44042019E-02   5.60057256E-03
   5927.6353307461477        2.49938797E-02   5.80891035E-03
   5929.2228011361804        1.58813391E-02   5.57679497E-03
   5930.8103199359020        1.90014094E-02   5.70225064E-03
   5932.3978870062192        1.66451503E-02   5.68625657E-03
   5933.9855022080374        2.24697776E-02   5.84815210E-03
   5935.5731654022602        1.79378632E-02   5.73907699E-03
   5937.1608764497942        1.07925758E-02   5.52750099E-03
   5938.7486352115420        2.04073824E-02   5.69857797E-03
   5940.3364415484102        2.19074804E-02   5.80118783E-03
   5941.9242953213025        2.27370448E-02   5.71332499E-03
   5943.5121963911242        2.53337845E-02   5.81272552E-03
   5945.1001446187811        1.13151427E-02   5.54744434E-03
   5946.6881398651767        2.79801432E-02   5.86124649E-03
   5948.2761819912175        1.33319544E-02   5.55972895E-03
   5949.8642708578063        2.79160477E-02   5.84406406E-03
   5951.4524063258514        2.23430954E-02   5.81065752E-03
   5953.0405882562527        1.81370471E-02   5.70572726E-03
   5954.6288165099195        1.97220072E-02   5.78025682E-03
   5956.2170909477536        1.66370366E-02   5.66200120E-03
   5957.8054114306633        2.35949289E-02   5.77528216E-03
   5959.3937778195505        2.27733459E-02   5.79757988E-03
   5960.9821899753215        2.43774951E-02   5.79756591E-03
   5962.5706477588792        1.31308204E-02   5.61814243E-03
   5964.1591510311318        1.59223396E-02   5.64796571E-03
   5965.7476996529822        1.75240804E-02   5.68107236E-03
   5967.3362934853340        1.01101678E-02   5.50730806E-03
   5968.9249323890954        4.41487180E-03   5.45949768E-03
   5970.5136162251674        2.95228772E-02   5.99315669E-03
   5972.1023448544584        2.45584622E-02   5.82166109E-03
   5973.6911181378728        2.67943051E-02   5.92744024E-03
   5975.2799359363134        1.23386923E-02   5.67034306E-03
   5976.8687981106859        2.02909913E-02   5.78266522E-03
   5978.4577045218966        2.10996643E-02   5.84723242E-03
   5980.0466550308483        1.64230186E-02   5.71026653E-03
   5981.6356494984475        1.69610884E-02   5.74749196E-03
   5983.2246877855978        1.32401986E-02   5.59040625E-03
   5984.8137697532056        9.35582630E-03   5.53489616E-03
   5986.4028952621757        3.00142262E-02   5.92457550E-03
   5987.9920641734107        2.17022132E-02   5.79681573E-03
   5989.5812763478170        2.24329773E-02   5.79276076E-03
   5991.1705316463003        1.75366197E-02   5.77806076E-03
   5992.7598299297651        2.83316337E-02   5.93431899E-03
   5994.3491710591152        2.22519282E-02   5.86585887E-03
   5995.9385548952559        2.75590383E-02   5.90483705E-03
   5997.5279812990930        3.12298629E-02   6.01499435E-03
   5999.1174501315309        2.10475232E-02   5.83761465E-03
   6000.7069612534742        2.31223721E-02   5.84349874E-03
   6002.2965145258277        1.64542664E-02   5.72567061E-03
   6003.8861098094976        7.66666094E-03   5.54262940E-03
   6005.4757469653869        2.56793089E-02   5.90101490E-03
   6007.0654258544009        1.72506198E-02   5.69172576E-03
   6008.6551463374453        2.44110320E-02   5.82039962E-03
   6010.2449082754256        1.02384239E-02   5.55948867E-03
   6011.8347115292436        9.55038518E-03   5.57613419E-03
   6013.4245559598066        2.97825783E-02   5.98261971E-03
   6015.0144414280212        6.26685377E-03   5.44295879E-03
   6016.6043677947882        2.43843570E-02   5.82650164E-03
   6018.1943349210160        1.87511351E-02   5.74540021E-03
   6019.7843426676072        1.90228205E-02   5.68632735E-03
   6021.3743908954675        1.75714251E-02   5.69808483E-03
   6022.9644794655023        2.46646460E-02   5.85855590E-03
   6024.5546082386145        2.23950818E-02   5.85584017E-03
   6026.1447770757122        2.56301779E-02   5.91283571E-03
   6027.7349858376965        1.19548701E-02   5.66011155E-03
   6029.3252343854765        2.67070401E-02   5.99591341E-03
   6030.9155225799541        1.87146906E-02   5.87212946E-03
   6032.5058502820348        3.24552283E-02   6.09868579E-03
   6034.0962173526250        2.00759731E-02   5.89011284E-03
   6035.6866236526275        1.46166608E-02   5.74349798E-03
   6037.2770690429470        1.81755535E-02   5.84094459E-03
   6038.8675533844907        2.61707194E-02   5.94116701E-03
   6040.4580765381625        7.56292464E-03   5.53071313E-03
   6042.0486383648649        2.34768279E-02   5.94063196E-03
   6043.6392387255064        2.38013882E-02   5.88460453E-03
   6045.2298774809906        2.51282640E-02   5.99925732E-03
   6046.8205544922212        1.74812786E-02   5.78098884E-03
   6048.4112696201046        1.18563324E-02   5.67472540E-03
   6050.0020227255445        2.36294605E-02   5.95036242E-03
   6051.5928136694474        1.88545417E-02   5.84203051E-03
   6053.1836423127152        1.34116514E-02   5.67603996E-03
   6054.7745085162560        9.98420827E-03   5.64767327E-03
   6056.3654121409736        1.02709923E-02   5.64245367E-03
   6057.9563530477735        1.18537983E-02   5.72153553E-03
   6059.5473310975576        2.19740514E-02   5.94695751E-03
   6061.1383461512341        2.52188798E-02   6.02138927E-03
   6062.7293980697086        1.67677924E-02   5.82332117E-03
   6064.3204867138811        8.04733485E-03   5.65830851E-03
   6065.9116119446617        2.86932047E-02   6.03931583E-03
   6067.5027736229522        1.95953026E-02   5.82725089E-03
   6069.0939716096591        2.40818374E-02   6.04329584E-03
   6070.6852057656861        1.17401872E-02   5.73945977E-03
   6072.2764759519387        2.27720514E-02   5.92882885E-03
   6073.8677820293206        2.19259970E-02   5.97297587E-03
   6075.4591238587400        1.99102126E-02   5.87843684E-03
   6077.0505013010988        2.02236008E-02   5.88459428E-03
   6078.6419142173027        9.61168297E-03   5.64019661E-03
   6080.2333624682560        1.79588590E-02   5.78533299E-03
   6081.8248459148645        2.50759143E-02   5.96776931E-03
   6083.4163644180326        2.06881706E-02   5.88862691E-03
   6085.0079178386650        2.18097568E-02   5.91241196E-03
   6086.5995060376672        1.64264590E-02   5.79497451E-03
   6088.1911288759438        1.37509629E-02   5.75522985E-03
   6089.7827862144004        2.03293376E-02   5.86427143E-03
   6091.3744779139406        1.63716972E-02   5.85509790E-03
   6092.9662038354700        2.46929806E-02   6.02083839E-03
   6094.5579638398931        1.51757244E-02   5.82607323E-03
   6096.1497577881155        1.61148496E-02   5.86666306E-03
   6097.7415855410409        8.62380769E-03   5.67961670E-03
   6099.3334469595748        1.35183809E-02   5.71689848E-03
   6100.9253419046227        2.39144079E-02   5.95480064E-03
   6102.5172702370892        1.62602086E-02   5.74170100E-03
   6104.1092318178780        1.78963616E-02   5.80080412E-03
   6105.7012265078965        8.98984075E-03   5.64405927E-03
   6107.2932541680466        1.96603704E-02   5.91133861E-03
   6108.8853146592355        2.58964226E-02   6.09390019E-03
   6110.4774078423670        2.58471258E-02   6.07392192E-03
   6112.0695335783457        8.28950759E-03   5.72844129E-03
   6113.6616917280780        2.30271965E-02   6.10401575E-03
   6115.2538821524677        2.18577012E-02   5.96344331E-03
   6116.8461047124183        2.43037064E-02   6.07042201E-03
   6118.4383592688373        2.46317741E-02   6.05887454E-03
   6120.0306456826293        1.77103877E-02   5.83245745E-03
   6121.6229638146970        1.69671588E-02   5.83369657E-03
   6123.2153135259468        3.02959736E-02   6.09318633E-03
   6124.8076946772853        2.66535226E-02   6.06592931E-03
   6126.4001071296134        2.56081466E-02   6.05838746E-03
   6127.9925507438384        3.22624259E-02   6.22319849E-03
   6129.5850253808649        2.18448751E-02   6.01898693E-03
   6131.1775309015975        2.63499971E-02   6.14421675E-03
   6132.7700671669427        1.52949532E-02   5.92010561E-03
   6134.3626340378032        3.44863348E-02   6.27167802E-03
   6135.9552313750846        2.56161485E-02   6.02875650E-03
   6137.5478590396915        2.22901087E-02   5.89547260E-03
   6139.1405168925303        1.54835284E-02   5.85691212E-03
   6140.7332047945038        2.08128747E-02   6.04048232E-03
   6142.3259226065193        1.61491986E-02   5.95582090E-03
   6143.9186701894778        2.09901221E-02   6.02413900E-03
   6145.5114474042894        1.98960416E-02   5.98486187E-03
   6147.1042541118541        2.79047936E-02   6.16168045E-03
   6148.6970901730801        2.32579503E-02   6.13227906E-03
   6150.2899554488704        1.77651346E-02   5.94867673E-03
   6151.8828498001321        2.23856848E-02   6.04691310E-03
   6153.4757730877673        1.83394440E-02   6.00115070E-03
   6155.0687251726822        1.81474015E-02   5.89429308E-03
   6156.6617059157816        1.62769761E-02   6.02056272E-03
   6158.2547151779709        2.54181698E-02   6.08647522E-03
   6159.8477528201547        2.21851878E-02   5.93445916E-03
   6161.4408187032377        2.36785710E-02   5.93590317E-03
   6163.0339126881245        2.21713334E-02   5.89242997E-03
   6164.6270346357205        1.70060974E-02   5.82677172E-03
   6166.2201844069305        1.34550473E-02   5.88806998E-03
   6167.8133618626589        1.94087923E-02   6.10096706E-03
   6169.4065668638123        1.02347555E-02   5.84296044E-03
   6170.9997992712924        1.51655031E-02   5.94292255E-03
   6172.5930589460067        1.60552934E-02   6.06574118E-03
   6174.1863457488589        2.44900938E-02   6.14553224E-03
   6175.7796595407563        1.75762754E-02   6.11710735E-03
   6177.3730001825998        1.37824342E-02   6.05424959E-03
   6178.9663675352967        2.91709304E-02   6.24867296E-03
   6180.5597614597509        2.81669311E-02   6.22849492E-03
   6182.1531818168687        2.18987949E-02   6.18197862E-03
   6183.7466284675547        2.40397509E-02   6.27822103E-03
   6185.3401012727127        1.41958809E-02   5.97418984E-03
   6186.9336000932481        1.51946237E-02   6.00679452E-03
   6188.5271247900655        2.10649241E-02   6.17242418E-03
   6190.1206752240705        2.53628455E-02   6.25857059E-03
   6191.7142512561677        1.76763982E-02   6.12215418E-03
   6193.3078527472617        2.38722488E-02   6.17287029E-03
   6194.9014795582580        2.47708075E-02   6.36715023E-03
   6196.4951315500603        2.29323958E-03   5.81084378E-03
   6198.0888085835750        2.60737669E-02   6.29532710E-03
   6199.6825105197058        1.87187754E-02   6.18336722E-03
   6201.2762372193583        1.45085305E-02   6.13721507E-03
   6202.8699885434362        2.26666834E-02   6.29130099E-03
   6204.4637643528467        2.20288020E-02   6.30894443E-03
   6206.0575645084928        1.38979591E-02   6.09066291E-03
   6207.6513888712798        1.86190177E-02   6.15805155E-03
   6209.2452373021124        2.18927376E-02   6.29373593E-03
   6210.8391096618971        1.36873331E-02   6.16219407E-03
   6212.4330058115356        1.78495925E-02   6.21240307E-03
   6214.0269256119345        2.36591939E-02   6.32053986E-03
   6215.6208689240011        1.56629719E-02   6.09319843E-03
   6217.2148356086363        2.15357561E-02   6.22998457E-03
   6218.8088255267476        2.42930949E-02   6.33372925E-03
   6220.4028385392385        1.41449729E-02   6.22976292E-03
   6221.9968745070137        1.95732377E-02   6.38346188E-03
   6223.5909332909796        2.03721076E-02   6.29569683E-03
   6225.1850147520399        2.23897882E-02   6.27608038E-03
   6226.7791187511002        2.23007053E-02   6.36361726E-03
   6228.3732451490650        1.66039914E-02   6.10192353E-03
   6229.9673938068381        1.87453292E-02   6.23075338E-03
   6231.5615645853268        2.78072488E-02   6.47846749E-03
   6233.1557573454338        2.45755948E-02   6.54863333E-03
   6234.7499719480666        2.99847946E-02   6.79533696E-03
   6236.3442082541269        1.62574705E-02   6.52800221E-03
   6237.9384661245213        1.05828904E-02   6.34680316E-03
   6239.5327454201542        2.32745744E-02   6.55207457E-03
   6241.1270460019314        3.33955660E-02   6.65635895E-03
   6242.7213677307564        2.13090591E-02   6.47029933E-03
   6244.3157104675356        2.95933653E-02   6.53169304E-03
   6245.9100740731728        1.26224002E-02   6.19140780E-03
   6247.5044584085726        2.66146660E-02   6.45407895E-03
   6249.0988633346415        2.57339291E-02   6.46999432E-03
   6250.6932887122821        1.26399780E-02   6.26427913E-03
   6252.2877344024018        2.94574536E-02   6.59152726E-03
   6253.8822002659044        2.28099711E-02   6.45359606E-03
   6255.4766861636926        9.22535080E-03   6.24446990E-03
   6257.0711919566747        1.36483070E-02   6.52269367E-03
   6258.6657175057544        2.49318127E-02   6.76464755E-03
   6260.2602626718353        2.66360026E-02   6.74912939E-03
   6261.8548273158258        3.88407484E-02   6.92318520E-03
   6263.4494112986267        2.84660496E-02   6.69841282E-03
   6265.0440144811437        2.87587699E-02   6.73725130E-03
   6266.6386367242840        2.04910021E-02   6.62379991E-03
   6268.2332778889504        1.13005387E-02   6.34463783E-03
   6269.8279378360485        9.49770957E-03   6.30645594E-03
   6271.4226164264828        2.49541197E-02   6.72625145E-03
   6273.0173135211589        1.92325804E-02   6.52328692E-03
   6274.6120289809814        1.33872218E-02   6.48679677E-03
   6276.2067626668540        2.34280545E-02   6.65357942E-03
   6277.8015144396832        1.59511697E-02   6.35579694E-03
   6279.3962841603743        2.54985206E-02   6.62244856E-03
   6280.9910716898294        1.23546561E-02   6.32894458E-03
   6282.5858768889575        1.88036487E-02   6.52067363E-03
   6284.1806996186606        1.95506178E-02   6.66722469E-03
   6285.7755397398432        2.53845397E-02   6.92855241E-03
   6287.3703971134109        1.37929823E-02   6.76284172E-03
   6288.9652716002702        2.12872662E-02   6.90069608E-03
   6290.5601630613237        3.28981504E-02   6.96235709E-03
