   3855.2254235722053        2.24980135E-02   6.21801894E-03
   3856.6154654495176        1.92136802E-02   5.95571334E-03
   3858.0057465750501        1.84193067E-02   5.67458523E-03
   3859.3962668097083        8.62206239E-03   5.32531366E-03
   3860.7870260143964        1.70061793E-02   5.76107297E-03
   3862.1780240500193        2.58944258E-02   6.21804269E-03
   3863.5692607774822        3.01244855E-02   6.58135815E-03
   3864.9607360576892        2.44123172E-02   6.40540803E-03
   3866.3524497515455        3.66331153E-02   6.65246043E-03
   3867.7444017199568        3.31405215E-02   6.44634897E-03
   3869.1365918238275        1.80155262E-02   5.80779463E-03
   3870.5290199240612        2.80265696E-02   5.92153985E-03
   3871.9216858815644        2.62257960E-02   5.83931291E-03
   3873.3145895572420        2.36623529E-02   5.90785313E-03
   3874.7077308119974        2.95893196E-02   6.29272265E-03
   3876.1011095067370        2.91602034E-02   6.35821884E-03
   3877.4947255023644        2.98613477E-02   6.25093700E-03
   3878.8885786597853        3.96755859E-02   6.32023159E-03
   3880.2826688399041        2.47794911E-02   5.90021582E-03
   3881.6769959036264        3.49479653E-02   6.08429918E-03
   3883.0715597118565        1.03506548E-02   5.31009585E-03
   3884.4663601254992        3.28184031E-02   5.95696084E-03
   3885.8613970054598        2.26850361E-02   5.72298979E-03
   3887.2566702126423        2.55325902E-02   5.67203341E-03
   3888.6521796079528        2.00632345E-02   5.40058082E-03
   3890.0479250522949        1.31301126E-02   5.43886004E-03
   3891.4439064065746        2.06612386E-02   5.68476506E-03
   3892.8401235316956        2.42782030E-02   5.91671420E-03
   3894.2365762885638        3.01729720E-02   6.06077025E-03
   3895.6332645380839        2.58349739E-02   6.01319224E-03
   3897.0301881411606        3.04874871E-02   6.09417865E-03
   3898.4273469586979        2.50146650E-02   5.92694152E-03
   3899.8247408516022        1.79254562E-02   5.81127498E-03
   3901.2223696807778        3.53320912E-02   6.14446355E-03
   3902.6202333071287        2.86198612E-02   5.98538807E-03
   3904.0183315915606        3.01638264E-02   5.86111005E-03
   3905.4166643949784        2.65594088E-02   5.73490467E-03
   3906.8152315782872        1.42367482E-02   5.53257391E-03
   3908.2140330023913        2.06153877E-02   5.69118047E-03
   3909.6130685281960        1.76494773E-02   5.77981398E-03
   3911.0123380166051        2.49131508E-02   6.02149591E-03
   3912.4118413285246        3.82495336E-02   6.34239335E-03
   3913.8115783248595        3.07994056E-02   6.15670020E-03
   3915.2115488665140        2.53581256E-02   5.93636604E-03
   3916.6117528143932        1.81928240E-02   5.69270737E-03
   3918.0121900294016        2.14592181E-02   5.62653597E-03
   3919.4128603724448        2.29613800E-02   5.53979306E-03
   3920.8137637044269        2.60583851E-02   5.52616594E-03
   3922.2148998862535        2.22952552E-02   5.40189259E-03
   3923.6162687788292        2.59841867E-02   5.46598667E-03
   3925.0178702430585        2.65648030E-02   5.40933944E-03
   3926.4197041398465        1.72317997E-02   5.04596857E-03
   3927.8217703300984        1.94125529E-02   4.85386234E-03
   3929.2240686747186        4.09817584E-02   5.18463133E-03
   3930.6265990346124        2.97487937E-02   4.63433331E-03
   3932.0293612706841        2.54805069E-02   4.31199139E-03
   3933.4323552438391        1.74971651E-02   3.92222265E-03
   3934.8355808149822        1.87175591E-02   3.94193176E-03
   3936.2390378450177        2.60643810E-02   4.32621920E-03
   3937.6427261948511        3.16805579E-02   4.71086008E-03
   3939.0466457253870        2.46221181E-02   4.77010524E-03
   3940.4507962975304        2.60740463E-02   4.98716999E-03
   3941.8551777721859        3.29948850E-02   5.32128755E-03
   3943.2597900102587        1.83551814E-02   4.83123073E-03
   3944.6646328726538        2.04189029E-02   5.02914842E-03
   3946.0697062202753        3.03406864E-02   5.44902543E-03
   3947.4750099140288        3.02443914E-02   5.48054371E-03
   3948.8805438148188        2.69857273E-02   5.54073509E-03
   3950.2863077835505        2.69466285E-02   5.54987835E-03
   3951.6923016811288        3.40900309E-02   5.67553006E-03
   3953.0985253684576        3.83508429E-02   5.79976384E-03
   3954.5049787064431        3.06250062E-02   5.68922795E-03
   3955.9116615559892        2.37532537E-02   5.41331060E-03
   3957.3185737780013        2.81447805E-02   5.55625744E-03
   3958.7257152333841        2.21473891E-02   5.35195693E-03
   3960.1330857830426        1.98284797E-02   5.12724137E-03
   3961.5406852878809        2.49563772E-02   5.05837705E-03
   3962.9485136088051        2.96598747E-02   5.03903721E-03
   3964.3565706067193        1.60126947E-02   4.34758421E-03
   3965.7648561425285        3.13293338E-02   4.69115376E-03
   3967.1733700771379        2.03779209E-02   4.11720620E-03
   3968.5821122714510        2.36063693E-02   3.94666381E-03
   3969.9910825863749        1.62107907E-02   3.74206086E-03
   3971.4002808828131        2.35021543E-02   4.25209897E-03
   3972.8097070216704        2.27178615E-02   4.46672086E-03
   3974.2193608638518        3.10615003E-02   4.92285145E-03
   3975.6292422702627        2.62326170E-02   5.03918715E-03
   3977.0393511018074        2.93105301E-02   5.30602317E-03
   3978.4496872193909        2.95802932E-02   5.52430516E-03
   3979.8602504839178        2.41411868E-02   5.40826796E-03
   3981.2710407562936        3.69224213E-02   5.78522775E-03
   3982.6820578974225        3.11846174E-02   5.62316412E-03
   3984.0933017682100        1.99888106E-02   5.30186435E-03
   3985.5047722295608        2.22145449E-02   5.31208515E-03
   3986.9164691423794        1.14489635E-02   5.08947391E-03
   3988.3283923675713        2.58871913E-02   5.51204151E-03
   3989.7405417660407        3.39706838E-02   5.69962244E-03
   3991.1529171986926        2.43451148E-02   5.52437641E-03
   3992.5655185264322        2.27282830E-02   5.42634679E-03
   3993.9783456101641        2.41640434E-02   5.50166145E-03
   3995.3913983107932        3.02050225E-02   5.60059212E-03
   3996.8046764892238        3.14275250E-02   5.53351827E-03
   3998.2181800063622        2.15152726E-02   5.41985314E-03
   3999.6319087231122        1.79396681E-02   5.30866906E-03
   4001.0458625003789        2.44050529E-02   5.57794701E-03
   4002.4600411990668        3.08281817E-02   5.76313958E-03
   4003.8744446800815        2.71811672E-02   5.54506807E-03
   4005.2890728043280        2.95513626E-02   5.49062993E-03
   4006.7039254327096        2.10109279E-02   5.26316091E-03
   4008.1190024261332        2.26368867E-02   5.40677039E-03
   4009.5343036455020        2.27131266E-02   5.56953484E-03
   4010.9498289517223        1.28459902E-02   5.23001142E-03
   4012.3655782056976        3.34321856E-02   5.77619858E-03
   4013.7815512683337        1.61690135E-02   5.37620671E-03
   4015.1977480005353        2.33546458E-02   5.54529717E-03
   4016.6141682632069        2.18854807E-02   5.50141232E-03
   4018.0308119172537        2.76282802E-02   5.62991248E-03
   4019.4476788235802        2.58051250E-02   5.56964427E-03
   4020.8647688430915        2.29983274E-02   5.49485302E-03
   4022.2820818366931        2.07628999E-02   5.52523509E-03
   4023.6996176652888        2.41935924E-02   5.53567475E-03
   4025.1173761897840        2.64762640E-02   5.52557129E-03
   4026.5353572710837        2.21516564E-02   5.52385766E-03
   4027.9535607700923        2.76020337E-02   5.56610385E-03
   4029.3719865477151        3.32631283E-02   5.68861840E-03
   4030.7906344648568        2.40045432E-02   5.29092969E-03
   4032.2095043824224        2.72827856E-02   5.29561145E-03
   4033.6285961613166        2.39971597E-02   5.16530080E-03
   4035.0479096624440        2.31257137E-02   5.26121818E-03
   4036.4674447467100        1.79104693E-02   5.28941117E-03
   4037.8872012750194        1.26412930E-02   5.24081662E-03
   4039.3071791082771        1.70094855E-02   5.37200365E-03
   4040.7273781073868        2.92332117E-02   5.58551913E-03
   4042.1477981332555        3.28569971E-02   5.57712512E-03
   4043.5684390467864        2.86150500E-02   5.40551590E-03
   4044.9893007088845        2.30332054E-02   5.09996712E-03
   4046.4103829804553        1.05146170E-02   4.73058270E-03
   4047.8316857224040        2.42599733E-02   5.17364871E-03
   4049.2532087956342        2.29489412E-02   5.34933759E-03
   4050.6749520610520        1.58725269E-02   5.25415828E-03
   4052.0969153795613        2.49254517E-02   5.44754416E-03
   4053.5190986120670        2.47697197E-02   5.33797638E-03
   4054.9415016194753        1.95413902E-02   5.14826225E-03
   4056.3641242626891        3.13777030E-02   5.38138486E-03
   4057.7869664026148        2.45075785E-02   5.16977115E-03
   4059.2100279001570        2.28032470E-02   5.23858052E-03
   4060.6333086162199        1.80147607E-02   5.12354821E-03
   4062.0568084117090        1.85989179E-02   5.01852622E-03
   4063.4805271475288        2.68513355E-02   5.22634527E-03
   4064.9044646845846        1.41745489E-02   4.82087210E-03
   4066.3286208837808        2.41005067E-02   5.06123248E-03
   4067.7529956060225        1.58066545E-02   5.10032754E-03
   4069.1775887122144        1.29411872E-02   5.04786987E-03
   4070.6024000632619        2.08415035E-02   5.08864457E-03
   4072.0274295200688        2.68899910E-02   5.23290411E-03
   4073.4526769435411        1.31895067E-02   4.87159658E-03
   4074.8781421945828        2.81629413E-02   5.28605748E-03
   4076.3038251340995        1.71713065E-02   4.92433831E-03
   4077.7297256229954        1.94181483E-02   4.97995364E-03
   4079.1558435221759        2.74418090E-02   5.16482675E-03
   4080.5821786925453        2.72799339E-02   5.33912610E-03
   4082.0087309950095        2.36979946E-02   5.28653013E-03
   4083.4355002904726        2.15101186E-02   5.17661776E-03
   4084.8624864398389        2.79174782E-02   5.24978153E-03
   4086.2896893040147        2.87390109E-02   5.35568735E-03
   4087.7171087439033        1.87359713E-02   5.15475590E-03
   4089.1447446204111        2.07618419E-02   5.33814449E-03
   4090.5725967944418        1.49255423E-02   5.15823485E-03
   4092.0006651269005        1.88238788E-02   5.08811790E-03
   4093.4289494786926        2.90222615E-02   5.34992665E-03
   4094.8574497107229        2.60614939E-02   5.24187274E-03
   4096.2861656838959        2.59007737E-02   5.17436722E-03
   4097.7150972591162        2.09165979E-02   4.91990102E-03
   4099.1442442972884        2.36042552E-02   4.85395500E-03
   4100.5736066593190        3.22682448E-02   5.01609687E-03
   4102.0031842061117        2.94284262E-02   4.84743016E-03
   4103.4329767985710        2.22978815E-02   4.61778464E-03
   4104.8629842976025        2.26536151E-02   4.85731568E-03
   4106.2932065641116        1.70032047E-02   4.81336517E-03
   4107.7236434590013        2.92308908E-02   5.16562583E-03
   4109.1542948431788        1.74652301E-02   4.94717900E-03
   4110.5851605775470        2.46108286E-02   5.04334085E-03
   4112.0162405230112        1.90131571E-02   4.98393923E-03
   4113.4475345404780        2.96373032E-02   5.27451234E-03
   4114.8790424908493        1.89334527E-02   5.13514783E-03
   4116.3107642350315        2.75004189E-02   5.27599221E-03
   4117.7426996339300        2.41989661E-02   5.16715692E-03
   4119.1748485484495        1.90084837E-02   5.03676478E-03
   4120.6072108394947        1.36241484E-02   4.86516254E-03
   4122.0397863679700        3.12817432E-02   5.20511530E-03
   4123.4725749947802        2.05015577E-02   5.03421109E-03
   4124.9055765808307        2.09535193E-02   5.07785752E-03
   4126.3387909870271        1.99176017E-02   5.05331811E-03
   4127.7722180742712        1.85281355E-02   4.97178175E-03
   4129.2058577034713        1.83178186E-02   4.93756402E-03
   4130.6397097355311        1.33784739E-02   4.75706486E-03
   4132.0737740313562        1.53643684E-02   4.78863018E-03
   4133.5080504518501        2.07431596E-02   4.82929684E-03
   4134.9425388579166        2.47421488E-02   5.00541367E-03
   4136.3772391104649        2.53142100E-02   5.05931769E-03
   4137.8121510703950        2.88258791E-02   5.28491102E-03
   4139.2472745986151        1.78451780E-02   5.05665969E-03
   4140.6826095560282        2.32547093E-02   5.08285407E-03
   4142.1181558035396        2.40869448E-02   4.97980462E-03
   4143.5539132020549        1.89029090E-02   4.77726525E-03
   4144.9898816124778        1.63814742E-02   4.67727985E-03
   4146.4260608957147        2.10688617E-02   4.89322655E-03
   4147.8624509126694        1.89796481E-02   4.89443028E-03
   4149.2990515242464        1.81318969E-02   4.85298596E-03
   4150.7358625913512        2.00672038E-02   4.90277261E-03
   4152.1728839748894        1.83017831E-02   4.78705205E-03
   4153.6101155357655        2.42531858E-02   4.91357874E-03
   4155.0475571348825        1.66128986E-02   4.70956881E-03
   4156.4852086331475        1.87572706E-02   4.70650150E-03
   4157.9230698914644        2.82735210E-02   4.99955378E-03
   4159.3611407707376        2.59919465E-02   5.00196964E-03
   4160.7994211318737        2.80326512E-02   5.08273672E-03
   4162.2379108357754        3.73539738E-02   5.29333763E-03
   4163.6766097433501        2.06039306E-02   4.96387528E-03
   4165.1155177155006        2.21441649E-02   5.04207611E-03
   4166.5546346131314        1.83289498E-02   4.89293924E-03
   4167.9939602971499        1.23466188E-02   4.72045038E-03
   4169.4334946284580        2.37468872E-02   4.95098718E-03
   4170.8732374679621        2.70416029E-02   4.94061830E-03
   4172.3131886765677        2.78674327E-02   4.90210438E-03
   4173.7533481151786        1.93298701E-02   4.72834986E-03
   4175.1937156446993        2.20166072E-02   4.75552911E-03
   4176.6342911260363        1.79396812E-02   4.69608931E-03
   4178.0750744200932        2.16290187E-02   4.73634340E-03
   4179.5160653877756        2.00339332E-02   4.85464465E-03
   4180.9572638899872        2.09294539E-02   4.77388781E-03
   4182.3986697876335        2.50062998E-02   4.84396936E-03
   4183.8402829416200        2.14023069E-02   4.76492802E-03
   4185.2821032128513        2.43858155E-02   4.77951532E-03
   4186.7241304622312        1.66976489E-02   4.61234804E-03
   4188.1663645506660        2.64098980E-02   4.79207095E-03
   4189.6088053390595        2.10862868E-02   4.72634798E-03
   4191.0514526883180        1.79099869E-02   4.68394859E-03
   4192.4943064593444        2.28957683E-02   4.82155615E-03
   4193.9373665130452        2.16329582E-02   4.83420677E-03
   4195.3806327103239        1.51131246E-02   4.62008454E-03
   4196.8241049120861        2.27181707E-02   4.71194927E-03
   4198.2677829792365        2.24748980E-02   4.57798550E-03
   4199.7116667726805        2.23075636E-02   4.56427503E-03
   4201.1557561533227        2.60416772E-02   4.67693806E-03
   4202.6000509820678        1.75414477E-02   4.51051584E-03
   4204.0445511198213        1.25573324E-02   4.45551518E-03
   4205.4892564274869        1.89497583E-02   4.69137169E-03
   4206.9341667659692        1.81918293E-02   4.72480990E-03
   4208.3792819961755        1.73789933E-02   4.74407943E-03
   4209.8246019790076        2.83267517E-02   4.87759337E-03
   4211.2701265753722        2.29199901E-02   4.80380468E-03
   4212.7158556461745        2.05986891E-02   4.74001374E-03
   4214.1617890523194        2.25163288E-02   4.69698617E-03
   4215.6079266547094        2.54292823E-02   4.75826394E-03
   4217.0542683142512        2.47472692E-02   4.69317194E-03
   4218.5008138918502        1.78944655E-02   4.63990588E-03
   4219.9475632484100        1.92014240E-02   4.76562046E-03
   4221.3945162448363        2.03823689E-02   4.72834660E-03
   4222.8416727420336        2.07767561E-02   4.72694822E-03
   4224.2890326009074        2.72149369E-02   4.70261043E-03
   4225.7365956823614        1.93762686E-02   4.23516612E-03
   4227.1843618473013        1.98142007E-02   4.24888730E-03
   4228.6323309566314        1.84621438E-02   4.29753587E-03
   4230.0805028712566        2.28691772E-02   4.60524112E-03
   4231.5288774520832        2.37198919E-02   4.71342495E-03
   4232.9774545600148        2.20569484E-02   4.67456365E-03
   4234.4262340559562        2.23255921E-02   4.59479447E-03
   4235.8752158008119        2.68592965E-02   4.61059855E-03
   4237.3243996554875        2.06065141E-02   4.46593761E-03
   4238.7737854808884        2.39964500E-02   4.47330670E-03
   4240.2233731379183        2.77318992E-02   4.70598182E-03
   4241.6731624874819        2.83096880E-02   4.69224527E-03
   4243.1231533904866        2.41999999E-02   4.62042820E-03
   4244.5733457078341        2.49206536E-02   4.65133740E-03
   4246.0237393004309        2.02074442E-02   4.51094843E-03
   4247.4743340291807        2.46589910E-02   4.60634660E-03
   4248.9251297549899        1.27673680E-02   4.20514261E-03
   4250.3761263387623        2.43900195E-02   4.46087588E-03
   4251.8273236414034        3.07260510E-02   4.63497126E-03
   4253.2787215238177        1.77481212E-02   4.35455656E-03
   4254.7303198469108        1.75351277E-02   4.46197297E-03
   4256.1821184715864        2.07015313E-02   4.39159293E-03
   4257.6341172587499        1.59064122E-02   4.34471620E-03
   4259.0863160693061        2.49072127E-02   4.50050179E-03
   4260.5387147641595        2.85358876E-02   4.44930978E-03
   4261.9913132042166        2.01303028E-02   4.27723071E-03
   4263.4441112503800        1.95192378E-02   4.41158051E-03
   4264.8971087635555        1.88607965E-02   4.52006236E-03
   4266.3503056046493        2.02845130E-02   4.48463811E-03
   4267.8037016345643        2.10622586E-02   4.44810186E-03
   4269.2572967142050        2.92060394E-02   4.52086935E-03
   4270.7110907044789        2.12732013E-02   4.22506267E-03
   4272.1650834662896        2.68140417E-02   4.28555906E-03
   4273.6192748605408        1.43512674E-02   3.93224694E-03
   4275.0736647481390        1.33740203E-02   4.11863020E-03
   4276.5282529899869        1.77623779E-02   4.32035141E-03
   4277.9830394469927        1.73004642E-02   4.35029436E-03
   4279.4380239800585        2.43659411E-02   4.51391889E-03
   4280.8932064500896        1.57225467E-02   4.27994272E-03
   4282.3485867179916        1.65092591E-02   4.24204767E-03
   4283.8041646446691        2.51897238E-02   4.40623751E-03
   4285.2599400910285        2.25294344E-02   4.36782371E-03
   4286.7159129179718        1.68507099E-02   4.16361913E-03
   4288.1720829864043        2.16345005E-02   4.18009330E-03
   4289.6284501572336        1.88610572E-02   4.10112645E-03
   4291.0850142913614        1.88210681E-02   4.10457095E-03
   4292.5417752496951        2.40851603E-02   4.28985199E-03
   4293.9987328931365        1.44160148E-02   4.10366151E-03
   4295.4558870825940        2.02725027E-02   4.21708915E-03
   4296.9132376789703        2.45340094E-02   4.19520959E-03
   4298.3707845431709        1.99947227E-02   3.96923255E-03
   4299.8285275361004        2.06619594E-02   3.95025965E-03
   4301.2864665186635        2.38862783E-02   3.90321878E-03
   4302.7446013517656        2.84503773E-02   3.99976596E-03
   4304.2029318963114        2.59444322E-02   3.99309350E-03
   4305.6614580132064        1.66852213E-02   3.70230479E-03
   4307.1201795633533        1.79109033E-02   3.75061762E-03
   4308.5790964076587        1.98043119E-02   3.70324589E-03
   4310.0382084070279        2.13538855E-02   3.78313824E-03
   4311.4975154223657        1.52474977E-02   3.69868730E-03
   4312.9570173145748        2.44381633E-02   4.01869230E-03
   4314.4167139445626        1.78752448E-02   4.08069696E-03
   4315.8766051732327        1.80514790E-02   4.32292279E-03
   4317.3366908614908        2.44954601E-02   4.55546100E-03
   4318.7969708702403        2.22707968E-02   4.58970247E-03
   4320.2574450603870        1.92239359E-02   4.45970567E-03
   4321.7181132928354        1.58660375E-02   4.28107055E-03
   4323.1789754284919        2.22836118E-02   4.26221825E-03
   4324.6400313282602        3.60343158E-02   4.31387592E-03
   4326.1012808530440        1.93848349E-02   3.92234139E-03
   4327.5627238637499        2.41388250E-02   4.22102306E-03
   4329.0243602212822        2.49315780E-02   4.36514430E-03
   4330.4861897865458        2.39093136E-02   4.48369980E-03
   4331.9482124204442        2.23589912E-02   4.41039400E-03
   4333.4104279838857        1.40631413E-02   4.25135018E-03
   4334.8728363377722        2.08715927E-02   4.36613290E-03
   4336.3354373430093        1.21778790E-02   4.09911899E-03
   4337.7982308605015        1.87448263E-02   4.07414185E-03
   4339.2612167511552        2.48435140E-02   3.95028898E-03
   4340.7243948758733        1.97152253E-02   3.88414366E-03
   4342.1877650955621        1.54738063E-02   3.81139014E-03
   4343.6513272711254        1.88731030E-02   4.03451966E-03
   4345.1150812634696        2.08429303E-02   4.19465965E-03
   4346.5790269334966        1.63062997E-02   4.17096727E-03
   4348.0431641421155        2.62244809E-02   4.41538263E-03
   4349.5074927502274        2.34518573E-02   4.37202351E-03
   4350.9720126187394        2.01388001E-02   4.17636381E-03
   4352.4367236085563        2.06063595E-02   4.14950680E-03
   4353.9016255805809        1.94660369E-02   4.05538315E-03
   4355.3667183957205        2.83914302E-02   4.36396105E-03
   4356.8320019148778        2.55980268E-02   4.31565940E-03
   4358.2974759989602        2.01611128E-02   4.22161818E-03
   4359.7631405088696        2.22974699E-02   4.30451706E-03
   4361.2289953055142        2.09306013E-02   4.27061599E-03
   4362.6950402497960        2.66046543E-02   4.42546932E-03
   4364.1612752026213        1.60790682E-02   4.24835505E-03
   4365.6277000248947        2.70558242E-02   4.44455724E-03
   4367.0943145775218        2.50910651E-02   4.37368499E-03
   4368.5611187214045        1.88160259E-02   4.16516978E-03
   4370.0281123174509        1.98735781E-02   4.21718368E-03
   4371.4952952265667        2.00628135E-02   4.19998961E-03
   4372.9626673096527        2.37247106E-02   4.18992387E-03
   4374.4302284276164        1.59420669E-02   4.07530041E-03
   4375.8979784413623        1.60926096E-02   3.99542367E-03
   4377.3659172117950        1.66116785E-02   4.04810393E-03
   4378.8340445998201        2.02772394E-02   4.14700992E-03
   4380.3023604663413        8.31406005E-03   3.90504231E-03
   4381.7708646722649        2.21038256E-02   4.06282581E-03
   4383.2395570784938        1.85036603E-02   3.81131563E-03
   4384.7084375459353        1.32893231E-02   3.69093311E-03
   4386.1775059354923        2.13453099E-02   3.90576362E-03
   4387.6467621080701        1.79725159E-02   3.95710627E-03
   4389.1162059245735        1.19438013E-02   3.88704869E-03
   4390.5858372459097        2.25413963E-02   4.07654047E-03
   4392.0556559329798        1.69693362E-02   4.01858147E-03
   4393.5256618466910        2.55984198E-02   4.20599384E-03
   4394.9958548479472        2.44043954E-02   4.20873100E-03
   4396.4662347976537        1.29195238E-02   4.01520543E-03
   4397.9368015567152        2.25309078E-02   4.18058643E-03
   4399.4075549860372        2.20614467E-02   4.19036951E-03
   4400.8784949465244        1.87169593E-02   4.09250846E-03
   4402.3496212990804        1.48504665E-02   3.95906717E-03
   4403.8209339046107        1.68099906E-02   3.94425960E-03
   4405.2924326240209        1.14377709E-02   3.85101628E-03
   4406.7641173182155        1.34021612E-02   3.89825203E-03
   4408.2359878481002        1.61149986E-02   3.98337748E-03
   4409.7080440745776        2.17867587E-02   4.22613043E-03
   4411.1802858585543        1.43299568E-02   4.14307741E-03
   4412.6527130609347        1.46815060E-02   4.08507651E-03
   4414.1253255426245        2.27084644E-02   4.25652415E-03
   4415.5981231645264        2.04811096E-02   4.15284140E-03
   4417.0711057875487        1.45413410E-02   4.00081417E-03
   4418.5442732725933        1.92654822E-02   4.14902996E-03
   4420.0176254805656        1.71292722E-02   4.19411901E-03
   4421.4911622723712        2.03491673E-02   4.22204984E-03
   4422.9648835089147        1.87888667E-02   4.20257822E-03
   4424.4387890511016        2.50814762E-02   4.27687448E-03
   4425.9128787598347        1.87695716E-02   4.14892146E-03
   4427.3871524960214        2.04899460E-02   4.22835071E-03
   4428.8616101205644        1.69290248E-02   4.17209929E-03
   4430.3362514943701        1.77873373E-02   4.16211179E-03
   4431.8110764783432        1.94148850E-02   4.17346414E-03
   4433.2860849333883        1.80208925E-02   4.10359027E-03
   4434.7612767204100        2.32159663E-02   4.08856012E-03
   4436.2366517003129        1.51836760E-02   4.03560372E-03
   4437.7122097340025        1.39698023E-02   4.03133826E-03
   4439.1879506823843        1.47962729E-02   4.15516226E-03
   4440.6638744063612        2.40028501E-02   4.29332536E-03
   4442.1399807668395        1.50665753E-02   4.03457461E-03
   4443.6162696247238        1.01309195E-02   3.95883108E-03
   4445.0927408409189        1.85718890E-02   4.13780892E-03
   4446.5693942763310        1.63700897E-02   4.12721327E-03
   4448.0462297918621        1.57457329E-02   4.16015694E-03
   4449.5232472484195        1.85444616E-02   4.21037758E-03
   4451.0004465069069        2.29251999E-02   4.29562805E-03
   4452.4778274282298        3.10292039E-02   4.40622959E-03
   4453.9553898732929        2.72212997E-02   4.26306622E-03
   4455.4331337030007        2.14374643E-02   4.08033933E-03
   4456.9110587782588        2.50298157E-02   4.13429039E-03
   4458.3891649599700        2.72903070E-02   4.15781187E-03
   4459.8674521090425        2.93073282E-02   4.25813394E-03
   4461.3459200863790        2.62964573E-02   4.19555511E-03
   4462.8245687528843        1.85837448E-02   4.06541862E-03
   4464.3033979694628        1.79796517E-02   4.08896478E-03
   4465.7824075970220        2.22816113E-02   4.20445483E-03
   4467.2615974964638        2.16376595E-02   4.20907699E-03
   4468.7409675286963        1.63974427E-02   4.12221439E-03
   4470.2205175546196        2.58120801E-02   4.25736746E-03
   4471.7002474351439        2.33560279E-02   4.24870895E-03
   4473.1801570311700        2.04850659E-02   4.27629100E-03
   4474.6602462036053        1.53529597E-02   4.16358933E-03
   4476.1405148133526        3.03893574E-02   4.47165268E-03
   4477.6209627213184        2.35841572E-02   4.34411317E-03
   4479.1015897884072        2.33557727E-02   4.28613229E-03
   4480.5823958755236        1.90486480E-02   4.12474293E-03
   4482.0633808435723        2.27542985E-02   4.23039682E-03
   4483.5445445534588        2.22680308E-02   4.21073474E-03
   4485.0258868660876        2.52161361E-02   4.36113309E-03
   4486.5074076423634        2.61134058E-02   4.38417634E-03
   4487.9891067431900        2.47663967E-02   4.35324432E-03
   4489.4709840294754        2.67679505E-02   4.27239202E-03
   4490.9530393621208        2.08234452E-02   4.22437070E-03
   4492.4352726020334        2.00686716E-02   4.21314454E-03
   4493.9176836101187        1.98328421E-02   4.21584630E-03
   4495.4002722472796        1.44897196E-02   4.10132669E-03
   4496.8830383744207        2.13532429E-02   4.20611864E-03
   4498.3659818524493        2.05106921E-02   4.25980659E-03
   4499.8491025422682        2.54185945E-02   4.32876823E-03
   4501.3324003047819        1.90870818E-02   4.26111743E-03
   4502.8158750008979        1.79961026E-02   4.21799021E-03
   4504.2995264915189        1.73063129E-02   4.24092310E-03
   4505.7833546375505        1.73121560E-02   4.29058028E-03
   4507.2673592998972        2.30168942E-02   4.39259969E-03
   4508.7515403394636        1.61209926E-02   4.25606826E-03
   4510.2358976171563        2.33989656E-02   4.37668292E-03
   4511.7204309938770        1.53705878E-02   4.17840807E-03
   4513.2051403305341        1.54820913E-02   4.17353353E-03
   4514.6900254880302        1.87889766E-02   4.22600145E-03
   4516.1750863272709        1.63750537E-02   4.17578686E-03
   4517.6603227091600        2.10498478E-02   4.26055584E-03
   4519.1457344946048        1.71685442E-02   4.19306476E-03
   4520.6313215445080        1.68713965E-02   4.15369915E-03
   4522.1170837197742        2.29604226E-02   4.31722356E-03
   4523.6030208813099        8.70505348E-03   3.96971358E-03
   4525.0891328900198        2.25633439E-02   4.24972596E-03
   4526.5754196068083        2.43898313E-02   4.15185327E-03
   4528.0618808925801        2.05433164E-02   4.04353300E-03
   4529.5485166082399        2.10001376E-02   4.06301906E-03
   4531.0353266146931        2.08571646E-02   4.09879256E-03
   4532.5223107728443        1.85905099E-02   4.07307828E-03
   4534.0094689435973        1.30362036E-02   3.96682741E-03
   4535.4968009878594        2.57538352E-02   4.20139357E-03
   4536.9843067665342        1.91412475E-02   4.10803501E-03
   4538.4719861405247        2.74901744E-02   4.35907440E-03
   4539.9598389707398        1.82005037E-02   4.20924556E-03
   4541.4478651180816        2.32804772E-02   4.26052511E-03
   4542.9360644434546        2.38420516E-02   4.29529045E-03
   4544.4244368077652        1.98374670E-02   4.18513082E-03
   4545.9129820719172        2.48458218E-02   4.27072356E-03
   4547.4017000968151        2.63000838E-02   4.27933037E-03
   4548.8905907433664        1.95201542E-02   4.08713706E-03
   4550.3796538724737        2.06003673E-02   4.15022718E-03
   4551.8688893450408        2.04080511E-02   4.10935283E-03
   4553.3582970219759        1.84690785E-02   4.09193896E-03
   4554.8478767641809        1.33993020E-02   3.97240883E-03
   4556.3376284325623        2.62383558E-02   4.25396068E-03
   4557.8275518880237        1.54856406E-02   4.05389303E-03
   4559.3176469914724        2.21323855E-02   4.28446755E-03
   4560.8079136038104        1.71505902E-02   4.20373771E-03
   4562.2983515859432        1.82992481E-02   4.19433787E-03
   4563.7889607987772        1.98267195E-02   4.18805005E-03
   4565.2797411032161        1.64197031E-02   4.08358546E-03
   4566.7706923601645        1.63347423E-02   4.08560270E-03
   4568.2618144305279        1.63979866E-02   4.11981484E-03
   4569.7531071752119        2.04735734E-02   4.16604895E-03
   4571.2445704551192        1.95412748E-02   4.19247430E-03
   4572.7362041311562        1.90935172E-02   4.16133041E-03
   4574.2280080642277        1.81743596E-02   4.11774497E-03
   4575.7199821152381        2.10195240E-02   4.23931936E-03
   4577.2121261450930        1.59988441E-02   4.09163721E-03
   4578.7044400146970        1.68931130E-02   4.10438469E-03
   4580.1969235849538        1.70905273E-02   4.01410088E-03
   4581.6895767167698        2.10300274E-02   4.08796361E-03
   4583.1823992710488        1.92470998E-02   4.03750921E-03
   4584.6753911086971        1.98482871E-02   4.05388279E-03
   4586.1685520906185        1.77087691E-02   3.99242854E-03
   4587.6618820777176        1.71505325E-02   4.06750198E-03
   4589.1553809308989        1.28917620E-02   3.98653513E-03
   4590.6490485110699        1.95765551E-02   4.23355121E-03
   4592.1428846791323        2.22543124E-02   4.20810329E-03
   4593.6368892959918        5.06782457E-02   4.76437528E-03
   4595.1310622225556        1.99830309E-02   5.18999528E-03
   4596.6254033197247        1.74822509E-02   4.00144374E-03
   4598.1199124484074        1.59442164E-02   3.99212213E-03
   4599.6145894695064        1.63414869E-02   3.99786280E-03
   4601.1094342439274        1.90914143E-02   4.01917519E-03
   4602.6044466325748        1.97323840E-02   4.02180571E-03
   4604.0996264963542        1.74508300E-02   3.97220254E-03
   4605.5949736961702        1.86012890E-02   4.03990643E-03
   4607.0904880929274        1.21016316E-02   3.95908440E-03
   4608.5861695475314        1.77412182E-02   4.04400472E-03
   4610.0820179208858        1.77996680E-02   4.07985551E-03
   4611.5780330738971        1.45944012E-02   4.00555599E-03
   4613.0742148674681        1.64397433E-02   4.01597796E-03
   4614.5705631625051        1.76789034E-02   4.04976262E-03
   4616.0670778199128        2.03151107E-02   4.12887335E-03
   4617.5637587005958        2.56425831E-02   4.19237930E-03
   4619.0606056654597        1.73510667E-02   4.03131964E-03
   4620.5576185754080        1.68496575E-02   4.03171033E-03
   4622.0547972913464        2.85972022E-02   4.21621278E-03
   4623.5521416741803        1.46103809E-02   4.00176598E-03
   4625.0496515848135        2.19925735E-02   4.10341332E-03
   4626.5473268841515        1.64128263E-02   3.99504788E-03
   4628.0451674330989        1.87147800E-02   4.03147843E-03
   4629.5431730925611        1.77375358E-02   4.07903874E-03
   4631.0413437234420        1.57118123E-02   4.00895951E-03
   4632.5396791866469        2.09010411E-02   4.09687078E-03
   4634.0381793430806        1.70623008E-02   4.04524058E-03
   4635.5368440536486        2.59889718E-02   4.22038278E-03
   4637.0356731792563        2.48847418E-02   4.13023680E-03
   4638.5346665808065        2.23748442E-02   4.04211739E-03
   4640.0338241192039        2.59761028E-02   4.15551756E-03
   4641.5331456553567        2.05300096E-02   4.06857580E-03
   4643.0326310501669        1.86158549E-02   4.06517275E-03
   4644.5322801645407        2.69833952E-02   4.16702824E-03
   4646.0320928593819        1.47350850E-02   3.89541686E-03
   4647.5320689955952        1.93455983E-02   3.93600948E-03
   4649.0322084340869        2.52482910E-02   4.06034291E-03
   4650.5325110357608        1.58112328E-02   3.89653235E-03
   4652.0329766615223        2.32590120E-02   4.11066506E-03
   4653.5336051722752        2.18744054E-02   4.04592091E-03
   4655.0343964289268        2.43479628E-02   4.08266112E-03
   4656.5353502923799        1.65663268E-02   3.92335327E-03
   4658.0364666235391        2.23119389E-02   4.06762864E-03
   4659.5377452833100        2.10314393E-02   4.10495326E-03
   4661.0391861325979        1.09207928E-02   3.93104460E-03
   4662.5407890323077        1.94942337E-02   4.04580263E-03
   4664.0425538433437        1.55826434E-02   3.91333969E-03
   4665.5444804266099        2.03014091E-02   3.93998204E-03
   4667.0465686430125        2.38347091E-02   3.96961439E-03
   4668.5488183534571        2.08598375E-02   3.85893788E-03
   4670.0512294188457        2.24284921E-02   4.01215674E-03
   4671.5538017000863        2.02271324E-02   3.92944645E-03
   4673.0565350580819        2.43095551E-02   4.10437398E-03
   4674.5594293537379        2.18523443E-02   4.06611338E-03
   4676.0624844479598        1.24846678E-02   3.90137359E-03
   4677.5657002016515        1.94871351E-02   4.06788569E-03
   4679.0690764757182        1.27203539E-02   3.89805483E-03
   4680.5726131310639        2.14385707E-02   3.98466224E-03
   4682.0763100285940        2.21465733E-02   4.03554691E-03
   4683.5801670292158        2.21862793E-02   4.09662537E-03
   4685.0841839938303        2.24778168E-02   4.04039817E-03
   4686.5883607833448        1.81347076E-02   3.99873964E-03
   4688.0926972586631        2.03788467E-02   4.03493922E-03
   4689.5971932806906        2.08936390E-02   4.00446448E-03
   4691.1018487103320        2.19684932E-02   4.03102953E-03
   4692.6066634084928        2.14752071E-02   4.04847786E-03
   4694.1116372360766        2.25721169E-02   4.09808662E-03
   4695.6167700539891        2.11731270E-02   4.03100392E-03
   4697.1220617231356        2.28522662E-02   4.06458136E-03
   4698.6275121044191        1.69731621E-02   3.90060991E-03
   4700.1331210587468        1.44321229E-02   3.87329981E-03
   4701.6388884470216        1.56740397E-02   3.83884623E-03
   4703.1448141301498        2.57559512E-02   4.00737394E-03
   4704.6508979690352        2.12710630E-02   3.98528483E-03
   4706.1571398245842        1.75318755E-02   3.93335940E-03
   4707.6635395576996        1.65046081E-02   3.87420342E-03
   4709.1700970292877        2.26733014E-02   4.01936518E-03
   4710.6768121002524        1.72053259E-02   3.92403686E-03
   4712.1836846315000        1.91026088E-02   4.00049146E-03
   4713.6907144839342        1.80086195E-02   4.00149915E-03
   4715.1979015184606        1.97508186E-02   3.99178406E-03
   4716.7052455959838        2.65449435E-02   4.17245971E-03
   4718.2127465774083        1.99463833E-02   4.08269651E-03
   4719.7204043236388        1.49765350E-02   3.99080897E-03
   4721.2282186955808        1.70963742E-02   4.03306400E-03
   4722.7361895541389        1.98843144E-02   4.08305693E-03
   4724.2443167602178        1.33712171E-02   3.94093944E-03
   4725.7526001747228        2.16379054E-02   4.08122363E-03
   4727.2610396585578        1.70353819E-02   3.97927454E-03
   4728.7696350726292        2.36109272E-02   4.06455435E-03
   4730.2783862778406        1.55585166E-02   3.88120185E-03
   4731.7872931350976        2.67320257E-02   4.09274595E-03
   4733.2963555053047        1.90022290E-02   3.98311764E-03
   4734.8055732493676        1.03274351E-02   3.82229732E-03
   4736.3149462281899        1.67500246E-02   3.96741927E-03
   4737.8244743026771        2.51194164E-02   4.13262891E-03
   4739.3341573337329        2.24358365E-02   4.05491702E-03
   4740.8439951822647        2.10235585E-02   4.06513503E-03
   4742.3539877091753        2.02879161E-02   4.07998497E-03
   4743.8641347753701        1.75272692E-02   4.04200330E-03
   4745.3744362417538        1.38214510E-02   3.98143521E-03
   4746.8848919692318        1.38107976E-02   3.94669687E-03
   4748.3955018187080        1.14690783E-02   3.93791869E-03
   4749.9062656510887        2.28488185E-02   4.13938332E-03
   4751.4171833272776        1.93030015E-02   4.05570306E-03
   4752.9282547081812        1.64167695E-02   3.96427745E-03
   4754.4394796547012        2.47833449E-02   4.13074205E-03
   4755.9508580277461        2.64507346E-02   4.14256984E-03
   4757.4623896882176        2.27106567E-02   4.09265608E-03
   4758.9740744970222        2.11170539E-02   4.10469854E-03
   4760.4859123150654        1.72129646E-02   3.99394892E-03
   4761.9979030032509        2.08699983E-02   4.07981547E-03
   4763.5100464224843        2.37306394E-02   4.05068416E-03
   4765.0223424336700        1.43438587E-02   3.85772320E-03
   4766.5347908977128        2.03257035E-02   4.00342466E-03
   4768.0473916755172        1.23234056E-02   3.87695432E-03
   4769.5601446279898        1.94994695E-02   4.03180579E-03
   4771.0730496160331        2.08462514E-02   4.08266904E-03
   4772.5861065005538        1.70214456E-02   4.03266866E-03
   4774.0993151424564        6.22264296E-03   3.81476479E-03
   4775.6126754026445        2.05015410E-02   4.15276457E-03
   4777.1261871420247        2.17815619E-02   4.13063262E-03
   4778.6398502214997        1.82536654E-02   4.08157986E-03
   4780.1536645019778        1.63235683E-02   4.05209092E-03
   4781.6676298443608        1.31543260E-02   3.95888649E-03
   4783.1817461095543        1.49137899E-02   3.98563407E-03
   4784.6960131584638        1.90568771E-02   4.06227075E-03
   4786.2104308519947        1.91854835E-02   4.07555560E-03
   4787.7249990510500        1.52887972E-02   3.94375809E-03
   4789.2397176165359        1.51630873E-02   3.96800041E-03
   4790.7545864093563        1.11427233E-02   3.91255924E-03
   4792.2696052904175        2.26306170E-02   4.12837742E-03
   4793.7847741206233        1.97913144E-02   4.11425997E-03
   4795.3000927608791        1.49617074E-02   4.05361736E-03
   4796.8155610720887        2.12509874E-02   4.19175252E-03
   4798.3311789151594        1.14298826E-02   3.98230692E-03
   4799.8469461509931        1.76449697E-02   4.05119173E-03
   4801.3628626404952        8.76015238E-03   3.88269895E-03
   4802.8789282445732        1.81965772E-02   4.10941010E-03
   4804.3951428241289        8.19943845E-03   3.87029513E-03
   4805.9115062400697        1.48384981E-02   4.04560473E-03
   4807.4280183532974        1.77001934E-02   4.04408900E-03
   4808.9446790247202        2.17159148E-02   4.08328744E-03
   4810.4614881152402        1.54806608E-02   3.97129543E-03
   4811.9784454857645        2.41333228E-02   4.16568015E-03
   4813.4955509971969        2.22367309E-02   4.17091651E-03
   4815.0128045104420        2.33561173E-02   4.21356689E-03
   4816.5302058864054        1.99701339E-02   4.15000832E-03
   4818.0477549859897        1.59270875E-02   4.09014104E-03
   4819.5654516701034        1.09253246E-02   4.00103163E-03
   4821.0832957996499        2.10709814E-02   4.17616917E-03
   4822.6012872355323        1.37086418E-02   4.00366588E-03
   4824.1194258386577        2.08123811E-02   4.10431856E-03
   4825.6377114699299        1.06212469E-02   3.88468127E-03
   4827.1561439902543        1.35471635E-02   3.97540955E-03
   4828.6747232605358        1.45401452E-02   4.02616663E-03
   4830.1934491416787        1.50540732E-02   4.01511882E-03
   4831.7123214945877        1.74963251E-02   4.03900910E-03
   4833.2313401801684        2.07063258E-02   4.11898410E-03
   4834.7505050593254        2.05305051E-02   4.08914080E-03
   4836.2698159929641        2.09754203E-02   4.06820653E-03
   4837.7892728419874        2.61176191E-02   4.22342028E-03
   4839.3088754673036        1.86500661E-02   4.02478874E-03
   4840.8286237298144        2.57818494E-02   4.17818828E-03
   4842.3485174904254        2.02951115E-02   4.07654420E-03
   4843.8685566100430        3.04335188E-02   4.25154297E-03
   4845.3887409495701        1.93299502E-02   4.06277087E-03
   4846.9090703699130        2.98625398E-02   4.27483395E-03
   4848.4295447319746        3.21310163E-02   4.27920232E-03
   4849.9501638966631        3.29675525E-02   4.26747510E-03
   4851.4709277248803        2.36332435E-02   4.13163099E-03
   4852.9918360775318        2.93935072E-02   4.18046815E-03
   4854.5128888155241        2.78404374E-02   4.12720395E-03
   4856.0340857997599        2.93961968E-02   4.08361247E-03
   4857.5554268911446        2.04740819E-02   3.84982186E-03
   4859.0769119505849        1.83924362E-02   3.73644917E-03
   4860.5985408389834        1.21438643E-02   3.43918242E-03
   4862.1203134172456        1.80546101E-02   3.60441837E-03
   4863.6422295462771        2.17831694E-02   3.75891943E-03
   4865.1642890869816        2.17868332E-02   3.84196709E-03
   4866.6864919002646        1.55654717E-02   3.83119052E-03
   4868.2088378470307        2.17234325E-02   3.97594599E-03
   4869.7313267881864        2.46845391E-02   4.02027927E-03
   4871.2539585846334        2.56644208E-02   3.98860918E-03
   4872.7767330972802        1.89277884E-02   3.87106137E-03
   4874.2996501870284        2.36917771E-02   4.00841702E-03
   4875.8227097147847        2.11267229E-02   3.99063528E-03
   4877.3459115414535        2.75408663E-02   4.16804757E-03
   4878.8692555279395        2.36665308E-02   4.12770314E-03
   4880.3927415351482        2.28800625E-02   4.10285592E-03
   4881.9163694239851        2.39534117E-02   4.12586005E-03
   4883.4401390553521        1.98852029E-02   4.04429249E-03
   4884.9640502901575        1.55258318E-02   3.97336110E-03
   4886.4881029893031        1.94048490E-02   3.98858730E-03
   4888.0122970136963        2.43361704E-02   4.00675135E-03
   4889.5366322242407        1.33666210E-02   3.78798600E-03
   4891.0611084818420        2.45094895E-02   3.99369095E-03
   4892.5857256474037        1.59181189E-02   3.87489307E-03
   4894.1104835818323        1.16248168E-02   3.84711847E-03
   4895.6353821460316        1.53009882E-02   4.03878652E-03
   4897.1604212009070        1.33403968E-02   3.98689415E-03
   4898.6856006073631        2.13367753E-02   4.12088446E-03
   4900.2109202263046        1.72762256E-02   4.04937984E-03
   4901.7363799186351        1.71007644E-02   4.02365485E-03
   4903.2619795452629        2.08533369E-02   4.03266307E-03
   4904.7877189670899        1.73958447E-02   3.98837822E-03
   4906.3135980450215        2.18313187E-02   4.09935880E-03
   4907.8396166399634        2.38510016E-02   4.16083727E-03
   4909.3657746128210        2.52051111E-02   4.12548380E-03
   4910.8920718244972        1.20599661E-02   3.85406450E-03
   4912.4185081358983        2.15687789E-02   4.06957185E-03
   4913.9450834079280        2.35295892E-02   4.12412547E-03
   4915.4717975014928        2.09399834E-02   4.06590058E-03
   4916.9986502774964        1.87637359E-02   3.99488304E-03
   4918.5256415968452        1.56249655E-02   3.76184587E-03
   4920.0527713204410        1.94038786E-02   3.89397796E-03
   4921.5800393091913        1.66607574E-02   3.78392171E-03
   4923.1074454239997        1.94916688E-02   3.90081224E-03
   4924.6349895257717        2.03483216E-02   3.98771558E-03
   4926.1626714754120        1.04523599E-02   3.82984313E-03
   4927.6904911338261        2.35512927E-02   4.11569374E-03
   4929.2184483619176        1.84049401E-02   4.05872101E-03
   4930.7465430205921        1.98379699E-02   4.10417886E-03
   4932.2747749707542        1.30449664E-02   3.89759568E-03
   4933.8031440733093        1.96270719E-02   4.02878644E-03
   4935.3316501891622        1.29841277E-02   3.86001659E-03
   4936.8602931792175        1.53485928E-02   3.87150655E-03
   4938.3890729043787        1.91279985E-02   3.94252734E-03
   4939.9179892255534        2.74217445E-02   4.07506339E-03
   4941.4470420036441        2.05100067E-02   4.02569119E-03
   4942.9762310995575        1.26439827E-02   3.94212874E-03
   4944.5055563741962        1.87452920E-02   4.05103900E-03
   4946.0350176884685        1.61717664E-02   4.02058521E-03
   4947.5646149032755        1.46960178E-02   4.00992064E-03
   4949.0943478795243        1.63356718E-02   3.99568677E-03
   4950.6242164781197        2.13362183E-02   4.11158707E-03
   4952.1542205599662        2.59217899E-02   4.19879379E-03
   4953.6843599859685        3.16314846E-02   4.31095203E-03
   4955.2146346170312        1.57960393E-02   3.89539497E-03
   4956.7450443140597        2.78876685E-02   4.09890851E-03
   4958.2755889379587        2.12829635E-02   3.94105678E-03
   4959.8062683496328        1.87281817E-02   3.97337181E-03
   4961.3370824099875        2.02155709E-02   4.07437515E-03
   4962.8680309799274        1.53765986E-02   4.04542452E-03
   4964.3991139203572        2.09903680E-02   4.08241712E-03
   4965.9303310921814        1.72296911E-02   3.98049550E-03
   4967.4616823563065        2.13719551E-02   4.05323226E-03
   4968.9931675736352        2.43434459E-02   4.13405662E-03
   4970.5247866050731        1.79353990E-02   3.98446666E-03
   4972.0565393115257        1.89269818E-02   4.03487450E-03
   4973.5884255538977        1.71525870E-02   4.03648149E-03
   4975.1204451930935        2.40396969E-02   4.14967816E-03
   4976.6525980900178        1.22552635E-02   3.94754577E-03
   4978.1848841055762        1.66028831E-02   3.96905048E-03
   4979.7173031006741        1.94892120E-02   3.99290491E-03
   4981.2498549362144        1.80299710E-02   3.91718326E-03
   4982.7825394731035        1.62501577E-02   3.82606057E-03
   4984.3153565722459        1.88355520E-02   3.88914533E-03
   4985.8483060945464        2.82050520E-02   4.08720132E-03
   4987.3813879009094        2.18188334E-02   4.05732263E-03
   4988.9146018522406        2.52283644E-02   4.19458235E-03
   4990.4479478094445        1.27243912E-02   3.90842324E-03
   4991.9814256334257        2.23609935E-02   4.06534132E-03
   4993.5150351850898        2.53854096E-02   4.14768700E-03
   4995.0487763253414        2.17224341E-02   4.10156325E-03
   4996.5826489150850        2.68591996E-02   4.19322448E-03
   4998.1166528152253        2.47181877E-02   4.14212467E-03
   4999.6507878866669        2.31138449E-02   4.15305980E-03
   5001.1850539903171        2.13691071E-02   4.03278461E-03
   5002.7194509870778        2.55320054E-02   4.07805387E-03
   5004.2539787378546        2.96105370E-02   4.14349325E-03
   5005.7886371035538        2.57893279E-02   4.03983379E-03
   5007.3234259450783        2.47090459E-02   4.04650206E-03
   5008.8583451233344        1.67261790E-02   3.91442236E-03
   5010.3933944992268        2.50586402E-02   4.11999226E-03
   5011.9285739336601        2.24972144E-02   3.99799878E-03
   5013.4638832875389        1.88745204E-02   3.95764643E-03
   5014.9993224217678        2.44625509E-02   4.02671052E-03
   5016.5348911972524        1.91539153E-02   3.90075753E-03
   5018.0705894748971        2.77467500E-02   4.16295091E-03
   5019.6064171156077        1.84720717E-02   3.96144250E-03
   5021.1423739802876        2.09390260E-02   4.07216512E-03
   5022.6784599298426        2.76402216E-02   4.14722785E-03
   5024.2146748251771        2.82245632E-02   4.19120258E-03
   5025.7510185271967        2.57511847E-02   4.14003851E-03
   5027.2874908968060        2.46756449E-02   4.13296698E-03
   5028.8240917949106        2.25922763E-02   4.10763035E-03
   5030.3608210824123        2.68677231E-02   4.21155803E-03
   5031.8976786202193        3.33343558E-02   4.36830707E-03
   5033.4346642692353        2.33912580E-02   4.18415805E-03
   5034.9717778903650        1.81755386E-02   4.01906017E-03
   5036.5090193445139        3.52765210E-02   4.36940230E-03
   5038.0463884925857        2.30438858E-02   4.08809492E-03
   5039.5838851954859        2.30322517E-02   4.02810890E-03
   5041.1215093141200        2.56303288E-02   4.08763019E-03
   5042.6592607093917        2.50166282E-02   4.09789989E-03
   5044.1971392422065        2.49610804E-02   4.20845812E-03
   5045.7351447734700        2.69378480E-02   4.24259854E-03
   5047.2732771640858        2.23321561E-02   4.21574898E-03
   5048.8115362749595        2.51764115E-02   4.19539120E-03
   5050.3499219669948        1.53381862E-02   3.96126043E-03
   5051.8884341010980        1.51731409E-02   3.95175349E-03
   5053.4270725381739        1.81718804E-02   4.10858961E-03
   5054.9658371391261        1.86396241E-02   4.14266763E-03
   5056.5047277648609        1.99445989E-02   4.18943446E-03
   5058.0437442762823        1.78039521E-02   4.16472601E-03
   5059.5828865342964        1.90804284E-02   4.15093964E-03
   5061.1221543998063        1.98051576E-02   4.21987101E-03
   5062.6615477337182        2.30941009E-02   4.21837671E-03
   5064.2010663969349        1.33103216E-02   4.01761197E-03
   5065.7407102503639        2.56562345E-02   4.22335742E-03
   5067.2804791549088        2.33501960E-02   4.17944044E-03
   5068.8203729714751        2.17658207E-02   4.19563241E-03
   5070.3603915609656        1.84732098E-02   4.15977510E-03
   5071.9005347842885        1.94754992E-02   4.13162727E-03
   5073.4408025023467        2.04005633E-02   4.09456622E-03
   5074.9811945760448        7.96061847E-03   3.87800019E-03
   5076.5217108662882        1.60290245E-02   4.11065994E-03
   5078.0623512339826        2.60796268E-02   4.19379631E-03
   5079.6031155400306        1.98018942E-02   4.03700909E-03
   5081.1440036453387        1.85972508E-02   4.00548242E-03
   5082.6850154108124        2.55594254E-02   4.18228237E-03
   5084.2261506973555        1.94256492E-02   4.15087631E-03
   5085.7674093658734        2.25481503E-02   4.22773510E-03
   5087.3087912772689        2.05322579E-02   4.19120491E-03
   5088.8502962924495        1.81301925E-02   4.17796802E-03
   5090.3919242723196        1.83699094E-02   4.14899644E-03
   5091.9336750777829        2.19728015E-02   4.29043407E-03
   5093.4755485697460        1.16644781E-02   4.06017108E-03
   5095.0175446091125        2.58740224E-02   4.31349408E-03
   5096.5596630567870        2.22437624E-02   4.20134561E-03
   5098.1019037736751        1.79248825E-02   4.09479300E-03
   5099.6442666206822        1.38750877E-02   4.01176140E-03
   5101.1867514587111        2.13144198E-02   4.18612268E-03
   5102.7293581486692        2.31620837E-02   4.24707122E-03
   5104.2720865514602        1.95333771E-02   4.18097805E-03
   5105.8149365279878        2.31661070E-02   4.23269859E-03
   5107.3579079391584        2.84570772E-02   4.29671863E-03
   5108.9010006458766        1.34173548E-02   4.01801476E-03
   5110.4442145090479        2.90683880E-02   4.30833036E-03
   5111.9875493895752        1.65368803E-02   4.07288922E-03
   5113.5310051483648        2.26614010E-02   4.28500352E-03
   5115.0745816463223        1.50909657E-02   4.10658633E-03
   5116.6182787443513        2.20533814E-02   4.27369447E-03
   5118.1620963033565        1.80288721E-02   4.24123090E-03
   5119.7060341842434        1.97631270E-02   4.20538802E-03
   5121.2500922479167        1.75535567E-02   4.14983369E-03
   5122.7942703552817        1.94905587E-02   4.14961344E-03
   5124.3385683672423        2.02995129E-02   4.12944052E-03
   5125.8829861447039        1.87835768E-02   4.08370886E-03
   5127.4275235485711        1.75159238E-02   4.12595086E-03
   5128.9721804397495        2.05710046E-02   4.09795763E-03
   5130.5169566791437        1.32927354E-02   4.05460270E-03
   5132.0618521276574        1.38356555E-02   4.01461823E-03
   5133.6068666461970        2.09672339E-02   4.19715233E-03
   5135.1520000956671        1.77312121E-02   4.13818983E-03
   5136.6972523369723        1.34827625E-02   4.08726465E-03
   5138.2426232310172        2.08867677E-02   4.10027383E-03
   5139.7881126387074        2.30292697E-02   4.15310496E-03
   5141.3337204209465        3.11630499E-02   4.35353955E-03
   5142.8794464386410        1.40329916E-02   4.01684502E-03
   5144.4252905526937        1.89445950E-02   4.15847264E-03
   5145.9712526240119        2.06764434E-02   4.15007398E-03
   5147.5173325134983        1.94879100E-02   4.21480462E-03
   5149.0635300820595        1.92949418E-02   4.15637763E-03
   5150.6098451905991        2.72469632E-02   4.30349167E-03
   5152.1562777000227        1.30317071E-02   4.05948935E-03
   5153.7028274712347        2.28118617E-02   4.21899790E-03
   5155.2494943651400        2.71002688E-02   4.33111843E-03
   5156.7962782426439        2.81618964E-02   4.36461577E-03
   5158.3431789646511        1.76024623E-02   4.20157332E-03
   5159.8901963920671        2.52924245E-02   4.31950390E-03
   5161.4373303857947        2.70961989E-02   4.34774579E-03
   5162.9845808067412        2.39773113E-02   4.31649666E-03
   5164.5319475158094        2.55194306E-02   4.17767512E-03
   5166.0794303739049        2.11700741E-02   4.00347030E-03
   5167.6270292419340        2.00102963E-02   3.91314551E-03
   5169.1747439808005        2.44333819E-02   3.98748601E-03
   5170.7225744514080        2.58017275E-02   3.99322156E-03
   5172.2705205146622        1.33740082E-02   3.75617738E-03
   5173.8185820314702        1.65835600E-02   3.82963172E-03
   5175.3667588627341        2.30039414E-02   4.09561209E-03
   5176.9150508693583        2.32048202E-02   4.25912393E-03
   5178.4634579122503        1.95328370E-02   4.22387710E-03
   5180.0119798523137        1.94234867E-02   4.19574883E-03
   5181.5606165504532        3.23809348E-02   4.27514967E-03
   5183.1093678675734        3.37787122E-02   4.21513384E-03
   5184.6582336645788        2.17247177E-02   3.92001774E-03
   5186.2072138023768        2.16256175E-02   3.99110513E-03
   5187.7563081418702        2.56947670E-02   4.28547291E-03
   5189.3055165439637        2.07874067E-02   4.22550505E-03
   5190.8548388695626        2.43881419E-02   4.27014614E-03
   5192.4042749795717        2.62642894E-02   4.29962389E-03
   5193.9538247348955        1.38549814E-02   3.96668352E-03
   5195.5034879964405        2.25468110E-02   4.27687820E-03
   5197.0532646251086        2.21960247E-02   4.31037834E-03
   5198.6031544818079        2.00503953E-02   4.31370130E-03
   5200.1531574274413        2.02360023E-02   4.38644178E-03
   5201.7032733229153        1.80461872E-02   4.29265294E-03
   5203.2535020291316        2.01211069E-02   4.20550210E-03
   5204.8038434069986        2.31912229E-02   4.25120117E-03
   5206.3542973174199        1.71382986E-02   4.08776477E-03
   5207.9048636213001        2.28027683E-02   4.18834062E-03
   5209.4555421795430        2.56066751E-02   4.29848069E-03
   5211.0063328530541        1.83059480E-02   4.26292606E-03
   5212.5572355027407        1.68328136E-02   4.19885200E-03
   5214.1082499895047        2.09602434E-02   4.26052744E-03
   5215.6593761742524        2.34702043E-02   4.31175251E-03
   5217.2106139178877        2.66046841E-02   4.31718864E-03
   5218.7619630813169        2.01479383E-02   4.21848288E-03
   5220.3134235254429        1.90449767E-02   4.27264208E-03
   5221.8649951111720        2.23589912E-02   4.36137151E-03
   5223.4166776994098        2.29920316E-02   4.33467142E-03
   5224.9684711510590        1.87874883E-02   4.18628147E-03
   5226.5203753270262        2.06847060E-02   4.14305460E-03
   5228.0723900882149        1.27152931E-02   3.94551270E-03
   5229.6245152955307        1.56666264E-02   4.05275635E-03
   5231.1767508098792        2.02615969E-02   4.20928886E-03
   5232.7290964921640        2.17755008E-02   4.21493920E-03
   5234.2815522032906        2.48188395E-02   4.26846789E-03
   5235.8341178041637        1.14175910E-02   4.00835602E-03
   5237.3867931556888        2.23325789E-02   4.34596324E-03
   5238.9395781187695        2.31289379E-02   4.38533025E-03
   5240.4924725543124        1.47182615E-02   4.18540696E-03
   5242.0454763232201        2.18086392E-02   4.35877731E-03
   5243.5985892863982        1.81066692E-02   4.27972665E-03
   5245.1518113047541        1.89445522E-02   4.27418947E-03
   5246.7051422391887        1.74203292E-02   4.26256703E-03
   5248.2585819506094        2.35769954E-02   4.38239519E-03
   5249.8121302999207        2.82552112E-02   4.42923559E-03
   5251.3657871480273        2.23324466E-02   4.29313956E-03
   5252.9195523558346        1.79363973E-02   4.19516303E-03
   5254.4734257842447        2.20777262E-02   4.31204680E-03
   5256.0274072941666        2.49178298E-02   4.38617868E-03
   5257.5814967465021        1.58586688E-02   4.25941218E-03
   5259.1356940021587        1.69122536E-02   4.28653648E-03
   5260.6899989220392        2.71587502E-02   4.43430478E-03
   5262.2444113670481        2.16433108E-02   4.22873721E-03
   5263.7989311980909        2.49048732E-02   4.22079628E-03
   5265.3535582760733        2.37127133E-02   4.16800706E-03
   5266.9082924619006        3.02056558E-02   4.28343937E-03
   5268.4631336164757        2.01474223E-02   4.06358484E-03
   5270.0180816007041        2.31467132E-02   4.15735506E-03
   5271.5731362754914        2.13177633E-02   4.12660930E-03
   5273.1282975017430        2.19806731E-02   4.21277015E-03
   5274.6835651403626        1.88935120E-02   4.18105163E-03
   5276.2389390522540        1.71766113E-02   4.24192660E-03
   5277.7944190983244        1.77981369E-02   4.25417209E-03
   5279.3500051394767        1.99798401E-02   4.31521377E-03
   5280.9056970366173        2.02826969E-02   4.29380266E-03
   5282.4614946506508        2.02489179E-02   4.29528672E-03
   5284.0173978424818        2.33750902E-02   4.34349151E-03
   5285.5734064730150        1.71755571E-02   4.23017005E-03
   5287.1295204031539        2.27301158E-02   4.39474126E-03
   5288.6857394938070        2.05030441E-02   4.38799663E-03
   5290.2420636058760        1.64657049E-02   4.29371558E-03
   5291.7984926002655        1.78642366E-02   4.32003615E-03
   5293.3550263378838        1.27968676E-02   4.21123439E-03
   5294.9116646796328        1.61729809E-02   4.30168491E-03
   5296.4684074864181        2.30757315E-02   4.35035117E-03
   5298.0252546191441        2.63553411E-02   4.39573778E-03
   5299.5822059387174        1.88994780E-02   4.21708124E-03
   5301.1392613060407        1.05309691E-02   4.14837571E-03
   5302.6964205820204        2.02710349E-02   4.33218479E-03
   5304.2536836275613        1.55553706E-02   4.27448144E-03
   5305.8110503035659        1.30895535E-02   4.26126178E-03
   5307.3685204709427        1.84837133E-02   4.33659554E-03
   5308.9260939905944        2.37431303E-02   4.42553591E-03
   5310.4837707234256        2.29030102E-02   4.49746102E-03
   5312.0415505303426        1.93084460E-02   4.44885017E-03
   5313.5994332722494        2.22672652E-02   4.44008596E-03
   5315.1574188100512        1.92790497E-02   4.32055537E-03
   5316.7155070046529        1.73675157E-02   4.29509720E-03
   5318.2736977169579        2.54009347E-02   4.47490904E-03
   5319.8319908078729        1.38878906E-02   4.25003981E-03
   5321.3903861383014        2.50906497E-02   4.47667483E-03
   5322.9488835691500        2.13440433E-02   4.37635370E-03
   5324.5074829613231        2.90201548E-02   4.48483741E-03
   5326.0661841757237        1.78038999E-02   4.23700223E-03
   5327.6249870732581        2.54710987E-02   4.30894131E-03
   5329.1838915148328        1.69561766E-02   4.14908398E-03
   5330.7428973613496        1.85807254E-02   4.26876452E-03
   5332.3020044737141        2.58909352E-02   4.48523508E-03
   5333.8612127128335        1.74134169E-02   4.36019152E-03
   5335.4205219396099        1.52078271E-02   4.31789597E-03
   5336.9799320149486        2.12953258E-02   4.44491068E-03
   5338.5394427997562        1.84180532E-02   4.35916195E-03
   5340.0990541549354        1.85966454E-02   4.30296175E-03
   5341.6587659413935        1.20398523E-02   4.14285297E-03
   5343.2185780200325        1.59828812E-02   4.25887154E-03
   5344.7784902517596        2.38506962E-02   4.44432953E-03
   5346.3385024974787        2.49575302E-02   4.45750542E-03
   5347.8986146180951        1.53483208E-02   4.24279552E-03
   5349.4588264745125        1.61937103E-02   4.30693058E-03
   5351.0191379276375        1.62343867E-02   4.26449114E-03
   5352.5795488383728        2.30991468E-02   4.45214193E-03
   5354.1400590676258        2.04780772E-02   4.43035690E-03
   5355.7006684763001        1.88598484E-02   4.40837350E-03
   5357.2613769253012        1.37343593E-02   4.33596643E-03
   5358.8221842755320        1.84682421E-02   4.42785397E-03
   5360.3830903878988        2.74099372E-02   4.54052864E-03
   5361.9440951233064        1.74038596E-02   4.39360412E-03
   5363.5051983426602        1.73183382E-02   4.32391977E-03
   5365.0663999068647        1.39905522E-02   4.21973504E-03
   5366.6276996768247        1.57623272E-02   4.22304496E-03
   5368.1890975134438        2.00004876E-02   4.33053961E-03
   5369.7505932776285        1.47802085E-02   4.17128578E-03
   5371.3121868302842        1.66179296E-02   4.23276983E-03
   5372.8738780323138        1.89985409E-02   4.33953339E-03
   5374.4356667446227        1.70413591E-02   4.35008435E-03
   5375.9975528281166        1.99110135E-02   4.46616719E-03
   5377.5595361437008        1.95221044E-02   4.44411160E-03
   5379.1216165522783        1.72844250E-02   4.36820881E-03
   5380.6837939147554        2.59267334E-02   4.53526340E-03
   5382.2460680920367        2.35581603E-02   4.43678023E-03
   5383.8084389450269        2.05703340E-02   4.38640919E-03
   5385.3709063346305        1.43853426E-02   4.30624885E-03
   5386.9334701217531        2.31764764E-02   4.49252687E-03
   5388.4961301672984        2.17044428E-02   4.44187736E-03
   5390.0588863321736        2.31864862E-02   4.49974136E-03
   5391.6217384772808        2.31331810E-02   4.42868285E-03
   5393.1846864635272        2.12415475E-02   4.39058943E-03
   5394.7477301518156        2.02524345E-02   4.36059805E-03
   5396.3108694030525        1.87751222E-02   4.30834480E-03
   5397.8741040781415        1.85474455E-02   4.32851817E-03
   5399.4374340379882        3.02024614E-02   4.50752070E-03
   5401.0008591434980        1.77016053E-02   4.30892548E-03
   5402.5643792555747        1.87880937E-02   4.31112293E-03
   5404.1279942351239        1.95525773E-02   4.23493842E-03
   5405.6917039430500        1.93382762E-02   4.23586136E-03
   5407.2555082402587        2.00490020E-02   4.30602022E-03
   5408.8194069876527        1.58904959E-02   4.18307446E-03
   5410.3834000461384        1.76825579E-02   4.30597225E-03
   5411.9474872766214        2.97405329E-02   4.56017302E-03
   5413.5116685400062        2.62080505E-02   4.55247331E-03
   5415.0759436971966        1.91987846E-02   4.33586165E-03
   5416.6403126090981        2.06737090E-02   4.40311944E-03
   5418.2047751366163        2.31615826E-02   4.48310515E-03
   5419.7693311406547        1.69450101E-02   4.41879220E-03
   5421.3339804821189        2.15767995E-02   4.43149963E-03
   5422.8987230219127        1.48510253E-02   4.22126520E-03
   5424.4635586209442        1.66657716E-02   4.31615021E-03
   5426.0284871401145        1.43284770E-02   4.20453772E-03
   5427.5935084403309        1.53420875E-02   4.29241126E-03
   5429.1586223824970        1.91026945E-02   4.37355926E-03
   5430.7238288275175        1.79289952E-02   4.32377774E-03
   5432.2891276362989        1.29855461E-02   4.14445763E-03
   5433.8545186697438        2.17868593E-02   4.39984631E-03
   5435.4200017887588        2.46597249E-02   4.43721050E-03
   5436.9855768542484        1.64918490E-02   4.33693267E-03
   5438.5512437271173        1.66891273E-02   4.37562633E-03
   5440.1170022682700        2.48666238E-02   4.64425329E-03
   5441.6828523386121        1.70791782E-02   4.43551876E-03
   5443.2487937990472        1.46740125E-02   4.35224501E-03
   5444.8148265104810        1.72855817E-02   4.35420498E-03
   5446.3809503338198        2.49641128E-02   4.43138368E-03
   5447.9471651299655        1.98936071E-02   4.37580235E-03
   5449.5134707598254        2.45624818E-02   4.49398998E-03
   5451.0798670843033        2.59988625E-02   4.62018605E-03
   5452.6463539643046        1.84681918E-02   4.43096692E-03
   5454.2129312607340        2.07353793E-02   4.37853951E-03
   5455.7795988344960        2.21640542E-02   4.40177182E-03
   5457.3463565464954        1.44033479E-02   4.27371729E-03
   5458.9132042576366        2.01263018E-02   4.48106136E-03
   5460.4801418288262        1.56235900E-02   4.37570177E-03
   5462.0471691209677        2.25497354E-02   4.50634677E-03
   5463.6142859949668        2.25773770E-02   4.46045678E-03
   5465.1814923117272        3.00445836E-02   4.59035300E-03
   5466.7487879321552        2.63519920E-02   4.58705425E-03
   5468.3161727171546        2.11487096E-02   4.41586738E-03
   5469.8836465276299        2.05659941E-02   4.48958762E-03
   5471.4512092244877        1.22356676E-02   4.22212947E-03
   5473.0188606686324        1.81753375E-02   4.39234264E-03
   5474.5866007209679        2.66123321E-02   4.53288248E-03
   5476.1544292423987        1.56431794E-02   4.25860519E-03
   5477.7223460938303        1.71969216E-02   4.29945486E-03
   5479.2903511361683        2.02310402E-02   4.40149708E-03
   5480.8584442303172        1.39903389E-02   4.29240800E-03
   5482.4266252371808        1.77428573E-02   4.36580088E-03
   5483.9948940176655        1.55384606E-02   4.32309415E-03
   5485.5632504326759        1.44182146E-02   4.33632778E-03
   5487.1316943431157        2.00770888E-02   4.44824714E-03
   5488.7002256098904        2.13743728E-02   4.49427497E-03
   5490.2688440939055        2.10310984E-02   4.45340760E-03
   5491.8375496560657        1.55305983E-02   4.40673111E-03
   5493.4063421572746        1.97439399E-02   4.43215622E-03
   5494.9752214584387        2.19530128E-02   4.47873538E-03
   5496.5441874204607        1.89547110E-02   4.45098430E-03
   5498.1132399042481        2.15482358E-02   4.52803122E-03
   5499.6823787707044        2.28897911E-02   4.52769781E-03
   5501.2516038807353        1.43356593E-02   4.37315693E-03
   5502.8209150952443        2.02048235E-02   4.41878056E-03
   5504.3903122751381        1.75833758E-02   4.37188940E-03
   5505.9597952813183        2.58771814E-02   4.54202341E-03
   5507.5293639746933        1.52589520E-02   4.40218998E-03
   5509.0990182161668        2.16521956E-02   4.47424967E-03
   5510.6687578666424        1.38264112E-02   4.29417472E-03
   5512.2385827870276        2.20492445E-02   4.48152563E-03
   5513.8084928382232        2.26687938E-02   4.46554366E-03
   5515.3784878811384        2.15073470E-02   4.51560132E-03
   5516.9485677766770        1.68337431E-02   4.44111740E-03
   5518.5187323857417        2.01212261E-02   4.50886693E-03
   5520.0889815692381        2.55533028E-02   4.56774514E-03
   5521.6593151880734        2.17852499E-02   4.55854740E-03
   5523.2297331031496        2.81946808E-02   4.69141267E-03
   5524.8002351753739        1.72596239E-02   4.46338207E-03
   5526.3708212656493        1.80280842E-02   4.38581593E-03
   5527.9414912348811        2.33808663E-02   4.48238570E-03
   5529.5122449439741        2.06512455E-02   4.43733856E-03
   5531.0830822538346        1.78090390E-02   4.40537464E-03
   5532.6540030253655        1.69488899E-02   4.43468103E-03
   5534.2250071194740        1.98768992E-02   4.50330786E-03
   5535.7960943970611        2.15948410E-02   4.53671440E-03
   5537.3672647190369        1.98021438E-02   4.46835952E-03
   5538.9385179463015        1.99696533E-02   4.45176568E-03
   5540.5098539397623        1.46765392E-02   4.34217509E-03
   5542.0812725603237        3.06389648E-02   4.72221337E-03
   5543.6527736688904        1.41059384E-02   4.38447669E-03
   5545.2243571263680        1.74066257E-02   4.44996450E-03
   5546.7960227936592        1.40081188E-02   4.40586079E-03
   5548.3677705316704        1.40145309E-02   4.37054597E-03
   5549.9396002013082        1.53205777E-02   4.40967921E-03
   5551.5115116634743        1.45978741E-02   4.37435135E-03
   5553.0835047790752        1.82347056E-02   4.48320899E-03
   5554.6555794090154        1.72475856E-02   4.45464859E-03
   5556.2277354142007        2.43084468E-02   4.61356761E-03
   5557.7999726555345        1.50881680E-02   4.36597085E-03
   5559.3722909939224        1.80089269E-02   4.44720127E-03
   5560.9446902902691        1.98172592E-02   4.52037994E-03
   5562.5171704054801        1.68102365E-02   4.46970761E-03
   5564.0897312004599        1.62364226E-02   4.38292930E-03
   5565.6623725361114        1.42504899E-02   4.40740772E-03
   5567.2350942733419        1.54475067E-02   4.37884405E-03
   5568.8078962730569        9.78021603E-03   4.26534889E-03
   5570.3807783961593        1.83390472E-02   4.45322599E-03
   5571.9537405035544        1.70942880E-02   4.40730667E-03
   5573.5267824561488        1.92330908E-02   4.66267951E-03
   5575.0999041148434        9.00348462E-03   7.67674251E-03
   5576.6731053405474        8.89748894E-03   9.89179127E-03
   5578.2463859941627        1.20152859E-02   1.02593927E-02
   5579.8197459365965        2.04533488E-02   9.36162192E-03
   5581.3931850287518        2.43249331E-02   5.98126650E-03
   5582.9667031315339        1.70745347E-02   4.64955810E-03
   5584.5403001058485        1.50006264E-02   4.35846252E-03
   5586.1139758125992        2.32354440E-02   4.51785093E-03
   5587.6877301126915        1.76370647E-02   4.37567942E-03
   5589.2615628670310        1.52970590E-02   4.26939875E-03
   5590.8354739365222        1.68153439E-02   4.37583681E-03
   5592.4094631820681        2.02024840E-02   4.51242784E-03
   5593.9835304645758        2.38278862E-02   4.53661755E-03
   5595.5576756449500        2.28557438E-02   4.59264405E-03
   5597.1318985840944        1.44697735E-02   4.35615238E-03
   5598.7061991429146        1.94017999E-02   4.51375684E-03
   5600.2805771823159        1.57504808E-02   4.38059261E-03
   5601.8550325632023        2.45360844E-02   4.51981463E-03
   5603.4295651464790        1.90453157E-02   4.46204934E-03
   5605.0041747930509        1.72250755E-02   4.47884249E-03
   5606.5788613638233        1.80547480E-02   4.56112390E-03
   5608.1536247196991        1.33149931E-02   4.47889417E-03
   5609.7284647215865        2.28027683E-02   4.64872131E-03
   5611.3033812303875        1.62014086E-02   4.52657603E-03
   5612.8783741070083        2.30822582E-02   4.61979117E-03
   5614.4534432123528        2.09995098E-02   4.53539053E-03
   5616.0285884073273        1.71089470E-02   4.38481290E-03
   5617.6038095528356        2.14423388E-02   4.47204150E-03
   5619.1791065097832        2.02032365E-02   4.55531711E-03
   5620.7544791390737        2.80636642E-02   4.69259964E-03
   5622.3299273016137        1.23829897E-02   4.38656891E-03
   5623.9054508583076        9.64900199E-03   4.29132581E-03
   5625.4810496700602        1.23481574E-02   4.38725296E-03
   5627.0567235977751        1.05162403E-02   4.36578179E-03
   5628.6324725023587        2.45549493E-02   4.63381270E-03
   5630.2082962447148        2.25104876E-02   4.62733069E-03
   5631.7841946857498        1.81880463E-02   4.58069425E-03
   5633.3601676863664        1.58575531E-02   4.46066307E-03
   5634.9362151074711        1.51547724E-02   4.38112207E-03
   5636.5123368099685        1.70388278E-02   4.51033330E-03
   5638.0885326547623        1.48785580E-02   4.49789222E-03
   5639.6648025027607        1.92937255E-02   4.50474070E-03
   5641.2411462148648        1.74421743E-02   4.51839017E-03
   5642.8175636519809        2.00666171E-02   4.59930347E-03
   5644.3940546750127        1.57678258E-02   4.49116481E-03
   5645.9706191448677        2.45845802E-02   4.74100187E-03
   5647.5472569224485        1.87933054E-02   4.57490049E-03
   5649.1239678686616        1.47113083E-02   4.47384967E-03
   5650.7007518444107        8.86620209E-03   4.40263702E-03
   5652.2776087106004        1.88921932E-02   4.60022455E-03
   5653.8545383281362        1.58343725E-02   4.51754499E-03
   5655.4315405579237        2.26885062E-02   4.66282200E-03
   5657.0086152608656        2.46120002E-02   4.66985581E-03
   5658.5857622978701        2.19567493E-02   4.56654374E-03
   5660.1629815298384        2.23592650E-02   4.61069494E-03
   5661.7402728176776        2.48016864E-02   4.69143735E-03
   5663.3176360222924        1.34287290E-02   4.45767539E-03
   5664.8950710045874        2.32858602E-02   4.68883989E-03
   5666.4725776254672        2.03168262E-02   4.62182239E-03
   5668.0501557458365        2.24819276E-02   4.67689103E-03
   5669.6278052266016        2.15002503E-02   4.68810694E-03
   5671.2055259286653        2.20617950E-02   4.74025216E-03
   5672.7833177129332        3.22138965E-02   4.93624900E-03
   5674.3611804403108        2.38846224E-02   4.82096523E-03
   5675.9391139717027        2.48992313E-02   4.83043119E-03
   5677.5171181680134        2.13269982E-02   4.73065162E-03
   5679.0951928901486        1.54388724E-02   4.59317863E-03
   5680.6733379990119        1.19018145E-02   4.49952763E-03
   5682.2515533555088        1.47221079E-02   4.51861229E-03
   5683.8298388205449        1.67105496E-02   4.50145500E-03
   5685.4081942550238        1.62457172E-02   4.54870425E-03
   5686.9866195198510        2.09855624E-02   4.66156984E-03
   5688.5651144759322        1.73785109E-02   4.56592767E-03
   5690.1436789841700        2.17765924E-02   4.73419949E-03
   5691.7223129054710        1.98067706E-02   4.66857618E-03
   5693.3010161007396        1.85236856E-02   4.66221431E-03
   5694.8797884308824        1.90132409E-02   4.70808148E-03
   5696.4586297568012        1.95158664E-02   4.68467921E-03
   5698.0375399394024        1.95587892E-02   4.71199956E-03
   5699.6165188395908        1.56367030E-02   4.63671982E-03
   5701.1955663182716        1.32234357E-02   4.58677066E-03
   5702.7746822363488        2.41499320E-02   4.80113039E-03
   5704.3538664547286        2.20063254E-02   4.80339071E-03
   5705.9331188343149        2.44598370E-02   4.74127568E-03
   5707.5124392360121        1.30340783E-02   4.50838404E-03
   5709.0918275207259        1.29719535E-02   4.46375553E-03
   5710.6712835493609        1.95465349E-02   4.57276590E-03
   5712.2508071828224        1.98687706E-02   4.66060406E-03
   5713.8303982820153        2.72425972E-02   4.80095670E-03
   5715.4100567078431        2.43539326E-02   4.82252846E-03
   5716.9897823212123        1.46304397E-02   4.64372523E-03
   5718.5695749830265        2.15260070E-02   4.80023632E-03
   5720.1494345541923        1.67882219E-02   4.68353974E-03
   5721.7293608956124        2.07611136E-02   4.82411729E-03
   5723.3093538681915        2.54106056E-02   4.83628921E-03
   5724.8894133328376        2.25929711E-02   4.85040853E-03
   5726.4695391504529        2.09768172E-02   4.75759478E-03
   5728.0497311819427        1.85796339E-02   4.76200832E-03
   5729.6299892882134        1.78410336E-02   4.72825114E-03
   5731.2103133301680        1.56436674E-02   4.64653969E-03
   5732.7907031687118        1.74184907E-02   4.74346522E-03
   5734.3711586647496        1.88866798E-02   4.80482401E-03
   5735.9516796791868        1.70391575E-02   4.75726789E-03
   5737.5322660729280        1.20994961E-02   4.64616716E-03
   5739.1129177068779        1.83955673E-02   4.76231566E-03
   5740.6936344419419        1.83444098E-02   4.77331644E-03
   5742.2744161390237        1.96397062E-02   4.76787891E-03
   5743.8552626590308        1.18343765E-02   4.64666402E-03
   5745.4361738628650        1.43103292E-02   4.69725486E-03
   5747.0171496114326        8.72910116E-03   4.53919685E-03
   5748.5981897656375        1.82732679E-02   4.73656366E-03
   5750.1792941863860        1.35279400E-02   4.58627380E-03
   5751.7604627345818        2.33235881E-02   4.80697630E-03
   5753.3416952711304        2.44532581E-02   4.83693462E-03
   5754.9229916569375        1.91291142E-02   4.69624950E-03
   5756.5043517529066        2.43360624E-02   4.78007877E-03
   5758.0857754199424        1.62051786E-02   4.75134328E-03
   5759.6672625189512        1.12572312E-02   4.59252857E-03
   5761.2488129108360        1.16257770E-02   4.57247626E-03
   5762.8304264565022        2.05456447E-02   4.72850027E-03
   5764.4121030168562        2.41045114E-02   4.88044973E-03
   5765.9938424528018        1.54336644E-02   4.71250294E-03
   5767.5756446252435        2.30544843E-02   4.87978011E-03
   5769.1575093950869        6.97717676E-03   4.59836004E-03
   5770.7394366232365        2.01196261E-02   4.80195228E-03
   5772.3214261705962        1.83258783E-02   4.83267894E-03
   5773.9034778980731        2.11404525E-02   4.80487570E-03
   5775.4855916665701        1.50419492E-02   4.70412569E-03
   5777.0677673369937        2.51911506E-02   4.94687213E-03
   5778.6500047702466        1.84657145E-02   4.70323535E-03
   5780.2323038272352        1.56283993E-02   4.65438748E-03
   5781.8146643688642        1.38096828E-02   4.65595815E-03
   5783.3970862560391        2.49364693E-02   4.85647563E-03
   5784.9795693496626        1.82477031E-02   4.68990998E-03
   5786.5621135106421        2.24511456E-02   4.85321926E-03
   5788.1447185998804        1.61409043E-02   4.73514292E-03
   5789.7273844782840        1.74716897E-02   4.73270658E-03
   5791.3101110067573        1.94875635E-02   4.77435440E-03
   5792.8928980462042        1.24662109E-02   4.61554946E-03
   5794.4757454575310        2.63772532E-02   4.99031600E-03
   5796.0586531016415        2.40336247E-02   4.90048248E-03
   5797.6416208394412        1.79166738E-02   4.77196369E-03
   5799.2246485318346        1.26898075E-02   4.68794070E-03
   5800.8077360397265        1.10635115E-02   4.67805890E-03
   5802.3908832240222        2.17374023E-02   4.91009094E-03
   5803.9740899456256        2.75093857E-02   5.00260107E-03
   5805.5573560654429        1.05692474E-02   4.66212817E-03
   5807.1406814443790        1.95078384E-02   4.80041280E-03
   5808.7240659433364        1.85597315E-02   4.87516727E-03
   5810.3075094232227        2.59337593E-02   5.01058390E-03
   5811.8910117449423        9.51561891E-03   4.63981740E-03
   5813.4745727693989        1.89727303E-02   4.84274188E-03
   5815.0581923574982        1.25720287E-02   4.68030712E-03
   5816.6418703701438        1.71830803E-02   4.82729170E-03
   5818.2256066682430        1.60088819E-02   4.80908807E-03
   5819.8094011126987        2.24459358E-02   4.95461468E-03
   5821.3932535644162        7.58324983E-03   4.68589924E-03
   5822.9771638843004        1.76789686E-02   4.87365853E-03
   5824.5611319332565        1.42781474E-02   4.79079457E-03
   5826.1451575721894        1.45200780E-02   4.78843926E-03
   5827.7292406620027        1.46066295E-02   4.81020333E-03
   5829.3133810636036        2.59552598E-02   5.09563461E-03
   5830.8975786378951        1.49213132E-02   4.82710870E-03
   5832.4818332457835        1.68718658E-02   4.81652562E-03
   5834.0661447481716        1.23085799E-02   4.78936685E-03
   5835.6505130059650        2.18374990E-02   4.93569532E-03
   5837.2349378800700        2.85672601E-02   5.11799939E-03
   5838.8194192313904        1.72076728E-02   4.85086441E-03
   5840.4039569208308        8.18451215E-03   4.68806271E-03
   5841.9885508092975        1.55052235E-02   4.87556821E-03
   5843.5732007576935        2.07427926E-02   4.97310469E-03
   5845.1579066269242        2.68515106E-02   5.07043535E-03
   5846.7426682778951        2.78212782E-02   5.09081036E-03
   5848.3274855715108        1.70893222E-02   4.88579692E-03
   5849.9123583686751        1.69744492E-02   4.84410953E-03
   5851.4972865302943        3.16070169E-02   5.17322915E-03
   5853.0822699172741        2.11362466E-02   4.95640328E-03
   5854.6673083905162        3.17874774E-02   5.13487170E-03
   5856.2524018109279        3.34630609E-02   5.17535070E-03
   5857.8375500394141        2.89503820E-02   5.03593124E-03
   5859.4227529368773        2.91452296E-02   5.10423537E-03
   5861.0080103642258        3.55935991E-02   5.22512430E-03
   5862.5933221823616        4.45095226E-02   5.48266247E-03
   5864.1786882521919        3.12503763E-02   5.19605540E-03
   5865.7641084346205        3.60812172E-02   5.44984872E-03
   5867.3495825905511        4.27268408E-02   5.51807694E-03
   5868.9351105808910        3.90044861E-02   5.39750094E-03
   5870.5206922665420        3.43660638E-02   5.34427073E-03
   5872.1063275084134        2.78266463E-02   5.16608777E-03
   5873.6920161674043        2.51498409E-02   5.10311173E-03
   5875.2777581044247        3.12630348E-02   5.27064502E-03
   5876.8635531803757        2.07268894E-02   4.96800151E-03
   5878.4494012561663        2.35453323E-02   5.09541389E-03
   5880.0353021926958        2.99062189E-02   5.24572795E-03
   5881.6212558508751        3.04855704E-02   5.20043774E-03
   5883.2072620916042        3.85626853E-02   5.38454950E-03
   5884.7933207757915        2.47122031E-02   5.16073778E-03
   5886.3794317643387        3.83858718E-02   5.47024934E-03
   5887.9655949181533        3.29731666E-02   5.69362752E-03
   5889.5518100981390        3.57578360E-02   5.95768914E-03
   5891.1380771651993        3.26220132E-02   5.80776762E-03
   5892.7243959802427        2.98166387E-02   5.62355900E-03
   5894.3107664041718        3.14175189E-02   5.50783053E-03
   5895.8971882978894        2.48387847E-02   5.44826454E-03
   5897.4836615223048        2.98499130E-02   5.55415405E-03
   5899.0701859383207        3.08985710E-02   5.37085067E-03
   5900.6567614068399        2.88502611E-02   5.23087755E-03
   5902.2433877887697        2.74142642E-02   5.15873497E-03
   5903.8300649450166        3.56868096E-02   5.39569277E-03
   5905.4167927364815        2.14978140E-02   5.06937969E-03
   5907.0035710240718        2.12240685E-02   5.08361962E-03
   5908.5903996686911        2.71178409E-02   5.25053125E-03
   5910.1772785312460        2.55087204E-02   5.14301192E-03
   5911.7642074726391        2.52819024E-02   5.11546526E-03
   5913.3511863537769        2.24629622E-02   5.12081664E-03
   5914.9382150355650        2.45656446E-02   5.18715382E-03
   5916.5252933789052        2.52801105E-02   5.22735296E-03
   5918.1124212447057        1.63510628E-02   5.01637394E-03
   5919.6995984938694        1.61617678E-02   4.96606529E-03
   5921.2868249873018        1.08356215E-02   4.89653042E-03
   5922.8741005859074        2.44031772E-02   5.17072529E-03
   5924.4614251505900        1.48711018E-02   4.98490315E-03
   5926.0487985422578        1.94142759E-02   5.08568482E-03
   5927.6362206218118        2.55574211E-02   5.23020281E-03
   5929.2236912501603        1.14298780E-02   4.88755014E-03
   5930.8112102882060        1.98479909E-02   5.09859668E-03
   5932.3987775968544        2.75015738E-02   5.26224868E-03
   5933.9863930370102        2.57137399E-02   5.33530070E-03
   5935.5740564695780        2.51765773E-02   5.26652392E-03
   5937.1617677554650        1.82868429E-02   5.08705014E-03
   5938.7495267555714        1.99721120E-02   5.11623081E-03
   5940.3373333308064        2.04608832E-02   5.14200889E-03
   5941.9251873420726        2.13294886E-02   5.09380316E-03
   5943.5130886502748        1.69679411E-02   5.06099407E-03
   5945.1010371163202        1.55006321E-02   5.11883665E-03
   5946.6890326011098        2.59938464E-02   5.20497002E-03
   5948.2770749655529        2.35256497E-02   5.18908352E-03
   5949.8651640705511        1.25376824E-02   4.92544938E-03
   5951.4532997770120        2.66665667E-02   5.29614324E-03
   5953.0414819458365        8.50101933E-03   4.91891103E-03
   5954.6297104379337        1.16505101E-02   4.97598248E-03
   5956.2179851142037        1.73244160E-02   5.08927507E-03
   5957.8063058355574        2.65507624E-02   5.28360624E-03
   5959.3946724628950        2.26882342E-02   5.24670957E-03
   5960.9830848571237        2.42247749E-02   5.20725409E-03
   5962.5715428791464        2.05095187E-02   5.21789491E-03
   5964.1600463898694        1.55469254E-02   5.06986352E-03
   5965.7485952501975        5.97822946E-03   4.86032292E-03
   5967.3371893210342        2.03619208E-02   5.14172437E-03
   5968.9258284632879        1.74118392E-02   5.13335643E-03
   5970.5145125378585        2.13415492E-02   5.31697413E-03
   5972.1032414056544        1.75051466E-02   5.16834855E-03
   5973.6920149275802        8.65595322E-03   4.96859942E-03
   5975.2808329645386        2.36190390E-02   5.25213452E-03
   5976.8696953774370        2.47259084E-02   5.28353360E-03
   5978.4586020271790        2.32837610E-02   5.28115779E-03
   5980.0475527746694        1.42058441E-02   5.12029137E-03
   5981.6365474808135        1.68283191E-02   5.15228976E-03
   5983.2255860065152        1.45260645E-02   5.00843441E-03
   5984.8146682126817        1.64234787E-02   5.11777913E-03
   5986.4037939602158        1.93885006E-02   5.11768274E-03
   5987.9929631100222        1.45258838E-02   5.06680040E-03
   5989.5821755230063        7.97059853E-03   4.93162312E-03
   5991.1714310600737        2.94666905E-02   5.44176856E-03
   5992.7607295821281        8.83228518E-03   4.97387070E-03
   5994.3500709500759        2.20100321E-02   5.29675093E-03
   5995.9394550248207        1.76485479E-02   5.15281409E-03
   5997.5288816672664        2.12368276E-02   5.28692827E-03
   5999.1183507383203        1.65199768E-02   5.14043914E-03
   6000.7078620988868        1.68212801E-02   5.15377196E-03
   6002.2974156098689        2.40699183E-02   5.31499274E-03
   6003.8870111321739        1.45677803E-02   5.09904884E-03
   6005.4766485267046        2.36457996E-02   5.34047093E-03
   6007.0663276543664        2.68739369E-02   5.41016646E-03
   6008.6560483760650        2.24299990E-02   5.24687860E-03
   6010.2458105527048        2.42313538E-02   5.30554866E-03
   6011.8356140451897        1.96639597E-02   5.25663607E-03
   6013.4254587144260        9.40894801E-03   5.04991552E-03
   6015.0153444213183        2.08656210E-02   5.25804283E-03
   6016.6052710267713        1.57272741E-02   5.13538672E-03
   6018.1952383916896        1.09100426E-02   5.02031995E-03
   6019.7852463769768        1.97614655E-02   5.20203961E-03
   6021.3752948435413        7.94636738E-03   4.94274823E-03
   6022.9653836522848        2.59355716E-02   5.33373514E-03
   6024.5555126641129        1.66130438E-02   5.14035020E-03
   6026.1456817399321        2.59855818E-02   5.38390642E-03
   6027.7358907406433        2.08053626E-02   5.31840464E-03
   6029.3261395271556        9.85301100E-03   5.15017658E-03
   6030.9164279603729        2.77781915E-02   5.52436896E-03
   6032.5067559011986        2.29460280E-02   5.37189096E-03
   6034.0971232105394        1.25283971E-02   5.18497499E-03
   6035.6875297492998        1.02748740E-02   5.14338538E-03
   6037.2779753783816        9.35676973E-03   5.11851953E-03
   6038.8684599586941        2.01295298E-02   5.31250332E-03
   6040.4589833511400        1.39304185E-02   5.16599417E-03
   6042.0495454166230        1.38351303E-02   5.23905456E-03
   6043.6401460160505        2.12689918E-02   5.39240241E-03
   6045.2307850103261        2.09496189E-02   5.43605536E-03
   6046.8214622603546        1.72423124E-02   5.30972751E-03
   6048.4121776270413        2.24987455E-02   5.44414064E-03
   6050.0029309712909        1.80253331E-02   5.39481221E-03
   6051.5937221540071        1.97526775E-02   5.36640454E-03
   6053.1845510360963        2.29774602E-02   5.45906601E-03
   6054.7754174784623        2.48423088E-02   5.48329391E-03
   6056.3663213420114        2.68246476E-02   5.50180813E-03
   6057.9572624876482        2.35809758E-02   5.46455290E-03
   6059.5482407762756        1.42394863E-02   5.38255926E-03
   6061.1392560688009        1.37631157E-02   5.32559352E-03
   6062.7303082261287        2.07445864E-02   5.41246030E-03
   6064.3213971091609        1.89137477E-02   5.39453886E-03
   6065.9125225788057        2.12059766E-02   5.50581841E-03
   6067.5036844959668        1.43793253E-02   5.29811578E-03
   6069.0948827215489        1.30350506E-02   5.35391225E-03
   6070.6861171164574        2.25717556E-02   5.54725761E-03
   6072.2773875415969        2.01796703E-02   5.50890341E-03
   6073.8686938578712        1.96319986E-02   5.46667632E-03
   6075.4600359261867        1.72873512E-02   5.39780268E-03
   6077.0514136074489        1.24719637E-02   5.31137083E-03
   6078.6428267625606        1.75561048E-02   5.36705134E-03
   6080.2342752524273        1.12252310E-02   5.24433656E-03
   6081.8257589379537        2.75059622E-02   5.60191367E-03
   6083.4172776800460        1.07106948E-02   5.26795955E-03
   6085.0088313396072        1.79774649E-02   5.40521555E-03
   6086.6004197775446        1.11269755E-02   5.30917803E-03
   6088.1920428547610        2.22248212E-02   5.51447226E-03
   6089.7837004321618        1.55083640E-02   5.40115964E-03
   6091.3753923706518        2.41201632E-02   5.60231181E-03
   6092.9671185311363        2.78166905E-02   5.69341239E-03
   6094.5588787745191        2.62121204E-02   5.69887180E-03
   6096.1506729617076        2.07511242E-02   5.61222248E-03
   6097.7425009536028        1.93139557E-02   5.59095945E-03
   6099.3343626111127        1.91380624E-02   5.55766467E-03
   6100.9262577951404        2.16557682E-02   5.53072384E-03
   6102.5181863665930        2.36857608E-02   5.55899041E-03
   6104.1101481863716        2.88541112E-02   5.73172839E-03
   6105.7021431153853        2.29155067E-02   5.59410360E-03
   6107.2941710145351        2.61835586E-02   5.68368519E-03
   6108.8862317447301        1.85141210E-02   5.61369071E-03
   6110.4783251668714        2.11243834E-02   5.61158126E-03
   6112.0704511418653        2.33669039E-02   5.65133197E-03
   6113.6626095306174        1.24877794E-02   5.55172283E-03
   6115.2548001940322        1.28303068E-02   5.45698591E-03
   6116.8470229930126        2.09550895E-02   5.63507993E-03
   6118.4392777884659        6.22854428E-03   5.39886905E-03
   6120.0315644412967        1.71376169E-02   5.53027354E-03
   6121.6238828124078        2.15134304E-02   5.62354643E-03
   6123.2162327627066        2.10870020E-02   5.60823502E-03
   6124.8086141530985        1.85913965E-02   5.58184786E-03
   6126.4010268444845        2.26752274E-02   5.77949872E-03
   6127.9934706977729        2.39132699E-02   5.76567370E-03
   6129.5859455738673        8.19232594E-03   5.44937048E-03
   6131.1784513336715        2.44850200E-02   5.76923555E-03
   6132.7709878380929        2.69529466E-02   5.83285326E-03
   6134.3635549480350        2.07532011E-02   5.65453945E-03
   6135.9561525244017        1.20906513E-02   5.43519761E-03
   6137.5487804280992        9.95612890E-03   5.39607368E-03
   6139.1414385200333        2.47339029E-02   5.69673209E-03
   6140.7341266611065        1.56266447E-02   5.63747250E-03
   6142.3268447122255        1.56430863E-02   5.57874376E-03
   6143.9195925342929        2.84472443E-02   5.90317929E-03
   6145.5123699882161        1.57180335E-02   5.61020197E-03
   6147.1051769348987        1.94389578E-02   5.73633472E-03
   6148.6980132352464        2.13838406E-02   5.79594821E-03
   6150.2908787501628        2.08353028E-02   5.78510808E-03
   6151.8837733405544        3.44065987E-02   6.05840189E-03
   6153.4766968673248        1.76935159E-02   5.74109051E-03
   6155.0696491913786        1.95957851E-02   5.75431064E-03
   6156.6626301736214        2.03885436E-02   5.82249649E-03
   6158.2556396749587        1.23685570E-02   5.59989829E-03
   6159.8486775562942        9.44539439E-03   5.42720081E-03
   6161.4417436785334        1.07628806E-02   5.49929403E-03
   6163.0348379025800        3.01013421E-02   5.91459591E-03
   6164.6279600893413        1.58289578E-02   5.63796284E-03
   6166.2211100997201        2.54127830E-02   5.91573119E-03
   6167.8142877946211        1.55203734E-02   5.63864270E-03
   6169.4074930349516        2.43867747E-02   5.87501749E-03
   6171.0007256816134        1.93613581E-02   5.75864082E-03
   6172.5939855955130        1.01197762E-02   5.60189085E-03
   6174.1872726375550        1.13680027E-02   5.63854212E-03
   6175.7805866686449        2.16722135E-02   5.94951166E-03
   6177.3739275496864        2.52467040E-02   5.98309748E-03
   6178.9672951415841        1.49153480E-02   5.76818641E-03
   6180.5606893052436        2.50721853E-02   6.01878157E-03
   6182.1541099015712        1.67501736E-02   5.85458614E-03
   6183.7475567914698        2.30833050E-02   6.05455227E-03
   6185.3410298358458        1.71233458E-03   5.47443889E-03
   6186.9345288956019        1.34613523E-02   5.82879316E-03
   6188.5280538316447        2.35058796E-02   6.07573055E-03
   6190.1216045048786        2.32411418E-02   5.93862729E-03
   6191.7151807762084        1.97889302E-02   5.94812399E-03
   6193.3087825065386        2.17948444E-02   5.94648300E-03
   6194.9024095567756        1.28918048E-02   5.88147901E-03
   6196.4960617878223        1.21660940E-02   5.82162989E-03
   6198.0897390605842        2.53992099E-02   6.01719087E-03
   6199.6834412359667        1.97867192E-02   6.09969581E-03
   6201.2771681748754        2.40999982E-02   6.10974431E-03
   6202.8709197382123        1.21341497E-02   5.91468764E-03
   6204.4646957868854        2.05795374E-02   6.12141890E-03
   6206.0584961817976        2.98158377E-02   6.22138474E-03
   6207.6523207838545        2.53415573E-02   6.21207245E-03
   6209.2461694539616        1.42857796E-02   5.98087627E-03
   6210.8400420530224        2.72563621E-02   6.23050891E-03
   6212.4339384419427        1.68155003E-02   6.02184189E-03
   6214.0278584816260        1.14489850E-02   5.88450721E-03
   6215.6218020329807        1.90173574E-02   6.02521328E-03
   6217.2157689569067        1.71160344E-02   6.01905631E-03
   6218.8097591143123        2.02345792E-02   6.05175504E-03
   6220.4037723661013        1.38508044E-02   6.07519364E-03
   6221.9978085731791        1.85723584E-02   6.14355132E-03
   6223.5918675964504        1.54225416E-02   6.15474768E-03
   6225.1859492968197        3.10266074E-02   6.40738104E-03
   6226.7800535351917        1.79050788E-02   6.12835726E-03
   6228.3741801724718        1.96251012E-02   6.12324383E-03
   6229.9683290695639        1.54246325E-02   6.02445239E-03
   6231.5625000873742        1.11248195E-02   5.92949754E-03
   6233.1566930868066        3.17167044E-02   6.50430983E-03
   6234.7509079287674        1.50630753E-02   6.35973318E-03
   6236.3451444741604        2.11390164E-02   6.41301274E-03
   6237.9394025838892        2.29600929E-02   6.43297751E-03
   6239.5336821188612        1.56575851E-02   6.20161928E-03
   6241.1279829399800        2.07573604E-02   6.35964470E-03
   6242.7223049081495        2.44568177E-02   6.44960394E-03
   6244.3166478842768        2.13747788E-02   6.22395193E-03
   6245.9110117292648        2.11614314E-02   6.29258016E-03
   6247.5053963040191        1.70889180E-02   6.24392787E-03
   6249.0998014694442        1.71467476E-02   6.19977014E-03
   6250.6942270864456        4.36538830E-02   6.84264163E-03
   6252.2886730159280        1.87696498E-02   6.18944364E-03
   6253.8831391187969        3.02080065E-02   6.41125673E-03
   6255.4776252559550        2.03197841E-02   6.39829738E-03
   6257.0721312883097        2.84407176E-02   6.67339331E-03
   6258.6666570767647        1.91308334E-02   6.50294591E-03
   6260.2612024822238        1.60983987E-02   6.33166637E-03
   6261.8557673655951        2.37602983E-02   6.52232114E-03
   6263.4503515877796        2.02814117E-02   6.45030523E-03
   6265.0449550096846        2.02192776E-02   6.47217128E-03
   6266.6395774922139        1.83502007E-02   6.45277137E-03
   6268.2342188962739        2.92300852E-03   6.03284128E-03
   6269.8288790827664        2.64348798E-02   6.59104530E-03
   6271.4235579125989        2.34321598E-02   6.57619350E-03
   6273.0182552466767        2.17131153E-02   6.54447824E-03
   6274.6129709459028        2.34441739E-02   6.57246588E-03
   6276.2077048711826        3.00442502E-02   6.65990449E-03
   6277.8024568834207        1.21697877E-02   6.13874663E-03
   6279.3972268435236        1.26013728E-02   6.23637438E-03
   6280.9920146123941        1.26704453E-02   6.24996610E-03
   6282.5868200509385        2.33295951E-02   6.59998367E-03
   6284.1816430200615        1.81968510E-02   6.55715913E-03
   6285.7764833806668        4.58436236E-02   7.16745853E-03
   6287.3713409936599        2.80899461E-02   6.98290346E-03
   6288.9662157199464        1.39094088E-02   6.57093432E-03
   6290.5611074204307        1.21105434E-02   6.39392389E-03
