   3855.2253059196050        2.15820260E-02   6.38435641E-03
   3856.6153477544967        2.34307181E-02   6.30483450E-03
   3858.0056288376013        1.75622627E-02   5.97804459E-03
   3859.3961490298238        1.41679607E-02   5.67100756E-03
   3860.7869081920689        2.70349309E-02   6.14190148E-03
   3862.1779061852417        1.67123098E-02   6.10586256E-03
   3863.5691428702471        1.07782846E-02   6.19381899E-03
   3864.9606181079898        3.17663997E-02   6.73044566E-03
   3866.3523317593745        3.34298350E-02   6.65570423E-03
   3867.7442836853065        2.45195683E-02   6.32664515E-03
   3869.1364737466906        2.65689977E-02   6.15454325E-03
   3870.5289018044309        2.75810584E-02   6.08929712E-03
   3871.9215677194329        1.78824402E-02   5.66940662E-03
   3873.3144713526021        3.90663259E-02   6.42937655E-03
   3874.7076125648423        2.42970698E-02   6.15300424E-03
   3876.1009912170589        3.51765417E-02   6.56324532E-03
   3877.4946071701565        2.16347799E-02   6.00174768E-03
   3878.8884602850403        2.40393467E-02   6.01550518E-03
   3880.2825504226148        2.48233508E-02   5.81668084E-03
   3881.6768774437855        2.17265543E-02   5.72558958E-03
   3883.0714412094567        2.76723728E-02   6.01413799E-03
   3884.4662415805333        2.66463272E-02   5.88397635E-03
   3885.8612784179204        3.13008837E-02   6.02614088E-03
   3887.2565515825227        2.77098659E-02   5.81827946E-03
   3888.6520609352451        2.56137419E-02   5.62070310E-03
   3890.0478063369924        1.43839866E-02   5.53436670E-03
   3891.4437876486695        2.15901136E-02   5.82975615E-03
   3892.8400047311816        2.20377035E-02   5.92424022E-03
   3894.2364574454332        2.49974411E-02   5.94394747E-03
   3895.6331456523299        2.35046260E-02   5.98129490E-03
   3897.0300692127753        1.72205679E-02   5.74603211E-03
   3898.4272279876750        1.73258260E-02   5.81414532E-03
   3899.8246218379336        3.07580009E-02   6.21242030E-03
   3901.2222506244566        3.21390182E-02   6.10243157E-03
   3902.6201142081486        3.45687233E-02   6.07199129E-03
   3904.0182124499133        3.15287001E-02   5.85467415E-03
   3905.4165452106577        2.15005428E-02   5.57081215E-03
   3906.8151123512853        2.10842192E-02   5.67798037E-03
   3908.2139137327008        2.71124896E-02   5.91756962E-03
   3909.6129492158102        2.11136155E-02   5.89049701E-03
   3911.0122186615167        3.04996055E-02   6.18411321E-03
   3912.4117219307268        2.26698313E-02   5.88398660E-03
   3913.8114588843446        2.45943945E-02   5.97916357E-03
   3915.2114293832756        2.03621462E-02   5.80696482E-03
   3916.6116332884235        3.20065580E-02   6.01644535E-03
   3918.0120704606938        2.43893638E-02   5.65695250E-03
   3919.4127407609917        3.67614999E-02   5.93715440E-03
   3920.8136440502221        2.22320110E-02   5.39863249E-03
   3922.2147801892893        2.79014464E-02   5.54205710E-03
   3923.6161490390978        1.80597119E-02   5.13857882E-03
   3925.0177504605535        2.19072942E-02   5.26278932E-03
   3926.4195843145608        3.31270583E-02   5.39512187E-03
   3927.8216504620250        1.12900957E-02   4.60857153E-03
   3929.2239487638503        2.85181925E-02   4.77866502E-03
   3930.6264790809419        2.09275708E-02   4.32322966E-03
   3932.0292412742047        2.26896908E-02   4.16572066E-03
   3933.4322352045438        2.38152668E-02   4.06527985E-03
   3934.8354607328633        2.18071342E-02   3.95780243E-03
   3936.2389177200685        2.15159822E-02   4.12751827E-03
   3937.6426060270646        2.25618538E-02   4.33544815E-03
   3939.0465255147560        3.10783088E-02   4.94075799E-03
   3940.4506760440481        2.49723531E-02   4.98475786E-03
   3941.8550574758451        2.13381015E-02   4.94768703E-03
   3943.2596696710525        1.95167921E-02   4.92290594E-03
   3944.6645124905749        1.56905316E-02   4.86406265E-03
   3946.0695857953169        2.02833302E-02   4.98419302E-03
   3947.4748894461836        2.54903007E-02   5.28238853E-03
   3948.8804233040801        2.05412880E-02   5.28737949E-03
   3950.2861872299109        3.06872055E-02   5.51885413E-03
   3951.6921810845815        2.54522283E-02   5.43280505E-03
   3953.0984047289962        2.10641325E-02   5.33016259E-03
   3954.5048580240596        2.67812684E-02   5.49779134E-03
   3955.9115408306770        2.37306841E-02   5.29453065E-03
   3957.3184530097533        2.75823195E-02   5.39056817E-03
   3958.7255944221934        2.84820404E-02   5.45023242E-03
   3960.1329649289023        3.27289626E-02   5.33012534E-03
   3961.5405643907839        2.98448391E-02   5.14662545E-03
   3962.9483926687444        3.29771638E-02   4.94372612E-03
   3964.3564496236877        3.25486399E-02   4.77433112E-03
   3965.7647351165197        2.14456972E-02   4.35112230E-03
   3967.1732490081440        2.14603767E-02   4.10067383E-03
   3968.5819911594663        2.54080538E-02   3.98101518E-03
   3969.9909614313910        1.92343649E-02   3.84170935E-03
   3971.4001596848238        1.85812935E-02   4.05252725E-03
   3972.8095857806688        1.84026789E-02   4.30015055E-03
   3974.2192395798311        3.06029078E-02   4.80470061E-03
   3975.6291209432156        2.06044447E-02   4.80111269E-03
   3977.0392297317267        1.64762419E-02   4.86058509E-03
   3978.4495658062701        2.88040210E-02   5.35871228E-03
   3979.8601290277497        2.85538062E-02   5.42692421E-03
   3981.2709192570715        2.50066742E-02   5.41358441E-03
   3982.6819363551394        3.17943133E-02   5.54291671E-03
   3984.0931801828592        2.31001042E-02   5.23175811E-03
   3985.5046506011349        2.53596697E-02   5.34554897E-03
   3986.9163474708721        2.82841977E-02   5.43129630E-03
   3988.3282706529749        2.95859203E-02   5.44098299E-03
   3989.7404200083488        2.30460372E-02   5.34854969E-03
   3991.1527953978984        2.25961357E-02   5.45788603E-03
   3992.5653966825284        2.35129967E-02   5.42165153E-03
   3993.9782237231443        1.66479349E-02   5.28970687E-03
   3995.3912763806502        2.45229248E-02   5.36605110E-03
   3996.8045545159512        1.04076443E-02   4.99172416E-03
   3998.2180579899523        1.77882928E-02   5.24363806E-03
   3999.6317866635586        2.25777533E-02   5.37585746E-03
   4001.0457403976752        1.62804574E-02   5.30393329E-03
   4002.4599190532053        1.35548627E-02   5.27552282E-03
   4003.8743224910559        2.20749080E-02   5.34956018E-03
   4005.2889505721309        2.28971988E-02   5.22555318E-03
   4006.7038031573347        2.58581843E-02   5.31752314E-03
   4008.1188801075732        1.96863730E-02   5.24304435E-03
   4009.5341812837505        2.90007070E-02   5.51279634E-03
   4010.9497065467722        2.80842483E-02   5.60491299E-03
   4012.3654557575419        2.64702737E-02   5.54093719E-03
   4013.7814287769656        1.92193165E-02   5.41446591E-03
   4015.1976254659485        1.77129805E-02   5.34849288E-03
   4016.6140456853941        1.72878876E-02   5.32679865E-03
   4018.0306892962080        2.45512798E-02   5.49733592E-03
   4019.4475561592953        2.56108176E-02   5.49586723E-03
   4020.8646461355602        2.19133925E-02   5.38955582E-03
   4022.2819590859085        2.84106936E-02   5.55049721E-03
   4023.6994948712445        2.43020728E-02   5.43485070E-03
   4025.1172533524727        2.80522071E-02   5.57386968E-03
   4026.5352343904992        2.30146777E-02   5.44345751E-03
   4027.9534378462272        1.85266100E-02   5.39723691E-03
   4029.3718635805631        2.08948217E-02   5.32019418E-03
   4030.7905114544110        2.63006240E-02   5.33904927E-03
   4032.2093813286756        2.44462509E-02   5.12035424E-03
   4033.6284730642628        2.28034444E-02   5.07194921E-03
   4035.0477865220760        3.13142054E-02   5.40645653E-03
   4036.4673215630210        2.08407715E-02   5.30164782E-03
   4037.8870780480024        2.63974685E-02   5.46086114E-03
   4039.3070558379259        2.53061671E-02   5.51633164E-03
   4040.7272547936946        2.15146802E-02   5.37652150E-03
   4042.1476747762149        1.85537916E-02   5.31812990E-03
   4043.5683156463911        2.92035732E-02   5.32363402E-03
   4044.9891772651281        2.34786104E-02   5.08408016E-03
   4046.4102594933306        2.66459659E-02   5.06802555E-03
   4047.8315621919041        2.57454943E-02   5.14572952E-03
   4049.2530852217533        2.27441881E-02   5.26957633E-03
   4050.6748284437826        2.33570524E-02   5.35428058E-03
   4052.0967917188968        1.80147402E-02   5.23216696E-03
   4053.5189749080009        2.41152775E-02   5.35003841E-03
   4054.9413778720004        1.49013270E-02   5.10829780E-03
   4056.3640004717995        1.79499071E-02   5.03044389E-03
   4057.7868425683032        3.30359936E-02   5.36413724E-03
   4059.2099040224166        1.96039621E-02   5.10893436E-03
   4060.6331846950443        2.36259513E-02   5.15822228E-03
   4062.0566844470918        1.45215020E-02   4.92916116E-03
   4063.4804031394629        1.61720067E-02   4.91309352E-03
   4064.9043406330634        1.34530365E-02   4.76866169E-03
   4066.3284967887976        1.96866579E-02   4.86598816E-03
   4067.7528714675705        2.66942997E-02   5.28618135E-03
   4069.1774645302871        2.13500801E-02   5.15233492E-03
   4070.6022758378526        1.82327367E-02   5.03809005E-03
   4072.0273052511711        2.05021668E-02   5.10397786E-03
   4073.4525526311481        2.19053850E-02   5.06741134E-03
   4074.8780178386878        2.20209546E-02   5.09775802E-03
   4076.3037007346957        2.17684899E-02   5.04201092E-03
   4077.7296011800768        8.50461051E-03   4.70203487E-03
   4079.1557190357353        1.80454776E-02   4.91407746E-03
   4080.5820541625762        2.43027862E-02   5.18862111E-03
   4082.0086064215052        1.86618380E-02   5.10876067E-03
   4083.4353756734267        2.56013256E-02   5.27168810E-03
   4084.8623617792446        2.20343247E-02   5.13281580E-03
   4086.2895645998651        2.51274072E-02   5.26104495E-03
   4087.7169839961925        2.24566814E-02   5.24554541E-03
   4089.1446198291319        3.03193461E-02   5.49395056E-03
   4090.5724719595883        1.88214723E-02   5.23363287E-03
   4092.0005402484653        1.85827892E-02   5.12582576E-03
   4093.4288245566695        1.74104888E-02   5.07267471E-03
   4094.8573247451050        1.93966031E-02   5.04734227E-03
   4096.2860406746768        3.10181025E-02   5.21323876E-03
   4097.7149722062895        2.12004054E-02   4.91893804E-03
   4099.1441192008479        1.65485721E-02   4.76975180E-03
   4100.5734815192573        2.39504408E-02   4.76356363E-03
   4102.0030590224223        1.09905554E-02   4.39626956E-03
   4103.4328515712486        1.58380587E-02   4.47588693E-03
   4104.8628590266399        2.44200081E-02   4.91404720E-03
   4106.2930812495006        2.36036740E-02   4.98280814E-03
   4107.7235181007372        2.02830527E-02   5.04213199E-03
   4109.1541694412545        1.58597585E-02   4.95270314E-03
   4110.5850351319559        1.16691077E-02   4.83044190E-03
   4112.0161150337472        1.59057248E-02   4.96113067E-03
   4113.4474090075337        1.80238672E-02   5.06492937E-03
   4114.8789169142183        1.24213751E-02   4.98679560E-03
   4116.3106386147083        3.21119465E-02   5.37325349E-03
   4117.7425739699074        2.32996587E-02   5.15490444E-03
   4119.1747228407212        2.75713131E-02   5.22395084E-03
   4120.6070850880542        1.67801753E-02   4.99904295E-03
   4122.0396605728101        3.00354194E-02   5.25685307E-03
   4123.4724491558945        2.47335583E-02   5.15898690E-03
   4124.9054506982138        2.62774806E-02   5.25051309E-03
   4126.3386650606708        2.29728743E-02   5.15121128E-03
   4127.7720921041710        2.32606493E-02   5.05267177E-03
   4129.2057316896198        2.59497371E-02   5.16007189E-03
   4130.6395836779220        2.08015349E-02   4.94592730E-03
   4132.0736479299821        2.59547811E-02   5.03445091E-03
   4133.5079243067048        2.57415362E-02   5.00346068E-03
   4134.9424126689946        8.36846791E-03   4.61455062E-03
   4136.3771128777589        2.30020694E-02   5.05021866E-03
   4137.8120247938987        2.36951038E-02   5.15821902E-03
   4139.2471482783221        2.13449840E-02   5.14199026E-03
   4140.6824831919321        1.96270961E-02   5.07794460E-03
   4142.1180293956340        2.59470623E-02   5.01864217E-03
   4143.5537867503335        1.86217967E-02   4.84956801E-03
   4144.9897551169342        1.71239004E-02   4.84884204E-03
   4146.4259343563417        1.61369480E-02   4.85774921E-03
   4147.8623243294614        3.19296978E-02   5.18158637E-03
   4149.2989248971971        1.14792585E-02   4.77472646E-03
   4150.7357359204534        1.43227484E-02   4.82369075E-03
   4152.1727572601367        2.16551647E-02   4.94484929E-03
   4153.6099887771516        1.29866647E-02   4.64948639E-03
   4155.0474303324017        1.56865399E-02   4.76885820E-03
   4156.4850817867919        2.33927984E-02   4.87101264E-03
   4157.9229430012301        2.28192545E-02   5.00629889E-03
   4159.3610138366157        1.99082699E-02   4.94561670E-03
   4160.7992941538596        1.98333003E-02   4.94226627E-03
   4162.2377838138618        2.72132698E-02   5.16213337E-03
   4163.6764826775297        2.49886848E-02   5.14239632E-03
   4165.1153906057680        1.86558366E-02   4.98651387E-03
   4166.5545074594811        2.13639066E-02   4.95506730E-03
   4167.9938330995737        1.88493766E-02   4.97398712E-03
   4169.4333673869505        2.50121206E-02   5.04631782E-03
   4170.8731101825178        3.04057673E-02   5.10490313E-03
   4172.3130613471794        1.94080546E-02   4.81175119E-03
   4173.7532207418399        2.72536185E-02   4.93329763E-03
   4175.1935882274047        2.47094464E-02   4.88832779E-03
   4176.6341636647776        2.34016627E-02   4.83761961E-03
   4178.0749469148650        2.02433839E-02   4.82670031E-03
   4179.5159378385724        1.84218418E-02   4.82272124E-03
   4180.9571362968018        2.78325304E-02   4.99235280E-03
   4182.3985421504594        1.46929976E-02   4.69084410E-03
   4183.8401552604510        2.68331319E-02   4.93598497E-03
   4185.2819754876809        1.76792294E-02   4.72102268E-03
   4186.7240026930540        1.48045970E-02   4.62223822E-03
   4188.1662367374756        1.66636091E-02   4.68431693E-03
   4189.6086774818486        2.04713885E-02   4.73764958E-03
   4191.0513247870813        2.03454848E-02   4.79597785E-03
   4192.4941785140745        1.87729821E-02   4.88108583E-03
   4193.9372385237366        1.87447965E-02   4.86790249E-03
   4195.3805046769703        3.06294616E-02   5.02934819E-03
   4196.8239768346812        1.96845233E-02   4.73369053E-03
   4198.2676548577738        1.74619332E-02   4.52140206E-03
   4199.7115386071546        2.20342409E-02   4.66286484E-03
   4201.1556279437254        2.15894021E-02   4.65187384E-03
   4202.5999227283937        2.10512243E-02   4.70075523E-03
   4204.0444228220649        1.74782872E-02   4.70897648E-03
   4205.4891280856418        2.66597737E-02   4.89582960E-03
   4206.9340383800281        2.60409508E-02   5.01858257E-03
   4208.3791535661330        2.14213673E-02   4.91280993E-03
   4209.8244735048575        1.92967877E-02   4.83339373E-03
   4211.2699980571078        1.38089666E-02   4.67798579E-03
   4212.7157270837906        1.41831255E-02   4.72858176E-03
   4214.1616604458077        2.22802311E-02   4.82040364E-03
   4215.6077980040654        2.12979093E-02   4.80674393E-03
   4217.0541396194685        2.28943154E-02   4.79207467E-03
   4218.5006851529224        1.59694441E-02   4.67649382E-03
   4219.9474344653308        2.69637480E-02   4.94930428E-03
   4221.3943874175984        1.71427708E-02   4.78785019E-03
   4222.8415438706324        1.70440022E-02   4.72595729E-03
   4224.2889036853358        2.12119184E-02   4.64584772E-03
   4225.7364667226138        1.87869836E-02   4.35082708E-03
   4227.1842328433713        2.42825504E-02   4.43884777E-03
   4228.6322019085128        1.55258300E-02   4.30697668E-03
   4230.0803737789429        3.28922793E-02   4.91304882E-03
   4231.5287483155680        2.43508480E-02   4.87028994E-03
   4232.9773253792928        1.21494010E-02   4.56300378E-03
   4234.4261048310209        2.48120166E-02   4.78806673E-03
   4235.8750865316570        1.20140519E-02   4.38109227E-03
   4237.3242703421074        2.03517843E-02   4.62111086E-03
   4238.7736561232750        1.79309025E-02   4.46989760E-03
   4240.2232437360681        2.50461921E-02   4.72419616E-03
   4241.6730330413875        1.97803099E-02   4.66092676E-03
   4243.1230239001407        2.38606427E-02   4.72123642E-03
   4244.5732161732321        2.78970767E-02   4.82039293E-03
   4246.0236097215657        2.11823545E-02   4.67054080E-03
   4247.4742044060476        2.02462394E-02   4.63822717E-03
   4248.9250000875809        1.39686018E-02   4.37981822E-03
   4250.3759966270736        2.00555027E-02   4.45119431E-03
   4251.8271938854268        2.10051127E-02   4.51616570E-03
   4253.2785917235478        3.04722451E-02   4.70555993E-03
   4254.7301900023413        1.79774277E-02   4.53156000E-03
   4256.1819885827117        2.55705062E-02   4.65879915E-03
   4257.6339873255629        2.15334464E-02   4.59596608E-03
   4259.0861860918012        2.20476557E-02   4.56509739E-03
   4260.5385847423313        2.84663010E-02   4.55226749E-03
   4261.9911831380577        1.74098182E-02   4.35290718E-03
   4263.4439811398852        2.21684594E-02   4.60736221E-03
   4264.8969786087200        2.12575495E-02   4.63903975E-03
   4266.3501754054641        2.61675511E-02   4.78194794E-03
   4267.8035713910249        2.31678728E-02   4.67264699E-03
   4269.2571664263060        2.63708718E-02   4.60110465E-03
   4270.7109603722138        2.29512546E-02   4.44383640E-03
   4272.1649530896511        1.67360380E-02   4.17202478E-03
   4273.6191444395236        1.92199685E-02   4.19848319E-03
   4275.0735342827375        1.75425597E-02   4.25775349E-03
   4276.5281224801947        2.60441639E-02   4.61648963E-03
   4277.9829088928036        2.18911618E-02   4.58539510E-03
   4279.4378933814669        2.32409909E-02   4.61765332E-03
   4280.8930758070892        2.25705821E-02   4.55813762E-03
   4282.3484560305769        2.08660699E-02   4.49332641E-03
   4283.8040339128338        1.71913337E-02   4.42436012E-03
   4285.2598093147653        2.40939669E-02   4.52946220E-03
   4286.7157820972761        7.37462332E-03   4.12545167E-03
   4288.1719521212699        2.15662457E-02   4.36713640E-03
   4289.6283192476540        1.24587025E-02   4.11483971E-03
   4291.0848833373311        1.74309220E-02   4.28194413E-03
   4292.5416442512069        2.10863985E-02   4.35074093E-03
   4293.9986018501859        1.65347885E-02   4.27233754E-03
   4295.4557559951745        1.60107017E-02   4.27914783E-03
   4296.9131065470756        2.16441378E-02   4.24211146E-03
   4298.3706533667955        1.47380922E-02   3.95792536E-03
   4299.8283963152380        2.09784228E-02   4.04624874E-03
   4301.2863352533077        1.92086808E-02   3.88861750E-03
   4302.7444700419110        1.62176527E-02   3.88285890E-03
   4304.2028005419515        1.88109521E-02   3.93404067E-03
   4305.6613266143358        1.77618656E-02   3.90607351E-03
   4307.1200481199667        2.17304304E-02   3.97714088E-03
   4308.5789649197486        2.16887593E-02   3.93587025E-03
   4310.0380768745899        2.26223469E-02   3.94708337E-03
   4311.4973838453925        1.40665555E-02   3.80726298E-03
   4312.9568856930609        1.60767045E-02   4.03415179E-03
   4314.4165822785017        1.50499651E-02   4.20693122E-03
   4315.8764734626202        1.85150653E-02   4.52408660E-03
   4317.3365591063193        1.75601449E-02   4.56019491E-03
   4318.7968390705046        2.04836670E-02   4.65591578E-03
   4320.2573132160815        1.74051225E-02   4.62562684E-03
   4321.7179814039528        2.28179712E-02   4.57508024E-03
   4323.1788434950276        2.36805622E-02   4.46543703E-03
   4324.6398993502071        1.61380321E-02   4.06681141E-03
   4326.1011488303975        2.10003480E-02   4.12994623E-03
   4327.5625917965026        2.24871989E-02   4.33184672E-03
   4329.0242281094297        2.49534659E-02   4.52637998E-03
   4330.4860576300816        2.49647070E-02   4.67539625E-03
   4331.9480802193630        1.56221651E-02   4.45043808E-03
   4333.4102957381810        1.34651596E-02   4.44016885E-03
   4334.8727040474378        1.88683774E-02   4.49232478E-03
   4336.3353050080395        1.83556248E-02   4.41368064E-03
   4337.7980984808910        1.11250076E-02   4.07090224E-03
   4339.2610843268976        2.50911955E-02   4.15503653E-03
   4340.7242624069631        1.94971487E-02   3.97941098E-03
   4342.1876325819931        2.52305940E-02   4.14995942E-03
   4343.6511947128920        1.73064377E-02   4.15196735E-03
   4345.1149486605655        1.90591477E-02   4.33016103E-03
   4346.5788942859162        1.81112196E-02   4.38889815E-03
   4348.0430314498526        2.60642264E-02   4.59051132E-03
   4349.5073600132773        2.18042675E-02   4.48472565E-03
   4350.9718798370959        2.72353888E-02   4.47847042E-03
   4352.4365907822121        2.04872489E-02   4.31491341E-03
   4353.9014927095322        1.37555143E-02   4.14362364E-03
   4355.3665854799601        2.00530235E-02   4.39316407E-03
   4356.8318689544003        2.20392626E-02   4.47162800E-03
   4358.2973429937601        1.52558796E-02   4.27318970E-03
   4359.7630074589406        2.74740458E-02   4.57187928E-03
   4361.2288622108499        2.37157401E-02   4.50624200E-03
   4362.6949071103918        3.12895589E-02   4.73614316E-03
   4364.1611420184709        3.34323496E-02   4.76459181E-03
   4365.6275667959926        1.50433760E-02   4.40896768E-03
   4367.0941813038617        1.73147321E-02   4.35798615E-03
   4368.5609854029817        2.52837427E-02   4.51269746E-03
   4370.0279789542592        1.14156893E-02   4.15998930E-03
   4371.4951618185987        2.08008662E-02   4.35474794E-03
   4372.9625338569049        2.05651112E-02   4.31286264E-03
   4374.4300949300823        1.88611392E-02   4.26813401E-03
   4375.8978448990356        1.79564636E-02   4.23191860E-03
   4377.3657836246703        2.57086139E-02   4.44228202E-03
   4378.8339109678909        1.75983272E-02   4.26945370E-03
   4380.3022267896031        2.24191807E-02   4.42615291E-03
   4381.7707309507105        1.74033158E-02   4.15889081E-03
   4383.2394233121186        2.03182418E-02   4.02382389E-03
   4384.7083037347338        1.81853678E-02   3.96035518E-03
   4386.1773720794572        1.23994434E-02   3.86408926E-03
   4387.6466282071970        2.08390206E-02   4.23011882E-03
   4389.1160719788568        2.35817060E-02   4.30786097E-03
   4390.5857032553431        1.82896554E-02   4.21016896E-03
   4392.0555218975569        1.76805332E-02   4.21199854E-03
   4393.5255277664073        1.91540606E-02   4.20697546E-03
   4394.9957207227962        2.14952119E-02   4.31223260E-03
   4396.4661006276301        2.01037247E-02   4.31734556E-03
   4397.9366673418135        1.88140236E-02   4.32670396E-03
   4399.4074207262520        1.61366817E-02   4.24343068E-03
   4400.8783606418492        1.58544574E-02   4.20247111E-03
   4402.3494869495098        2.23644599E-02   4.27097036E-03
   4403.8207995101393        2.14501154E-02   4.24280437E-03
   4405.2922981846432        2.27940772E-02   4.22604196E-03
   4406.7639828339252        1.72570068E-02   4.10169968E-03
   4408.2358533188917        1.40079856E-02   4.11934964E-03
   4409.7079095004456        2.15503816E-02   4.41138027E-03
   4411.1801512394923        2.03736462E-02   4.45651030E-03
   4412.6525783969382        2.14348901E-02   4.43468569E-03
   4414.1251908336872        2.06457973E-02   4.39788727E-03
   4415.5979884106428        2.25195531E-02   4.38624714E-03
   4417.0709709887124        1.51679879E-02   4.16127359E-03
   4418.5441384287988        2.42833178E-02   4.49100323E-03
   4420.0174905918084        1.70996543E-02   4.42552520E-03
   4421.4910273386449        2.18340810E-02   4.50673606E-03
   4422.9647485302139        1.91991236E-02   4.41051042E-03
   4424.4386540274209        2.24645287E-02   4.44548484E-03
   4425.9127436911685        1.66754890E-02   4.28618118E-03
   4427.3870173823634        1.49726421E-02   4.27954411E-03
   4428.8614749619092        1.37902088E-02   4.30052681E-03
   4430.3361162907122        2.19695773E-02   4.38464014E-03
   4431.8109412296772        1.88441481E-02   4.38295165E-03
   4433.2859496397077        1.83826722E-02   4.30632802E-03
   4434.7611413817103        2.15951726E-02   4.32508998E-03
   4436.2365163165878        1.49075771E-02   4.16626036E-03
   4437.7120743052474        2.23835539E-02   4.38588951E-03
   4439.1878152085928        1.96182709E-02   4.43228753E-03
   4440.6637388875279        1.61678381E-02   4.33692196E-03
   4442.1398452029589        2.79764198E-02   4.49654972E-03
   4443.6161340157905        1.59086734E-02   4.27043904E-03
   4445.0926051869274        1.35802208E-02   4.21564607E-03
   4446.5692585772749        1.75488628E-02   4.39005811E-03
   4448.0460940477369        2.18923334E-02   4.49972553E-03
   4449.5231114592189        2.02688929E-02   4.41291044E-03
   4451.0003106726253        2.56966017E-02   4.54022130E-03
   4452.4776915488619        2.40507405E-02   4.46089869E-03
   4453.9552539488332        2.58073919E-02   4.44026943E-03
   4455.4329977334437        1.68024991E-02   4.20425553E-03
   4456.9109227635990        2.29242966E-02   4.25042352E-03
   4458.3890289002020        3.15093584E-02   4.44596400E-03
   4459.8673160041599        2.46396661E-02   4.32843994E-03
   4461.3457839363773        1.64103862E-02   4.18028655E-03
   4462.8244325577580        1.93939582E-02   4.29708138E-03
   4464.3032617292065        1.17858881E-02   4.19265451E-03
   4465.7822713116284        2.09631529E-02   4.45312867E-03
   4467.2614611659292        2.08842531E-02   4.36633872E-03
   4468.7408311530144        1.92593019E-02   4.34192782E-03
   4470.2203811337858        2.39905231E-02   4.46446007E-03
   4471.7001109691519        2.27604378E-02   4.49182000E-03
   4473.1800205200152        2.00106669E-02   4.47179284E-03
   4474.6601096472814        2.60823015E-02   4.60802345E-03
   4476.1403782118541        2.31174435E-02   4.60231258E-03
   4477.6208260746398        2.35721711E-02   4.57394309E-03
   4479.1014530965440        2.07251627E-02   4.46858490E-03
   4480.5822591384695        3.00838314E-02   4.55856603E-03
   4482.0632440613217        2.60507353E-02   4.47843643E-03
   4483.5444077260063        2.61251610E-02   4.47182124E-03
   4485.0257499934278        3.09930388E-02   4.63991472E-03
   4486.5072707244908        2.24177316E-02   4.54373844E-03
   4487.9889697801000        1.20629724E-02   4.31815069E-03
   4489.4708470211617        1.87105667E-02   4.30677785E-03
   4490.9529023085779        2.94592846E-02   4.57803393E-03
   4492.4351355032568        1.30770961E-02   4.27578483E-03
   4493.9175464661021        1.16656004E-02   4.21998743E-03
   4495.4001350580174        1.89596377E-02   4.39114543E-03
   4496.8829011399084        1.99375488E-02   4.40303050E-03
   4498.3658445726805        2.89675910E-02   4.61577019E-03
   4499.8489652172375        1.92567594E-02   4.40348173E-03
   4501.3322629344857        2.50649489E-02   4.62142378E-03
   4502.8157375853289        1.71298105E-02   4.43771621E-03
   4504.2993890306725        1.89549625E-02   4.47448250E-03
   4505.7832171314203        2.28507053E-02   4.59430087E-03
   4507.2672217484787        1.57564878E-02   4.42985818E-03
   4508.7514027427515        1.43409809E-02   4.41538729E-03
   4510.2357599751449        2.14346070E-02   4.54400899E-03
   4511.7202933065619        2.32753213E-02   4.55434248E-03
   4513.2050025979088        1.30405789E-02   4.36374918E-03
   4514.6898877100894        2.50771549E-02   4.56389366E-03
   4516.1749485040091        2.58384589E-02   4.54667164E-03
   4517.6601848405726        2.05152147E-02   4.44468483E-03
   4519.1455965806854        1.98550243E-02   4.45540017E-03
   4520.6311835852530        1.45932762E-02   4.33248421E-03
   4522.1169457151773        2.02992596E-02   4.47092019E-03
   4523.6028828313656        2.16831565E-02   4.47761314E-03
   4525.0889947947226        1.99715104E-02   4.40162141E-03
   4526.5752814661528        2.32362133E-02   4.30015894E-03
   4528.0617427065617        7.54183531E-03   4.02161572E-03
   4529.5483783768523        1.91514418E-02   4.23027389E-03
   4531.0351883379308        2.77104713E-02   4.44525713E-03
   4532.5221724507037        1.94097273E-02   4.25363146E-03
   4534.0093305760720        2.51386035E-02   4.39846423E-03
   4535.4966625749439        2.15024315E-02   4.33611404E-03
   4536.9841683082232        2.48929951E-02   4.39736573E-03
   4538.4718476368134        2.23224275E-02   4.43079462E-03
   4539.9597004216221        1.83054302E-02   4.41906787E-03
   4541.4477265235528        2.04778183E-02   4.42841323E-03
   4542.9359258035101        1.44137749E-02   4.25436068E-03
   4544.4242981223979        1.77161284E-02   4.36236849E-03
   4545.9128433411242        2.25199386E-02   4.41944599E-03
   4547.4015613205902        1.86235420E-02   4.33181087E-03
   4548.8904519217031        1.83860455E-02   4.25613066E-03
   4550.3795150053675        2.37980951E-02   4.40368382E-03
   4551.8687504324871        1.89328939E-02   4.30803979E-03
   4553.3581580639684        1.09597715E-02   4.13040258E-03
   4554.8477377607151        2.38177348E-02   4.38355887E-03
   4556.3374893836326        2.61266157E-02   4.47142683E-03
   4557.8274127936247        2.73957923E-02   4.50982852E-03
   4559.3175078515987        2.28171442E-02   4.50665224E-03
   4560.8077744184575        1.77050829E-02   4.42832941E-03
   4562.2982123551064        2.09465679E-02   4.45125112E-03
   4563.7888215224493        2.02095862E-02   4.37352853E-03
   4565.2796017813935        2.48786844E-02   4.43164119E-03
   4566.7705529928417        1.71348397E-02   4.31580795E-03
   4568.2616750176994        2.46108603E-02   4.51512216E-03
   4569.7529677168723        2.25667786E-02   4.40972485E-03
   4571.2444309512639        1.77762881E-02   4.32774751E-03
   4572.7360645817798        1.59980413E-02   4.28582728E-03
   4574.2278684693247        2.07355507E-02   4.38631931E-03
   4575.7198424748040        2.09986344E-02   4.44544852E-03
   4577.2119864591214        1.86910704E-02   4.36534220E-03
   4578.7043002831842        1.84054673E-02   4.30290727E-03
   4580.1967838078936        1.47695309E-02   4.23719827E-03
   4581.6894368941566        2.04414669E-02   4.28135041E-03
   4583.1822594028790        1.94249712E-02   4.24090819E-03
   4584.6752511949644        1.80831589E-02   4.26044594E-03
   4586.1684121313174        2.05969717E-02   4.24858602E-03
   4587.6617420728435        1.26076760E-02   4.17376962E-03
   4589.1552408804473        1.89400930E-02   4.31668805E-03
   4590.6489084150344        1.31024318E-02   4.20040218E-03
   4592.1427445375084        2.68768761E-02   4.39642929E-03
   4593.6367491087749        1.73360333E-02   4.21642140E-03
   4595.1309219897394        2.13117953E-02   4.28526476E-03
   4596.6252630413046        1.74379554E-02   4.19906713E-03
   4598.1197721243789        1.39658675E-02   4.09055734E-03
   4599.6144490998640        2.29052119E-02   4.31020604E-03
   4601.1092938286656        2.47951858E-02   4.36506653E-03
   4602.6043061716882        2.36407090E-02   4.29232977E-03
   4604.0994859898383        1.84808075E-02   4.26136330E-03
   4605.5948331440195        1.65765602E-02   4.19830019E-03
   4607.0903474951374        2.03894973E-02   4.28353297E-03
   4608.5860289040966        2.29444224E-02   4.40709759E-03
   4610.0818772318016        2.81071831E-02   4.50312067E-03
   4611.5778923391572        1.60882752E-02   4.27073287E-03
   4613.0740740870679        2.23947540E-02   4.37507918E-03
   4614.5704223364401        2.04071235E-02   4.27875482E-03
   4616.0669369481775        2.29664277E-02   4.42111958E-03
   4617.5636177831857        2.01396029E-02   4.29652492E-03
   4619.0604647023692        1.69314183E-02   4.18944238E-03
   4620.5574775666319        2.24207025E-02   4.32869792E-03
   4622.0546562368800        1.85257103E-02   4.26672585E-03
   4623.5520005740191        6.87378086E-03   4.05947492E-03
   4625.0495104389511        2.00788993E-02   4.28595394E-03
   4626.5471856925833        2.27836110E-02   4.34248988E-03
   4628.0450261958204        2.51569673E-02   4.41098865E-03
   4629.5430318095669        1.52863357E-02   4.24954528E-03
   4631.0412023947265        2.07246728E-02   4.31009289E-03
   4632.5395378122066        1.98540110E-02   4.26565344E-03
   4634.0380379229091        1.35204112E-02   4.11779154E-03
   4635.5367025877413        2.24523656E-02   4.32140147E-03
   4637.0355316676078        2.16491781E-02   4.30628844E-03
   4638.5345250234122        1.32151609E-02   4.04446432E-03
   4640.0336825160593        1.45964483E-02   4.13128873E-03
   4641.5330040064564        1.46796005E-02   4.12657624E-03
   4643.0324893555053        1.68664139E-02   4.18653339E-03
   4644.5321384241133        2.41594985E-02   4.30509215E-03
   4646.0319510731833        1.97992753E-02   4.15351847E-03
   4647.5319271636217        2.15257090E-02   4.17516474E-03
   4649.0320665563322        1.80305466E-02   4.17206949E-03
   4650.5323691122194        1.95540953E-02   4.17111628E-03
   4652.0328346921906        2.11600922E-02   4.21633571E-03
   4653.5334631571486        1.84792522E-02   4.22170945E-03
   4655.0342543679990        1.95298586E-02   4.18529101E-03
   4656.5352081856463        2.09857188E-02   4.20875708E-03
   4658.0363244709952        2.28912961E-02   4.28683078E-03
   4659.5376030849511        2.27768011E-02   4.33326745E-03
   4661.0390438884178        2.37497985E-02   4.35958942E-03
   4662.5406467423018        2.67377719E-02   4.33522603E-03
   4664.0424115075075        1.79235358E-02   4.14551515E-03
   4665.5443380449387        1.54297622E-02   4.01123893E-03
   4667.0464262155010        2.48026475E-02   4.16952698E-03
   4668.5486758800998        1.39792543E-02   3.91831994E-03
   4670.0510868996389        1.55622922E-02   4.03440930E-03
   4671.5536591350246        1.59705244E-02   4.08503693E-03
   4673.0563924471608        1.84731372E-02   4.18512104E-03
   4674.5592866969519        1.76850669E-02   4.17271210E-03
   4676.0623417453035        2.24193186E-02   4.28968016E-03
   4677.5655574531202        2.12834664E-02   4.24669450E-03
   4679.0689336813075        1.74543764E-02   4.15411638E-03
   4680.5724702907683        2.54359823E-02   4.21999814E-03
   4682.0761671424098        1.60171110E-02   4.08187183E-03
   4683.5800240971366        2.19382532E-02   4.23101149E-03
   4685.0840410158517        2.02353559E-02   4.18321462E-03
   4686.5882177594631        1.75596885E-02   4.12561744E-03
   4688.0925541888719        1.92916095E-02   4.20100894E-03
   4689.5970501649863        1.93888023E-02   4.18160995E-03
   4691.1017055487091        2.56515983E-02   4.26882831E-03
   4692.6065202009459        2.05588918E-02   4.23696777E-03
   4694.1114939826020        2.15348862E-02   4.28224169E-03
   4695.6166267545805        1.79816503E-02   4.16150643E-03
   4697.1219183777894        1.59317274E-02   4.13757283E-03
   4698.6273687131297        2.59435065E-02   4.28835861E-03
   4700.1329776215098        2.10906956E-02   4.18364350E-03
   4701.6387449638323        2.51767989E-02   4.22559353E-03
   4703.1446706010029        2.34270412E-02   4.18840162E-03
   4704.6507543939260        2.64249463E-02   4.27096058E-03
   4706.1569962035082        2.80440524E-02   4.31264099E-03
   4707.6633958906514        1.59136094E-02   4.05940181E-03
   4709.1699533162628        2.13171896E-02   4.18748567E-03
   4710.6766683412470        1.28482515E-02   4.01582429E-03
   4712.1835408265079        1.52423270E-02   4.12675366E-03
   4713.6905706329508        1.67627465E-02   4.13385546E-03
   4715.1977576214813        1.72798503E-02   4.13329201E-03
   4716.7051016530040        2.15837955E-02   4.24680160E-03
   4718.2126025884227        2.22450327E-02   4.33829194E-03
   4719.7202602886427        1.70760695E-02   4.23581153E-03
   4721.2280746145698        2.20476110E-02   4.30125231E-03
   4722.7360454271084        1.51693197E-02   4.18947451E-03
   4724.2441725871622        1.51802311E-02   4.22357721E-03
   4725.7524559556387        1.87559947E-02   4.28203866E-03
   4727.2608953934396        2.66624261E-02   4.33446700E-03
   4728.7694907614723        1.73047539E-02   4.11674706E-03
   4730.2782419206396        1.87650900E-02   4.11112746E-03
   4731.7871487318480        2.36189906E-02   4.18263627E-03
   4733.2962110560020        2.29984112E-02   4.28593857E-03
   4734.8054287540072        2.43325587E-02   4.27804748E-03
   4736.3148016867672        1.92313399E-02   4.19022655E-03
   4737.8243297151866        1.94188077E-02   4.21889452E-03
   4739.3340127001711        2.10644733E-02   4.23874846E-03
   4740.8438505026252        2.05909349E-02   4.25929483E-03
   4742.3538429834543        2.05843709E-02   4.26094839E-03
   4743.8639900035632        1.65033955E-02   4.18650405E-03
   4745.3742914238564        2.13219617E-02   4.30064276E-03
   4746.8847471052386        1.87062509E-02   4.24089329E-03
   4748.3953569086143        1.62065476E-02   4.23920946E-03
   4749.9061206948900        1.48550225E-02   4.17642994E-03
   4751.4170383249693        1.38941212E-02   4.14419267E-03
   4752.9281096597579        1.61254443E-02   4.14196961E-03
   4754.4393345601593        2.00591013E-02   4.16663894E-03
   4755.9507128870800        1.75615940E-02   4.13907133E-03
   4757.4622445014238        2.12172624E-02   4.24654549E-03
   4758.9739292640952        2.31951363E-02   4.28819982E-03
   4760.4857670359997        1.73435155E-02   4.17351164E-03
   4761.9977576780439        1.37656350E-02   4.09128889E-03
   4763.5099010511294        1.54224969E-02   4.08774382E-03
   4765.0221970161638        2.25388668E-02   4.18433454E-03
   4766.5346454340497        1.84241328E-02   4.14926931E-03
   4768.0472461656937        2.33627316E-02   4.26524179E-03
   4769.5599990720002        2.55001038E-02   4.36625397E-03
   4771.0729040138731        2.60177460E-02   4.34406335E-03
   4772.5859608522187        1.55017646E-02   4.19400027E-03
   4774.0991694479417        1.55928368E-02   4.17395821E-03
   4775.6125296619457        1.02248993E-02   4.11088765E-03
   4777.1260413551363        1.88599508E-02   4.26289020E-03
   4778.6397043884190        1.64850429E-02   4.21084417E-03
   4780.1535186226984        1.69431847E-02   4.23387578E-03
   4781.6674839188781        1.74821094E-02   4.21566796E-03
   4783.1816001378647        2.13548671E-02   4.26105503E-03
   4784.6958671405628        1.83685552E-02   4.21593525E-03
   4786.2102847878759        1.10445609E-02   4.05291002E-03
   4787.7248529407107        1.61902048E-02   4.10339003E-03
   4789.2395714599706        2.20317263E-02   4.23085131E-03
   4790.7544402065605        2.18280442E-02   4.27163299E-03
   4792.2694590413876        1.81902088E-02   4.22081817E-03
   4793.7846278253537        2.08190382E-02   4.34201583E-03
   4795.2999464193654        1.57825481E-02   4.24265629E-03
   4796.8154146843262        1.63546558E-02   4.24376782E-03
   4798.3310324811437        3.02418061E-02   4.48567234E-03
   4799.8467996707195        1.38613991E-02   4.13472345E-03
   4801.3627161139602        1.30566163E-02   4.09753295E-03
   4802.8787816717713        1.65248588E-02   4.17736825E-03
   4804.3949962050556        1.64812617E-02   4.16541519E-03
   4805.9113595747194        9.77654941E-03   4.02286509E-03
   4807.4278716416675        1.58546530E-02   4.12018457E-03
   4808.9445322668053        1.89521629E-02   4.24224231E-03
   4810.4613413110364        1.56991705E-02   4.16431576E-03
   4811.9782986352666        1.56732593E-02   4.19420796E-03
   4813.4954041004003        1.67154092E-02   4.18219902E-03
   4815.0126575673421        1.50391869E-02   4.17005364E-03
   4816.5300588969976        1.37884431E-02   4.17760806E-03
   4818.0476079502705        2.12790668E-02   4.32230206E-03
   4819.5653045880672        1.34379389E-02   4.17339243E-03
   4821.0831486712923        7.37153320E-03   4.00409335E-03
   4822.6011400608495        1.16183236E-02   4.11541713E-03
   4824.1192786176443        1.71785448E-02   4.17568674E-03
   4825.6375642025823        1.50580965E-02   4.16394463E-03
   4827.1559966765672        1.86025649E-02   4.24328540E-03
   4828.6745759005053        1.37436381E-02   4.12532920E-03
   4830.1933017353003        2.24101469E-02   4.29932214E-03
   4831.7121740418561        1.71714090E-02   4.20175027E-03
   4833.2311926810808        2.82980502E-02   4.36674012E-03
   4834.7503575138762        1.53265893E-02   4.15607681E-03
   4836.2696684011489        2.26531420E-02   4.29566903E-03
   4837.7891252038025        1.49819162E-02   4.16311389E-03
   4839.3087277827435        1.79054923E-02   4.16405499E-03
   4840.8284759988746        2.52300054E-02   4.28555999E-03
   4842.3483697131023        3.01673152E-02   4.39753896E-03
   4843.8684087863321        2.43070219E-02   4.26289951E-03
   4845.3885930794659        2.40795612E-02   4.32184478E-03
   4846.9089224534118        2.39121094E-02   4.30960534E-03
   4848.4293967690728        2.50749458E-02   4.34890576E-03
   4849.9500158873552        2.35728398E-02   4.27215640E-03
   4851.4707796691619        2.31319144E-02   4.25038580E-03
   4852.9916879753991        2.06252262E-02   4.17432608E-03
   4854.5127406669726        2.25471966E-02   4.13906155E-03
   4856.0339376047850        1.98272113E-02   4.05005226E-03
   4857.5552786497419        1.96003951E-02   3.95371439E-03
   4859.0767636627497        2.04617567E-02   3.91091313E-03
   4860.5983925047112        1.99158322E-02   3.73103074E-03
   4862.1201650365319        2.47297976E-02   3.80817172E-03
   4863.6420811191183        2.58396361E-02   3.93232796E-03
   4865.1641406133731        1.43968323E-02   3.79563775E-03
   4866.6863433802018        1.90022662E-02   4.04637167E-03
   4868.2086892805110        1.66238472E-02   3.98002518E-03
   4869.7311781752023        2.07547732E-02   4.04604943E-03
   4871.2538099251824        1.46227088E-02   3.90553987E-03
   4872.7765843913576        1.38238212E-02   3.85846500E-03
   4874.2995014346307        2.66941246E-02   4.14492097E-03
   4875.8225609159063        1.96956005E-02   4.10402007E-03
   4877.3457626960908        2.08226573E-02   4.16863151E-03
   4878.8691066360871        1.61822475E-02   4.08350397E-03
   4880.3925925968033        2.32981928E-02   4.25767526E-03
   4881.9162204391423        1.24522867E-02   4.01577493E-03
   4883.4399900240069        2.60224640E-02   4.24633780E-03
   4884.9639012123062        2.26244740E-02   4.16990696E-03
   4886.4879538649411        1.80043764E-02   4.02758829E-03
   4888.0121478428200        2.29697507E-02   4.13020514E-03
   4889.5364830068447        1.34366900E-02   3.88144469E-03
   4891.0609592179226        2.05669664E-02   4.04920662E-03
   4892.5855763369573        1.52269611E-02   3.96204228E-03
   4894.1103342248525        1.63972843E-02   4.06073639E-03
   4895.6352327425166        1.02226269E-02   4.06035874E-03
   4897.1602717508504        1.92639269E-02   4.19952488E-03
   4898.6854511107613        2.80383788E-02   4.35481640E-03
   4900.2107706831539        2.29138937E-02   4.25771438E-03
   4901.7362303289319        1.51093379E-02   4.08151606E-03
   4903.2618299090009        2.37761568E-02   4.20018844E-03
   4904.7875692842654        2.93392967E-02   4.34519025E-03
   4906.3134483156318        1.62075218E-02   4.12160018E-03
   4907.8394668640030        1.66593492E-02   4.07914724E-03
   4909.3656247902854        2.36620773E-02   4.20079799E-03
   4910.8919219553827        2.29583345E-02   4.17461805E-03
   4912.4183582202004        1.95108224E-02   4.06764075E-03
   4913.9449334456422        2.43417844E-02   4.22829669E-03
   4915.4716474926154        1.86166521E-02   4.12817206E-03
   4916.9985002220228        1.63391661E-02   4.03712736E-03
   4918.5254914947709        1.69657469E-02   3.89176491E-03
   4920.0526211717633        1.79859735E-02   3.87544814E-03
   4921.5798891139048        2.34728176E-02   3.99034470E-03
   4923.1072951820997        1.65953413E-02   3.93533520E-03
   4924.6348392372556        1.74267143E-02   4.03723493E-03
   4926.1625211402743        2.23099440E-02   4.14609630E-03
   4927.6903407520622        1.80412512E-02   4.14786162E-03
   4929.2182979335239        9.78420489E-03   3.96172609E-03
   4930.7463925455650        1.69760864E-02   4.13691625E-03
   4932.2746244490891        2.18038689E-02   4.16690903E-03
   4933.8029935050017        2.12585572E-02   4.15539276E-03
   4935.3314995742076        2.81901620E-02   4.26479708E-03
   4936.8601425176121        2.23477650E-02   4.15208843E-03
   4938.3889221961190        2.23823451E-02   4.10697423E-03
   4939.9178384706347        2.03647390E-02   4.03806241E-03
   4941.4468912020620        1.73978787E-02   4.05424042E-03
   4942.9760802513083        2.22549606E-02   4.22927830E-03
   4944.5054054792763        2.85957381E-02   4.35065292E-03
   4946.0348667468725        2.16819495E-02   4.22479445E-03
   4947.5644639149996        1.88710652E-02   4.15874505E-03
   4949.0941968445650        2.38846131E-02   4.25383961E-03
   4950.6240653964715        1.54947834E-02   4.11159312E-03
   4952.1540694316263        2.11018249E-02   4.20576287E-03
   4953.6842088109324        1.76645648E-02   4.11416823E-03
   4955.2144833952943        2.46358197E-02   4.19792160E-03
   4956.7448930456176        2.27792561E-02   4.10705293E-03
   4958.2754376228086        1.86789446E-02   4.03347379E-03
   4959.8061169877692        1.51125789E-02   3.96957900E-03
   4961.3369310014077        1.16220545E-02   3.99434380E-03
   4962.8678795246260        2.07843017E-02   4.23806673E-03
   4964.3989624183305        1.95298661E-02   4.13500704E-03
   4965.9301795434267        1.47869829E-02   4.01937589E-03
   4967.4615307608174        1.34690385E-02   3.97733320E-03
   4968.9930159314090        1.94123723E-02   4.11513261E-03
   4970.5246349161052        1.91277079E-02   4.13162448E-03
   4972.0563875758126        1.42406514E-02   4.05164668E-03
   4973.5882737714346        1.74360201E-02   4.11212584E-03
   4975.1202933638770        2.12180782E-02   4.19309502E-03
   4976.6524462140433        2.34292690E-02   4.22016298E-03
   4978.1847321828400        2.14291904E-02   4.14567068E-03
   4979.7171511311717        2.39411071E-02   4.18240484E-03
   4981.2497029199421        1.65698137E-02   3.98398424E-03
   4982.7823874100577        2.30387840E-02   4.04829206E-03
   4984.3152044624212        1.38728023E-02   3.88153153E-03
   4985.8481539379400        2.29458641E-02   4.11086343E-03
   4987.3812356975168        2.51583699E-02   4.20731725E-03
   4988.9144496020581        2.13841926E-02   4.23753401E-03
   4990.4477955124676        2.01052167E-02   4.11705719E-03
   4991.9812732896507        2.01855004E-02   4.10867389E-03
   4993.5148827945122        2.45032869E-02   4.22408385E-03
   4995.0486238879575        2.29173191E-02   4.21333034E-03
   4996.5824964308913        2.51090080E-02   4.28491179E-03
   4998.1165002842172        1.81910768E-02   4.12030844E-03
   4999.6506353088407        1.92971677E-02   4.10271296E-03
   5001.1849013656683        3.04830242E-02   4.26771259E-03
   5002.7192983156028        2.24452391E-02   4.07117326E-03
   5004.2538260195497        1.37620335E-02   3.95135581E-03
   5005.7884843384145        2.26266123E-02   4.08117147E-03
   5007.3232731331009        1.48570146E-02   3.93803231E-03
   5008.8581922645144        1.83913484E-02   4.04493744E-03
   5010.3932415935606        2.14947332E-02   4.15517483E-03
   5011.9284209811440        2.37759892E-02   4.10449831E-03
   5013.4637302881683        1.92129780E-02   4.04390693E-03
   5014.9991693755392        1.64659563E-02   3.91213736E-03
   5016.5347381041620        2.22049635E-02   4.06461395E-03
   5018.0704363349414        1.29110208E-02   3.86622222E-03
   5019.6062639287811        5.64308017E-02   6.05015736E-03
   5021.1422207465876        3.05687566E-03   1.69257354E-02
   5022.6783066492653        2.42831483E-02   4.14931029E-03
   5024.2145214977181        2.21067052E-02   4.13541868E-03
   5025.7508651528515        2.22486760E-02   4.17078286E-03
   5027.2873374755718        3.05999257E-02   4.33283858E-03
   5028.8239383267819        2.06401460E-02   4.12106654E-03
   5030.3606675673864        2.78480407E-02   4.28107381E-03
   5031.8975250582916        2.05382816E-02   4.18970175E-03
   5033.4345106604032        3.21247466E-02   4.42065345E-03
   5034.9716242346240        2.57798973E-02   4.24289750E-03
   5036.5088656418593        3.12507451E-02   4.33687586E-03
   5038.0462347430139        2.15745289E-02   4.11197497E-03
   5039.5837313989941        1.86176542E-02   3.98942223E-03
   5041.1213554707028        2.55541001E-02   4.13347129E-03
   5042.6591068190464        2.38911100E-02   4.18367470E-03
   5044.1969853049286        2.24656910E-02   4.17747721E-03
   5045.7349907892558        2.69402396E-02   4.32052044E-03
   5047.2731231329308        2.21432075E-02   4.21047024E-03
   5048.8113821968600        1.95220131E-02   4.15198226E-03
   5050.3497678419481        1.68290306E-02   4.04546689E-03
   5051.8882799290996        2.52021439E-02   4.18589171E-03
   5053.4269183192191        1.65696256E-02   4.12174407E-03
   5054.9656828732122        2.06166413E-02   4.19641566E-03
   5056.5045734519836        1.97960027E-02   4.22596140E-03
   5058.0435899164377        1.92995667E-02   4.23419056E-03
   5059.5827321274801        1.54881785E-02   4.18228609E-03
   5061.1219999460154        1.96696445E-02   4.28608852E-03
   5062.6613932329483        1.87079925E-02   4.24699485E-03
   5064.2009118491833        1.20340921E-02   4.01852792E-03
   5065.7405556556259        2.61655189E-02   4.30732220E-03
   5067.2803245131799        1.61887556E-02   4.07592254E-03
   5068.8202182827517        2.40861624E-02   4.28065099E-03
   5070.3602368252450        2.41278764E-02   4.29778406E-03
   5071.9003800015662        1.60666369E-02   4.11407324E-03
   5073.4406476726190        1.45413261E-02   4.05535521E-03
   5074.9810396993080        1.90382656E-02   4.15115617E-03
   5076.5215559425387        2.12545916E-02   4.22900449E-03
   5078.0621962632158        1.99318957E-02   4.15057270E-03
   5079.6029605222438        2.19082888E-02   4.11466090E-03
   5081.1438485805274        1.89817417E-02   4.08090651E-03
   5082.6848602989730        2.00838558E-02   4.17189579E-03
   5084.2259955384843        1.93113759E-02   4.18831222E-03
   5085.7672541599659        9.89174750E-03   3.99591867E-03
   5087.3086360243224        2.22138073E-02   4.25802777E-03
   5088.8501409924602        1.74661707E-02   4.19349549E-03
   5090.3917689252830        1.96914990E-02   4.25286032E-03
   5091.9335196836955        1.69268474E-02   4.26721945E-03
   5093.4753931286050        1.85392611E-02   4.23941575E-03
   5095.0173891209124        2.11053696E-02   4.26438916E-03
   5096.5595075215260        2.47750953E-02   4.30289935E-03
   5098.1017481913477        1.78440865E-02   4.10337420E-03
   5099.6441109912848        2.16412991E-02   4.17928444E-03
   5101.1865957822420        1.89424381E-02   4.18846542E-03
   5102.7292024251228        1.72957368E-02   4.19379072E-03
   5104.2719307808329        1.43398624E-02   4.11663204E-03
   5105.8147807102769        1.69002879E-02   4.15102998E-03
   5107.3577520743593        1.48153128E-02   4.04355861E-03
   5108.9008447339857        2.29682513E-02   4.28625615E-03
   5110.4440585500615        2.08426211E-02   4.20382759E-03
   5111.9873933834897        1.45778256E-02   4.09975881E-03
   5113.5308490951766        1.88083742E-02   4.22788225E-03
   5115.0744255460277        1.91459022E-02   4.24522348E-03
   5116.6181225969467        2.32014265E-02   4.30141948E-03
   5118.1619401088383        2.97308173E-02   4.52305656E-03
   5119.7058779426079        2.10611913E-02   4.29865159E-03
   5121.2499359591602        8.02726299E-03   4.04423615E-03
   5122.7941140193998        1.85311921E-02   4.16781334E-03
   5124.3384119842322        2.38324497E-02   4.24630288E-03
   5125.8828297145619        3.01912427E-02   4.34199767E-03
   5127.4273670712937        2.66401526E-02   4.33432916E-03
   5128.9720239153330        2.09924802E-02   4.19522682E-03
   5130.5168001075835        2.01807190E-02   4.25579725E-03
   5132.0616955089508        3.19062732E-02   4.45963303E-03
   5133.6067099803395        1.84318479E-02   4.21062531E-03
   5135.1518433826559        1.63958203E-02   4.12391685E-03
   5136.6970955768038        1.73323192E-02   4.15824866E-03
   5138.2424664236869        1.93707868E-02   4.18042019E-03
   5139.7879557842125        2.18780078E-02   4.16478748E-03
   5141.3335635192843        1.26567045E-02   4.01662197E-03
   5142.8792894898061        1.98172573E-02   4.16391063E-03
   5144.4251335566832        1.92800891E-02   4.19451902E-03
   5145.9710955808214        2.68832799E-02   4.32588160E-03
   5147.5171754231251        1.65985655E-02   4.19398816E-03
   5149.0633729444999        1.22473007E-02   4.04500635E-03
   5150.6096880058494        2.25436352E-02   4.27307095E-03
   5152.1561204680802        1.49809951E-02   4.14946163E-03
   5153.7026701920950        1.98860411E-02   4.21860395E-03
   5155.2493370388001        2.26847641E-02   4.27910872E-03
   5156.7961208690995        2.28697360E-02   4.29454725E-03
   5158.3430215438984        1.53689282E-02   4.23407881E-03
   5159.8900389241026        2.96585951E-02   4.44865786E-03
   5161.4371728706155        1.43636493E-02   4.15814482E-03
   5162.9844232443438        1.89786386E-02   4.30922816E-03
   5164.5317899061902        3.39095667E-02   4.41853283E-03
   5166.0792727170601        2.35718470E-02   4.08482924E-03
   5167.6268715378601        1.63476672E-02   3.84649425E-03
   5169.1745862294938        1.73157491E-02   3.86404549E-03
   5170.7224166528649        1.81671195E-02   3.89273185E-03
   5172.2703626688799        2.18260828E-02   3.98513954E-03
   5173.8184241384442        2.54874006E-02   4.06397739E-03
   5175.3666009224607        2.04602033E-02   4.09182068E-03
   5176.9148928818358        2.02665515E-02   4.25352389E-03
   5178.4632998774741        2.09643468E-02   4.29987768E-03
   5180.0118217702793        2.31066234E-02   4.31359885E-03
   5181.5604584211578        2.83109155E-02   4.24423115E-03
   5183.1092096910143        2.48468891E-02   4.05085692E-03
   5184.6580754407514        1.81868896E-02   3.89185268E-03
   5186.2070555312785        2.03713421E-02   4.02846048E-03
   5187.7561498234963        2.45476644E-02   4.29091975E-03
   5189.3053581783115        2.20677275E-02   4.29716799E-03
   5190.8546804566295        1.80713702E-02   4.12871549E-03
   5192.4041165193530        2.09849812E-02   4.19035787E-03
   5193.9536662273886        1.67015251E-02   4.05596895E-03
   5195.5033294416407        1.64575744E-02   4.17268043E-03
   5197.0531060230142        2.67386083E-02   4.44920501E-03
   5198.6029958324134        1.97181478E-02   4.34828131E-03
   5200.1529987307449        1.55202029E-02   4.32768511E-03
   5201.7031145789124        1.68611687E-02   4.25501354E-03
   5203.2533432378195        1.54074170E-02   4.17615892E-03
   5204.8036845683737        2.64041126E-02   4.35950095E-03
   5206.3541384314785        2.02379469E-02   4.18988336E-03
   5207.9047046880387        1.32479491E-02   4.01641242E-03
   5209.4553831989597        2.17784885E-02   4.29320382E-03
   5211.0061738251434        2.25592982E-02   4.32167388E-03
   5212.5570764275008        1.73677970E-02   4.21899091E-03
   5214.1080908669310        2.03157999E-02   4.28936305E-03
   5215.6592170043423        2.32592188E-02   4.35562758E-03
   5217.2104547006365        2.29976177E-02   4.29656822E-03
   5218.7618038167220        1.75369810E-02   4.17855103E-03
   5220.3132642135015        1.85795035E-02   4.27667703E-03
   5221.8648357518805        1.54607641E-02   4.23881831E-03
   5223.4165182927645        1.97813753E-02   4.27191006E-03
   5224.9683116970564        1.34899113E-02   4.06043464E-03
   5226.5202158256625        1.77995246E-02   4.08837851E-03
   5228.0722305394875        2.27778070E-02   4.20801388E-03
   5229.6243556994359        2.12195721E-02   4.20516124E-03
   5231.1765911664143        2.50757504E-02   4.35968768E-03
   5232.7289368013244        1.99754946E-02   4.20351233E-03
   5234.2813924650736        2.04316713E-02   4.19901451E-03
   5235.8339580185666        1.91906150E-02   4.22112551E-03
   5237.3866333227070        1.91630870E-02   4.29487135E-03
   5238.9394182384003        2.33758166E-02   4.43787221E-03
   5240.4923126265521        1.91276874E-02   4.32413351E-03
   5242.0453163480661        1.93897858E-02   4.31834953E-03
   5243.5984292638468        1.51853459E-02   4.24675178E-03
   5245.1516512348016        1.19978841E-02   4.19993559E-03
   5246.7049821218325        1.96598042E-02   4.35376866E-03
   5248.2584217858457        2.58365553E-02   4.43771062E-03
   5249.8119700877460        2.05060709E-02   4.30821860E-03
   5251.3656268884388        2.54455991E-02   4.42997878E-03
   5252.9193920488287        1.94364134E-02   4.31616651E-03
   5254.4732654298186        1.74292009E-02   4.23517358E-03
   5256.0272468923167        2.42680106E-02   4.40991204E-03
   5257.5813362972249        2.36777235E-02   4.45122784E-03
   5259.1355335054504        2.12646872E-02   4.41172253E-03
   5260.6898383778971        1.93470437E-02   4.33949847E-03
   5262.2442507754695        3.72663736E-02   4.61683469E-03
   5263.7987705590722        1.67699717E-02   4.12298553E-03
   5265.3533975896107        2.07392722E-02   4.13147593E-03
   5266.9081317279906        3.31192389E-02   4.42390330E-03
   5268.4629728351165        2.24118773E-02   4.16984130E-03
   5270.0179207718911        1.54173151E-02   3.99898458E-03
   5271.5729753992218        2.35964656E-02   4.23130160E-03
   5273.1281365780133        2.45763529E-02   4.31482727E-03
   5274.6834041691691        2.15089228E-02   4.29219473E-03
   5276.2387780335948        2.17141807E-02   4.37461911E-03
   5277.7942580321951        1.79946106E-02   4.28375695E-03
   5279.3498440258745        1.94094926E-02   4.32875147E-03
   5280.9055358755395        1.96839701E-02   4.33933316E-03
   5282.4613334420928        1.57722440E-02   4.22462728E-03
   5284.0172365864419        1.84821431E-02   4.31530410E-03
   5285.5732451694885        2.07587518E-02   4.33660904E-03
   5287.1293590521391        1.65111627E-02   4.36226791E-03
   5288.6855780952992        1.67674106E-02   4.36679414E-03
   5290.2419021598735        1.65951028E-02   4.37822612E-03
   5291.7983311067646        2.08220389E-02   4.46043722E-03
   5293.3548647968810        2.07650531E-02   4.44754353E-03
   5294.9115030911244        1.85994934E-02   4.38479334E-03
   5296.4682458504021        1.93763766E-02   4.36522346E-03
   5298.0250929356171        1.85115431E-02   4.29413095E-03
   5299.5820442076756        2.20090728E-02   4.32668580E-03
   5301.1390995274814        1.97201539E-02   4.37457208E-03
   5302.6962587559392        2.10989155E-02   4.41618217E-03
   5304.2535217539562        2.67793350E-02   4.55672387E-03
   5305.8108883824343        1.73563659E-02   4.41359263E-03
   5307.3683585022800        2.00812872E-02   4.38772980E-03
   5308.9259319743987        1.98784620E-02   4.43310523E-03
   5310.4836086596933        2.40347944E-02   4.57347557E-03
   5312.0413884190702        2.37886664E-02   4.56061820E-03
   5313.5992711134340        1.93468947E-02   4.47285548E-03
   5315.1572566036893        2.24844981E-02   4.49077412E-03
   5316.7153447507417        1.49854012E-02   4.30730451E-03
   5318.2735354154947        2.34880596E-02   4.48907120E-03
   5319.8318284588540        1.62219498E-02   4.31834022E-03
   5321.3902237417242        2.93315426E-02   4.62202774E-03
   5322.9487211250107        2.13013403E-02   4.39390168E-03
   5324.5073204696182        3.34176756E-02   4.65373788E-03
   5326.0660216364513        2.37015318E-02   4.38004779E-03
   5327.6248244864155        1.70945544E-02   4.22530202E-03
   5329.1837288804154        1.55981062E-02   4.15162975E-03
   5330.7427346793547        3.27230804E-02   4.59940406E-03
   5332.3018417441390        1.33911213E-02   4.32139449E-03
   5333.8610499356746        1.44057646E-02   4.31896374E-03
   5335.4203591148644        1.81666072E-02   4.39908262E-03
   5336.9797691426138        1.64802950E-02   4.38515237E-03
   5338.5392798798284        2.00439412E-02   4.44917008E-03
   5340.0988911874128        1.48323299E-02   4.28725081E-03
   5341.6586029262717        2.00542007E-02   4.40822868E-03
   5343.2184149573086        1.25749176E-02   4.19917097E-03
   5344.7783271414310        2.15810891E-02   4.46973322E-03
   5346.3383393395416        1.96488742E-02   4.45201946E-03
   5347.8984514125477        1.60289537E-02   4.33693314E-03
   5349.4586632213504        2.57057715E-02   4.52172384E-03
   5351.0189746268588        2.06857305E-02   4.41515027E-03
   5352.5793854899739        1.70821846E-02   4.41362849E-03
   5354.1398956716039        1.85971987E-02   4.45919856E-03
   5355.7005050326525        1.98957697E-02   4.51904163E-03
   5357.2612134340234        2.88323462E-02   4.68443241E-03
   5358.8220207366221        2.04871371E-02   4.55721188E-03
   5360.3829268013542        1.60432849E-02   4.43372829E-03
   5361.9439314891233        1.95433535E-02   4.48179012E-03
   5363.5050346608359        1.16584990E-02   4.30096639E-03
   5365.0662361773957        1.96607690E-02   4.41440055E-03
   5366.6275358997082        1.33450376E-02   4.27573500E-03
   5368.1889336886770        2.09536348E-02   4.39296896E-03
   5369.7504294052087        1.64064486E-02   4.27893968E-03
   5371.3120229102087        2.00937353E-02   4.34200326E-03
   5372.8737140645781        1.95892472E-02   4.36361227E-03
   5374.4355027292258        2.12440621E-02   4.47077677E-03
   5375.9973887650540        1.96904987E-02   4.48080199E-03
   5377.5593720329698        2.07253098E-02   4.50278725E-03
   5379.1214523938770        1.85657926E-02   4.47731791E-03
   5380.6836297086793        1.88997313E-02   4.43585031E-03
   5382.2459038382840        1.68325175E-02   4.36779577E-03
   5383.8082746435939        1.52127277E-02   4.34627570E-03
   5385.3707419855145        1.73864421E-02   4.40567033E-03
   5386.9333057249514        2.10260339E-02   4.49071545E-03
   5388.4959657228083        2.21149065E-02   4.52171220E-03
   5390.0587218399914        2.92196013E-02   4.67542978E-03
   5391.6215739374038        1.56522654E-02   4.33820952E-03
   5393.1845218759527        2.38436498E-02   4.52368613E-03
   5394.7475655165408        2.39905063E-02   4.50035557E-03
   5396.3107047200738        1.85450818E-02   4.33635619E-03
   5397.8739393474571        1.70991998E-02   4.30408213E-03
   5399.4372692595953        2.27931421E-02   4.44217818E-03
   5401.0006943173921        1.00118360E-02   4.20557847E-03
   5402.5642143817540        2.29802951E-02   4.48395871E-03
   5404.1278293135847        1.92631613E-02   4.32506576E-03
   5405.6915389737906        1.49185797E-02   4.24073590E-03
   5407.2553432232753        2.35228911E-02   4.44928044E-03
   5408.8192419229426        2.32850872E-02   4.45978157E-03
   5410.3832349336990        2.03245487E-02   4.39399341E-03
   5411.9473221164499        2.00634301E-02   4.41189809E-03
   5413.5115033320990        1.17126564E-02   4.24358994E-03
   5415.0757784415518        2.48157084E-02   4.53308038E-03
   5416.6401473057122        1.82443839E-02   4.39010980E-03
   5418.2046097854864        1.70518048E-02   4.38211532E-03
   5419.7691657417781        1.66250616E-02   4.41301940E-03
   5421.3338150354930        9.07082204E-03   4.17388650E-03
   5422.8985575275346        2.01956201E-02   4.45889449E-03
   5424.4633930788104        2.31763031E-02   4.50838357E-03
   5426.0283215502232        1.63267013E-02   4.34653368E-03
   5427.5933428026783        2.50500403E-02   4.58808383E-03
   5429.1584566970814        1.94388963E-02   4.46966058E-03
   5430.7236630943353        2.01371275E-02   4.40972066E-03
   5432.2889618553472        2.91953590E-02   4.59497888E-03
   5433.8543528410200        5.41421119E-03   4.13051993E-03
   5435.4198359122602        2.04962380E-02   4.41165688E-03
   5436.9854109299722        1.64825562E-02   4.40386543E-03
   5438.5510777550599        2.06268635E-02   4.53921733E-03
   5440.1168362484295        2.10311934E-02   4.57807770E-03
   5441.6826862709850        1.73566416E-02   4.50094184E-03
   5443.2486276836316        2.20864452E-02   4.53155767E-03
   5444.8146603472742        2.34642122E-02   4.53818124E-03
   5446.3807841228181        2.30307542E-02   4.50045196E-03
   5447.9469988711662        9.58011206E-03   4.23638662E-03
   5449.5133044532267        2.60790251E-02   4.63923300E-03
   5451.0797007299016        2.35246550E-02   4.64679440E-03
   5452.6461875620971        2.27276683E-02   4.64576762E-03
   5454.2127648107180        2.15474125E-02   4.46579931E-03
   5455.7794323366688        2.32207049E-02   4.51802090E-03
   5457.3461900008542        2.22658403E-02   4.49965848E-03
   5458.9130376641797        2.17232965E-02   4.53251367E-03
   5460.4799751875498        1.58896707E-02   4.43098787E-03
   5462.0470024318693        2.33067442E-02   4.61118016E-03
   5463.6141192580435        1.11445151E-02   4.29267762E-03
   5465.1813255269763        1.98870469E-02   4.45735734E-03
   5466.7486210995739        1.37103200E-02   4.32231696E-03
   5468.3160058367403        1.97017863E-02   4.49500373E-03
   5469.8834795993798        1.95379965E-02   4.55133663E-03
   5471.4510422483991        1.32173076E-02   4.37501026E-03
   5473.0186936447026        1.79043747E-02   4.51207580E-03
   5474.5864336491941        2.32750475E-02   4.50081890E-03
   5476.1542621227791        1.11411633E-02   4.22387803E-03
   5477.7221789263613        1.87358093E-02   4.40968480E-03
   5479.2901839208480        2.25975681E-02   4.49700048E-03
   5480.8582769671411        1.70178339E-02   4.43448452E-03
   5482.4264579261489        2.04636678E-02   4.46468405E-03
   5483.9947266587733        1.31924916E-02   4.39430121E-03
   5485.5630830259197        2.18149032E-02   4.56540193E-03
   5487.1315268884946        2.37565711E-02   4.59639495E-03
   5488.7000581074017        2.06227228E-02   4.56664525E-03
   5490.2686765435465        1.76777560E-02   4.46895510E-03
   5491.8373820578327        1.82117317E-02   4.49417019E-03
   5493.4061745111658        1.95182487E-02   4.52172197E-03
   5494.9750537644513        2.33907644E-02   4.59053693E-03
   5496.5440196785930        1.45908482E-02   4.45061084E-03
   5498.1130721144964        1.79344695E-02   4.51394636E-03
   5499.6822109330660        2.11435258E-02   4.51543042E-03
   5501.2514359952074        1.56678353E-02   4.45548119E-03
   5502.8207471618252        1.55998291E-02   4.41884529E-03
   5504.3901442938241        2.30211411E-02   4.56920359E-03
   5505.9596272521076        2.05776095E-02   4.54995781E-03
   5507.5291958975822        1.43604763E-02   4.39842464E-03
   5509.0988500911544        1.45247187E-02   4.40960983E-03
   5510.6685896937252        1.55288419E-02   4.42680996E-03
   5512.2384145662018        2.78565604E-02   4.67421068E-03
   5513.8083245694888        1.70487259E-02   4.45794733E-03
   5515.3783195644910        1.12235071E-02   4.29870002E-03
   5516.9483994121138        2.52482779E-02   4.65617375E-03
   5518.5185639732608        1.57584436E-02   4.53272136E-03
   5520.0888131088368        2.03267746E-02   4.60240431E-03
   5521.6591466797490        1.71898790E-02   4.53334069E-03
   5523.2295645469003        2.83239819E-02   4.81434213E-03
   5524.8000665711961        2.37124991E-02   4.64705052E-03
   5526.3706526135411        2.21400913E-02   4.55407891E-03
   5527.9413225348399        1.72397327E-02   4.43038531E-03
   5529.5120761959970        1.82936154E-02   4.46496950E-03
   5531.0829134579189        1.19667472E-02   4.39152215E-03
   5532.6538341815094        2.40497142E-02   4.62063868E-03
   5534.2248382276739        2.04831231E-02   4.56392253E-03
   5535.7959254573152        2.68072449E-02   4.73825820E-03
   5537.3670957313425        2.35230215E-02   4.65919031E-03
   5538.9383489106558        1.83883626E-02   4.59890207E-03
   5540.5096848561634        1.91153884E-02   4.55000531E-03
   5542.0811034287681        9.22130793E-03   4.37269779E-03
   5543.6526044893762        2.33514346E-02   4.63840226E-03
   5545.2241878988925        1.96122527E-02   4.57614893E-03
   5546.7958535182206        1.35084344E-02   4.47135046E-03
   5548.3676012082660        1.87516399E-02   4.57160268E-03
   5549.9394308299343        2.74858009E-02   4.74838866E-03
   5551.5113422441300        1.05668800E-02   4.41804063E-03
   5553.0833353117578        2.23164503E-02   4.65631997E-03
   5554.6554098937213        1.20632835E-02   4.41963738E-03
   5556.2275658509288        1.81717798E-02   4.57176939E-03
   5557.7998030442805        2.04747114E-02   4.63677570E-03
   5559.3721213346853        2.01604683E-02   4.59869253E-03
   5560.9445205830452        1.97509266E-02   4.55658650E-03
   5562.5170006502676        2.28191540E-02   4.67157317E-03
   5564.0895613972571        2.65733711E-02   4.67732688E-03
   5565.6622026849154        2.16546487E-02   4.62391879E-03
   5567.2349243741501        2.30440982E-02   4.67492128E-03
   5568.8077263258665        1.93930473E-02   4.54670656E-03
   5570.3806084009684        1.83660630E-02   4.55787312E-03
   5571.9535704603604        1.57465525E-02   4.45706164E-03
   5573.5266123649490        2.03261916E-02   4.80076484E-03
   5575.0997339756359        2.57537421E-03   7.68864714E-03
   5576.6729351533286        2.15866622E-02   1.02028763E-02
   5578.2462157589316        1.01907412E-02   1.03888372E-02
   5579.8195756533496        3.81442271E-02   9.62868892E-03
   5581.3930146974872        1.93868130E-02   6.01068418E-03
   5582.9665327522498        2.02065483E-02   4.82155429E-03
   5584.5401296785421        1.22089321E-02   4.40910691E-03
   5586.1138053372670        1.52539173E-02   4.45435662E-03
   5587.6875595893325        1.75923984E-02   4.47293278E-03
   5589.2613922956416        2.01965421E-02   4.50280216E-03
   5590.8353033171006        1.92834511E-02   4.52272454E-03
   5592.4092925146124        2.10812856E-02   4.57624951E-03
   5593.9833597490833        2.47398000E-02   4.69133537E-03
   5595.5575048814189        2.90195942E-02   4.79828240E-03
   5597.1317277725211        1.75016280E-02   4.58096480E-03
   5598.7060282832972        8.30470305E-03   4.32786997E-03
   5600.2804062746527        2.79763993E-02   4.76236641E-03
   5601.8548616074895        2.28689443E-02   4.60901810E-03
   5603.4293941427159        2.13536955E-02   4.65479773E-03
   5605.0040037412336        1.82505548E-02   4.61902050E-03
   5606.5786902639502        1.80759914E-02   4.70970757E-03
   5608.1534535717683        1.33564826E-02   4.59055230E-03
   5609.7282935255944        1.72050018E-02   4.65870183E-03
   5611.3032099863331        2.44848803E-02   4.78688302E-03
   5612.8782028148880        2.28564460E-02   4.70844191E-03
   5614.4532718721657        1.57877039E-02   4.47145477E-03
   5616.0284170190698        1.79318208E-02   4.50706948E-03
   5617.6036381165068        2.39255056E-02   4.64306073E-03
   5619.1789350253794        2.08439790E-02   4.67542233E-03
   5620.7543076065940        1.23620527E-02   4.47986927E-03
   5622.3297557210544        1.76693685E-02   4.63604880E-03
   5623.9052792296670        1.56183606E-02   4.55956161E-03
   5625.4808779933355        2.23514084E-02   4.69226437E-03
   5627.0565518729645        1.78997274E-02   4.64764098E-03
   5628.6323007294604        2.11860389E-02   4.71779378E-03
   5630.2081244237261        2.32038144E-02   4.76636970E-03
   5631.7840228166679        1.97011661E-02   4.73774923E-03
   5633.3599957691895        2.19850186E-02   4.73597832E-03
   5634.9360431421974        2.40309983E-02   4.76680836E-03
   5636.5121647965952        1.59469135E-02   4.60161129E-03
   5638.0883605932868        2.26911474E-02   4.73372685E-03
   5639.6646303931802        1.20633403E-02   4.49405657E-03
   5641.2409740571784        2.08649486E-02   4.72557591E-03
   5642.8173914461859        2.15618182E-02   4.75751888E-03
   5644.3938824211073        4.75136703E-03   4.35543247E-03
   5645.9704468428490        1.59507580E-02   4.67924448E-03
   5647.5470845723148        1.97801217E-02   4.74811811E-03
   5649.1237954704102        2.22129393E-02   4.80939448E-03
   5650.7005793980388        2.08456293E-02   4.78492072E-03
   5652.2774362161063        1.80880949E-02   4.70358972E-03
   5653.8543657855189        1.82472523E-02   4.66500130E-03
   5655.4313679671786        2.39546709E-02   4.76193614E-03
   5657.0084426219928        1.81880519E-02   4.58302023E-03
   5658.5855896108660        1.91141888E-02   4.64704912E-03
   5660.1628087947020        1.98159348E-02   4.65550739E-03
   5661.7401000344053        1.43478597E-02   4.55199741E-03
   5663.3174631908823        1.78890638E-02   4.66522528E-03
   5664.8948981250378        1.96124464E-02   4.70453361E-03
   5666.4724046977763        2.36353744E-02   4.84925834E-03
   5668.0499827700014        1.41403917E-02   4.62101307E-03
   5669.6276322026197        1.51629550E-02   4.66507906E-03
   5671.2053528565348        2.37018485E-02   4.85511962E-03
   5672.7831445926531        2.14917846E-02   4.89092525E-03
   5674.3610072718775        1.80578884E-02   4.80391225E-03
   5675.9389407551153        2.30029114E-02   4.89289174E-03
   5677.5169449032683        1.13875773E-02   4.63023596E-03
   5679.0950195772439        2.36453451E-02   4.90508229E-03
   5680.6731646379458        1.23410905E-02   4.56792023E-03
   5682.2513799462795        1.38724670E-02   4.63272026E-03
   5683.8296653631496        2.03577466E-02   4.74781450E-03
   5685.4080207494608        1.96686443E-02   4.75483947E-03
   5686.9864459661185        1.34251202E-02   4.60705487E-03
   5688.5649408740273        1.35773625E-02   4.68172505E-03
   5690.1435053340911        1.53273568E-02   4.64451034E-03
   5691.7221392072161        2.06882227E-02   4.82040504E-03
   5693.3008423543070        1.58908144E-02   4.69874637E-03
   5694.8796146362683        1.90654956E-02   4.85942746E-03
   5696.4584559140048        1.89114157E-02   4.78763832E-03
   5698.0373660484211        2.07943227E-02   4.85732593E-03
   5699.6163449004225        1.77165549E-02   4.73589823E-03
   5701.1953923309147        1.55562125E-02   4.71432973E-03
   5702.7745082008014        1.27464896E-02   4.63322364E-03
   5704.3536923709871        2.11093575E-02   4.82833711E-03
   5705.9329447023783        2.58940291E-02   4.87551698E-03
   5707.5122650558787        1.59584619E-02   4.73270100E-03
   5709.0916532923929        2.13818513E-02   4.74273600E-03
   5710.6711092728265        9.64895636E-03   4.50713886E-03
   5712.2506328580848        2.32178047E-02   4.82334662E-03
   5713.8302239090717        1.38282776E-02   4.63794824E-03
   5715.4098822866927        1.16765499E-02   4.67177108E-03
   5716.9896078518523        1.92512479E-02   4.77797166E-03
   5718.5694004654551        1.24135148E-02   4.73771431E-03
   5720.1492599884068        1.14650857E-02   4.68569575E-03
   5721.7291862816110        1.67022273E-02   4.87044593E-03
   5723.3091792059731        1.28883673E-02   4.68444638E-03
   5724.8892386223988        2.07356997E-02   4.96528205E-03
   5726.4693643917926        1.53696351E-02   4.82280971E-03
   5728.0495563750592        1.63756888E-02   4.79277037E-03
   5729.6298144331040        1.90476924E-02   4.92263772E-03
   5731.2101384268299        2.07874086E-02   4.92289243E-03
   5732.7905282171441        1.39388526E-02   4.74558957E-03
   5734.3709836649505        1.86168347E-02   4.93826205E-03
   5735.9515046311535        2.12073419E-02   4.97254822E-03
   5737.5320909766588        2.35266071E-02   4.97830892E-03
   5739.1127425623708        4.45394870E-03   4.59662126E-03
   5740.6934592491953        9.21594165E-03   4.68832115E-03
   5742.2742408980348        2.13039853E-02   4.94506955E-03
   5743.8550873697977        1.71981938E-02   4.90625901E-03
   5745.4359985253868        1.97222102E-02   4.94253961E-03
   5747.0169742257067        2.40702126E-02   5.00145461E-03
   5748.5980143316610        2.11395752E-02   4.91279783E-03
   5750.1791187041581        1.68973338E-02   4.82974853E-03
   5751.7602872041007        1.75126772E-02   4.86391038E-03
   5753.3415196923934        1.94372199E-02   4.83155064E-03
   5754.9228160299435        1.69033296E-02   4.83377278E-03
   5756.5041760776530        1.63498521E-02   4.80550854E-03
   5758.0855996964274        2.22833864E-02   4.92938654E-03
   5759.6670867471721        1.80620700E-02   4.90643363E-03
   5761.2486370907918        1.00183170E-02   4.69442504E-03
   5762.8302505881911        1.36949746E-02   4.70244884E-03
   5764.4119271002764        2.28235982E-02   4.98072663E-03
   5765.9936664879515        1.65785439E-02   4.89738351E-03
   5767.5754686121199        1.47241177E-02   4.85801836E-03
   5769.1573333336883        1.96803100E-02   4.97253332E-03
   5770.7392605135610        2.61363201E-02   5.09852357E-03
   5772.3212500126419        1.14428783E-02   4.79072379E-03
   5773.9033016918384        2.04060506E-02   4.95741190E-03
   5775.4854154120530        2.51934659E-02   5.12308115E-03
   5777.0675910341915        1.31303985E-02   4.80191037E-03
   5778.6498284191584        1.99849382E-02   4.88345465E-03
   5780.2321274278593        1.52870938E-02   4.81586438E-03
   5781.8144879211977        1.50114158E-02   4.80434159E-03
   5783.3969097600811        2.27007177E-02   4.89045447E-03
   5784.9793928054105        1.31642120E-02   4.76980396E-03
   5786.5619369180949        1.98227260E-02   4.91414545E-03
   5788.1445419590364        2.11524926E-02   5.00056846E-03
   5789.7272077891403        2.12199353E-02   4.96659987E-03
   5791.3099342693122        1.77048631E-02   4.89027193E-03
   5792.8927212604558        1.41267069E-02   4.82304581E-03
   5794.4755686234776        1.90435536E-02   4.95970529E-03
   5796.0584762192811        2.00249404E-02   4.99794073E-03
   5797.6414439087730        1.88607592E-02   4.95900260E-03
   5799.2244715528559        2.62559336E-02   5.11644641E-03
   5800.8075590124354        1.44177079E-02   4.92798490E-03
   5802.3907061484169        1.53078623E-02   4.93181404E-03
   5803.9739128217052        1.90172140E-02   4.96434188E-03
   5805.5571788932039        1.46835614E-02   4.93310904E-03
   5807.1405042238212        1.03859250E-02   4.73323744E-03
   5808.7238886744572        1.85313672E-02   4.98603890E-03
   5810.3073321060210        2.10168753E-02   5.07464400E-03
   5811.8908343794155        1.85668338E-02   5.01700351E-03
   5813.4743953555453        1.06431963E-02   4.85019386E-03
   5815.0580148953159        2.32069083E-02   5.01200045E-03
   5816.6416928596318        1.67205278E-02   5.01358788E-03
   5818.2254291093996        8.26167129E-03   4.74131620E-03
   5819.8092235055201        2.22273245E-02   5.08214300E-03
   5821.3930759089026        1.57583151E-02   4.98632994E-03
   5822.9769861804498        1.85592603E-02   5.07038226E-03
   5824.5609541810663        1.71689428E-02   5.06494427E-03
   5826.1449797716587        2.20744312E-02   5.09611843E-03
   5827.7290628131295        2.86572948E-02   5.24840550E-03
   5829.3132031663863        1.92022659E-02   5.07097039E-03
   5830.8974006923318        1.45318843E-02   4.97604348E-03
   5832.4816552518714        2.12748591E-02   5.06400969E-03
   5834.0659667059108        3.08317617E-02   5.30190626E-03
   5835.6503349153527        1.15178572E-02   4.85231820E-03
   5837.2347597411053        1.76374186E-02   5.07125026E-03
   5838.8192410440706        1.81021504E-02   5.08060027E-03
   5840.4037786851550        2.09781472E-02   5.12380293E-03
   5841.9883725252630        1.78147424E-02   5.07531501E-03
   5843.5730224252993        2.81267185E-02   5.30249393E-03
   5845.1577282461676        1.61448270E-02   5.00616245E-03
   5846.7424898487752        2.40027197E-02   5.20029571E-03
   5848.3273070940259        2.73098759E-02   5.21615800E-03
   5849.9121798428241        2.18193643E-02   5.11061354E-03
   5851.4971079560746        3.09562851E-02   5.32819470E-03
   5853.0820912946847        2.38201041E-02   5.14403637E-03
   5854.6671297195553        2.21897867E-02   5.13127027E-03
   5856.2522230915929        2.68584453E-02   5.17152436E-03
   5857.8373712717039        2.33885627E-02   5.07801631E-03
   5859.4225741207911        3.24615203E-02   5.33263292E-03
   5861.0078314997618        2.58703027E-02   5.15330257E-03
   5862.5931432695170        2.58873198E-02   5.27203549E-03
   5864.1785092909658        3.61782648E-02   5.48201846E-03
   5865.7639294250112        3.40057723E-02   5.49081014E-03
   5867.3494035325566        2.13961080E-02   5.27437869E-03
   5868.9349314745086        2.87946910E-02   5.41550061E-03
   5870.5205131117727        3.17437574E-02   5.46954712E-03
   5872.1061483052536        3.51543054E-02   5.47753321E-03
   5873.6918369158529        2.24612169E-02   5.29875653E-03
   5875.2775788044801        2.84416806E-02   5.40589169E-03
   5876.8633738320368        2.46457439E-02   5.21830097E-03
   5878.4492218594305        3.26992497E-02   5.45224221E-03
   5880.0351227475621        3.22315134E-02   5.41808316E-03
   5881.6210763573417        3.36321294E-02   5.42131392E-03
   5883.2070825496694        2.57721543E-02   5.26390830E-03
   5884.7931411854534        2.93196123E-02   5.34582837E-03
   5886.3792521255964        4.41953056E-02   5.80471056E-03
   5887.9654152310059        2.14237086E-02   5.66056976E-03
   5889.5516303625836        3.43505293E-02   6.11484889E-03
   5891.1378973812343        3.22375894E-02   6.01915829E-03
   5892.7242161478671        2.78465487E-02   5.78805245E-03
   5894.3105865233838        1.84634812E-02   5.48136048E-03
   5895.8970083686881        2.31886376E-02   5.59076900E-03
   5897.4834815446875        2.57262345E-02   5.65302093E-03
   5899.0700059122855        4.27294038E-02   5.80396410E-03
   5900.6565813323868        3.40761803E-02   5.48491580E-03
   5902.2432076658970        2.18050536E-02   5.23037836E-03
   5903.8298847737215        2.20756009E-02   5.33136260E-03
   5905.4166125167631        2.45583020E-02   5.33576310E-03
   5907.0033907559282        2.33785100E-02   5.29672764E-03
   5908.5902193521224        3.97876650E-02   5.61000640E-03
   5910.1770981662485        2.19652914E-02   5.24126552E-03
   5911.7640270592128        2.48564370E-02   5.29858517E-03
   5913.3510058919192        2.46753152E-02   5.37083205E-03
   5914.9380345252748        1.66368410E-02   5.16173057E-03
   5916.5251128201808        1.81690883E-02   5.18019591E-03
   5918.1122406375462        1.17244069E-02   5.07683959E-03
   5919.6994178382729        1.66776255E-02   5.12847537E-03
   5921.2866442832665        1.97280757E-02   5.19837020E-03
   5922.8739198334315        2.57380810E-02   5.29844873E-03
   5924.4612443496735        1.83471832E-02   5.19254757E-03
   5926.0486176928980        1.27022630E-02   5.09648817E-03
   5927.6360397240078        1.79508198E-02   5.18415309E-03
   5929.2235103039102        1.30744753E-02   5.06644230E-03
   5930.8110292935089        9.58392024E-03   5.04607707E-03
   5932.3985965537076        2.28220765E-02   5.31563675E-03
   5933.9862119454137        1.88867617E-02   5.28138736E-03
   5935.5738753295300        1.98879857E-02   5.30607579E-03
   5937.1615865669628        1.16746360E-02   5.10380603E-03
   5938.7493455186150        1.57528892E-02   5.21089137E-03
   5940.3371520453929        5.64289186E-03   4.99609765E-03
   5941.9250060082022        1.93531532E-02   5.22767846E-03
   5943.5129072679456        1.12658134E-02   5.08170947E-03
   5945.1008556855295        1.65480133E-02   5.21945907E-03
   5946.6888511218585        1.40755968E-02   5.13920328E-03
   5948.2768934378373        1.84173305E-02   5.25349192E-03
   5949.8649824943714        1.92499664E-02   5.23564313E-03
   5951.4531181523653        2.22439095E-02   5.32324240E-03
   5953.0413002727219        1.53432889E-02   5.21503668E-03
   5954.6295287163503        2.11024750E-02   5.30509790E-03
   5956.2178033441505        2.64719054E-02   5.46636898E-03
   5957.8061240170318        1.38570489E-02   5.14412858E-03
   5959.3944905958961        1.54137248E-02   5.15308650E-03
   5960.9829029416505        1.50799006E-02   5.17266477E-03
   5962.5713609151962        1.40756285E-02   5.18188393E-03
   5964.1598643774423        1.76917985E-02   5.23685385E-03
   5965.7484131892916        1.90981254E-02   5.32680005E-03
   5967.3370072116486        1.75802559E-02   5.15776500E-03
   5968.9256463054198        1.56581793E-02   5.28040808E-03
   5970.5143303315072        2.21326426E-02   5.39128948E-03
   5972.1030591508188        2.14225389E-02   5.35059255E-03
   5973.6918326242594        1.45042064E-02   5.16885193E-03
   5975.2806506127308        1.70106646E-02   5.29191690E-03
   5976.8695129771404        2.32825335E-02   5.37426863E-03
   5978.4584195783927        1.29464371E-02   5.24286926E-03
   5980.0473702773925        9.57353320E-03   5.09569049E-03
   5981.6363649350442        1.32787907E-02   5.15807699E-03
   5983.2254034122516        1.45224724E-02   5.21831261E-03
   5984.8144855699229        2.41115633E-02   5.40923513E-03
   5986.4036112689600        1.84382219E-02   5.22008399E-03
   5987.9927803702694        1.27029745E-02   5.12683671E-03
   5989.5819927347538        1.86813436E-02   5.24501409E-03
   5991.1712482233215        1.68191623E-02   5.29166311E-03
   5992.7605466968744        1.89595260E-02   5.30738756E-03
   5994.3498880163188        1.47862276E-02   5.28456271E-03
   5995.9392720425585        2.45008729E-02   5.39330300E-03
   5997.5286986364999        2.02796198E-02   5.28201973E-03
   5999.1181676590468        2.01796610E-02   5.34444489E-03
   6000.7076789711045        1.85411330E-02   5.22138737E-03
   6002.2972324335778        1.49137126E-02   5.23726922E-03
   6003.8868279073713        2.36142538E-02   5.40495617E-03
   6005.4764652533904        2.47289799E-02   5.50238788E-03
   6007.0661443325380        1.32403634E-02   5.15371747E-03
   6008.6558650057223        9.46823042E-03   5.04009612E-03
   6010.2456271338469        2.14362554E-02   5.30574052E-03
   6011.8354305778139        1.68396644E-02   5.26324008E-03
   6013.4252751985314        7.68117746E-03   5.08343289E-03
   6015.0151608569049        1.60610154E-02   5.20379236E-03
   6016.6050874138364        2.03969516E-02   5.35378559E-03
   6018.1950547302331        3.52060944E-02   5.56569593E-03
   6019.7850626669970        2.05014069E-02   5.29208872E-03
   6021.3751110850362        1.74050611E-02   5.21102967E-03
   6022.9651998452546        1.29674831E-02   5.10116667E-03
   6024.5553288085548        1.53147541E-02   5.22763329E-03
   6026.1454978358461        2.44082026E-02   5.42437006E-03
   6027.7357067880275        1.24979299E-02   5.16823400E-03
   6029.3259555260101        1.80762317E-02   5.35913231E-03
   6030.9162439106949        2.06605196E-02   5.41936932E-03
   6032.5065718029882        6.22733729E-03   5.06051956E-03
   6034.0969390637938        2.14451514E-02   5.44213643E-03
   6035.6873455540181        1.30470730E-02   5.29383169E-03
   6037.2777911345638        1.88699309E-02   5.39900083E-03
   6038.8682756663384        1.88247375E-02   5.37928659E-03
   6040.4587990102455        2.48451587E-02   5.46615897E-03
   6042.0493610271878        3.02706286E-02   5.56918699E-03
   6043.6399615780738        1.80828571E-02   5.32168336E-03
   6045.2306005238070        1.38902199E-02   5.24936570E-03
   6046.8212777252911        1.44668221E-02   5.26115997E-03
   6048.4119930434335        1.97238345E-02   5.40401647E-03
   6050.0027463391361        1.17622241E-02   5.28188283E-03
   6051.5935374733053        2.83864792E-02   5.62027656E-03
   6053.1843663068457        1.72189493E-02   5.31000132E-03
   6054.7752327006629        1.57422610E-02   5.31607121E-03
   6056.3661365156613        2.32296996E-02   5.45867207E-03
   6057.9570776127466        1.10699702E-02   5.22047048E-03
   6059.5480558528207        1.45091461E-02   5.37075941E-03
   6061.1390710967917        1.89719871E-02   5.30272443E-03
   6062.7301232055643        1.82889942E-02   5.36722736E-03
   6064.3212120400394        2.74553280E-02   5.54951793E-03
   6065.9123374611272        1.93814505E-02   5.34711685E-03
   6067.5034993297295        1.50516750E-02   5.24008926E-03
   6069.0946975067527        2.13054959E-02   5.47822891E-03
   6070.6859318530996        2.08006147E-02   5.46021527E-03
   6072.2772022296776        1.63557641E-02   5.33159310E-03
   6073.8685084973886        1.96554121E-02   5.43627562E-03
   6075.4598505171407        1.80586763E-02   5.34971571E-03
   6077.0512281498368        2.84640621E-02   5.61993290E-03
   6078.6426412563824        2.01260783E-02   5.43165160E-03
   6080.2340896976821        2.14760657E-02   5.37739275E-03
   6081.8255733346405        2.24154331E-02   5.48458332E-03
   6083.4170920281631        1.98797975E-02   5.34396712E-03
   6085.0086456391537        2.94702780E-02   5.62958419E-03
   6086.6002340285195        1.76139176E-02   5.37121762E-03
   6088.1918570571634        1.73334423E-02   5.34766493E-03
   6089.7835145859908        1.33900438E-02   5.27249929E-03
   6091.3752064759055        1.91743691E-02   5.34352520E-03
   6092.9669325878140       -1.33516663E-03   4.99473652E-03
   6094.5586927826207        1.84115432E-02   5.39055839E-03
   6096.1504869212304        2.05477402E-02   5.46146184E-03
   6097.7423148645466        1.60115026E-02   5.35465172E-03
   6099.3341764734760        6.62014447E-03   5.10535296E-03
   6100.9260716089238        1.54463928E-02   5.26426500E-03
   6102.5180001317940        2.39049587E-02   5.42818103E-03
   6104.1099619029901        1.22308340E-02   5.15797082E-03
   6105.7019567834195        2.30421610E-02   5.42146247E-03
   6107.2939846339841        1.52463913E-02   5.28294174E-03
   6108.8860453155930        9.75165609E-03   5.20750135E-03
   6110.4781386891473        2.09167097E-02   5.39630512E-03
   6112.0702646155532        2.08237916E-02   5.46769053E-03
   6113.6624229557165        2.53160354E-02   5.48923295E-03
   6115.2546135705406        1.91627704E-02   5.41713741E-03
   6116.8468363209304        2.07456462E-02   5.49199199E-03
   6118.4390910677921        2.85273399E-02   5.64219709E-03
   6120.0313776720304        1.85348429E-02   5.28207002E-03
   6121.6236959945472        1.98094323E-02   5.40894223E-03
   6123.2160458962508        3.29853259E-02   5.65947406E-03
   6124.8084272380474        4.53976262E-03   5.08061238E-03
   6126.4008398808364        1.33486213E-02   5.29098790E-03
   6127.9932836855269        2.49043368E-02   5.50556276E-03
   6129.5857585130225        1.17173642E-02   5.22386143E-03
   6131.1782642242279        1.87768787E-02   5.41469455E-03
   6132.7708006800485        1.61374826E-02   5.31422393E-03
   6134.3633677413882        2.65637487E-02   5.54668671E-03
   6135.9559652691532        2.12757830E-02   5.38589945E-03
   6137.5485931242474        2.00108457E-02   5.36018098E-03
   6139.1412511675771        2.30172314E-02   5.41004585E-03
   6140.7339392600452        2.07097214E-02   5.47628105E-03
   6142.3266572625580        1.60755496E-02   5.37465420E-03
   6143.9194050360184        1.94937009E-02   5.41410921E-03
   6145.5121824413336        1.86628904E-02   5.45766531E-03
   6147.1049893394074        2.64831223E-02   5.55273518E-03
   6148.6978255911454        1.64807197E-02   5.37928101E-03
   6150.2906910574520        1.02668731E-02   5.24566136E-03
   6151.8835855992311        1.98588744E-02   5.42083429E-03
   6153.4765090773899        2.25615781E-02   5.49854105E-03
   6155.0694613528294        2.00005602E-02   5.40318200E-03
   6156.6624422864588        1.73805561E-02   5.37547376E-03
   6158.2554517391809        1.37227951E-02   5.28292311E-03
   6159.8484895719002        1.14446972E-02   5.13742492E-03
   6161.4415556455233        1.72008108E-02   5.26907342E-03
   6163.0346498209528        1.63226947E-02   5.22552663E-03
   6164.6277719590953        7.14469142E-03   5.13016246E-03
   6166.2209219208544        1.74031425E-02   5.35336789E-03
   6167.8140995671356        3.00184879E-02   5.67234540E-03
   6169.4073047588445        1.84302162E-02   5.39479731E-03
   6171.0005373568847        1.89948492E-02   5.35472017E-03
   6172.5937972221618        2.54169628E-02   5.63461473E-03
   6174.1870842155804        2.73073371E-02   5.58531890E-03
   6175.7803981980460        9.17266030E-03   5.32159396E-03
   6177.3737390304623        2.76714098E-02   5.60690882E-03
   6178.9671065737348        1.10208737E-02   5.26489271E-03
   6180.5605006887672        1.36900581E-02   5.33451000E-03
   6182.1539212364669        2.22874805E-02   5.55357337E-03
   6183.7473680777375        1.68916751E-02   5.43222344E-03
   6185.3408410734846        1.14860451E-02   5.27193118E-03
   6186.9343400846110        1.91257689E-02   5.46229072E-03
   6188.5278649720221        2.63662226E-02   5.60621917E-03
   6190.1214155966245        1.99425984E-02   5.40691242E-03
   6191.7149918193227        2.44470891E-02   5.52394334E-03
   6193.3085935010204        1.56442206E-02   5.30712120E-03
   6194.9022205026231        1.09820105E-02   5.29586244E-03
   6196.4958726850346        2.10778601E-02   5.51161123E-03
   6198.0895499091621        2.19722949E-02   5.57498308E-03
   6199.6832520359085        1.52948285E-02   5.49891219E-03
   6201.2769789261802        2.50588898E-02   5.71079226E-03
   6202.8707304408790        1.93080697E-02   5.47436578E-03
   6204.4645064409142        2.31458358E-02   5.64933149E-03
   6206.0583067871867        1.49340266E-02   5.39748697E-03
   6207.6521313406047        2.21822467E-02   5.57769882E-03
   6209.2459799620701        2.76768059E-02   5.72339306E-03
   6210.8398525124903        1.48533024E-02   5.39478706E-03
   6212.4337488527681        1.97825339E-02   5.49363671E-03
   6214.0276688438089        2.11535152E-02   5.52123925E-03
   6215.6216123465192        1.66373849E-02   5.43009723E-03
   6217.2155792218018        1.85202770E-02   5.48451627E-03
   6218.8095693305631        1.70373004E-02   5.49836550E-03
   6220.4035825337060        1.86630115E-02   5.51455282E-03
   6221.9976186921376        2.85458695E-02   5.72689669E-03
   6223.5916776667609        2.79959738E-02   5.72565943E-03
   6225.1857593184832        1.51937176E-02   5.38703008E-03
   6226.7798635082063        2.62849052E-02   5.65381721E-03
   6228.3739900968376        1.82396732E-02   5.42021217E-03
   6229.9681389452799        2.54709460E-02   5.63302729E-03
   6231.5623099144395        1.98242199E-02   5.50830644E-03
   6233.1565028652221        1.70607083E-02   5.60897822E-03
   6234.7507176585304        1.74762402E-02   5.71053335E-03
   6236.3449541552709        1.56183867E-02   5.62105188E-03
   6237.9392122163472        2.20075659E-02   5.71719557E-03
   6239.5334917026648        1.21916644E-02   5.52842906E-03
   6241.1277924751294        7.42969569E-03   5.37889032E-03
   6242.7221143946435        1.40000889E-02   5.51742921E-03
   6244.3164573221147        1.26053486E-02   5.45685273E-03
   6245.9108211184466        2.06100866E-02   5.56643726E-03
   6247.5052056445438        1.45446537E-02   5.47187682E-03
   6249.0996107613119        1.85669083E-02   5.54439519E-03
   6250.6940363296553        2.24195719E-02   5.63489459E-03
   6252.2884822104788        2.12950334E-02   5.53432805E-03
   6253.8829482646888        1.32277710E-02   5.36819547E-03
   6255.4774343531872        2.28336733E-02   5.71804121E-03
   6257.0719403368803        2.61578523E-02   5.83820790E-03
   6258.6664660766737        2.63734348E-02   5.89858973E-03
   6260.2610114334711        2.11705863E-02   5.81727270E-03
   6261.8555762681799        1.49887959E-02   5.63358143E-03
   6263.4501604417019        2.77978275E-02   5.88427531E-03
   6265.0447638149426        1.85663607E-02   5.69796562E-03
   6266.6393862488085        1.98978335E-02   5.80415316E-03
   6268.2340276042032        1.90096702E-02   5.71420044E-03
   6269.8286877420305        1.53187485E-02   5.61443670E-03
   6271.4233665231968        2.01686267E-02   5.72140655E-03
   6273.0180638086085        3.10601089E-02   5.99506777E-03
   6274.6127794591675        2.76790466E-02   5.92742302E-03
   6276.2075133357794        2.74337605E-02   5.89555549E-03
   6277.8022652993495        2.58367043E-02   5.75831858E-03
   6279.3970352107835        1.41106285E-02   5.51414909E-03
   6280.9918229309842        1.88381057E-02   5.60257677E-03
   6282.5866283208597        1.90700628E-02   5.69658028E-03
   6284.1814512413130        1.84037443E-02   5.82252257E-03
   6285.7762915532476        2.18306445E-02   5.96211851E-03
   6287.3711491175682        1.31628308E-02   5.84871648E-03
   6288.9660237951830        1.32906158E-02   5.79861831E-03
   6290.5609154469948        8.91540572E-03   5.61936293E-03
