   3855.2265502725822        4.45030294E-02   6.80342084E-03
   3856.6165925561381        1.77545995E-02   5.80349378E-03
   3858.0068740879847        3.25140059E-02   6.08232897E-03
   3859.3973947290260        3.35176028E-02   5.92397386E-03
   3860.7881543401672        2.67620254E-02   5.82268368E-03
   3862.1791527823129        2.35729441E-02   5.93693834E-03
   3863.5703899163686        3.52647901E-02   6.42232923E-03
   3864.9618656032385        2.33225543E-02   6.14511361E-03
   3866.3535797038271        2.77056936E-02   6.09133346E-03
   3867.7455320790400        2.68611405E-02   6.00358192E-03
   3869.1377225897822        2.80435570E-02   5.84914442E-03
   3870.5301510969571        3.31484303E-02   5.82878478E-03
   3871.9228174614709        2.03386713E-02   5.39150555E-03
   3873.3157215442279        2.57495567E-02   5.70805371E-03
   3874.7088632061332        2.57705785E-02   5.81903290E-03
   3876.1022423080913        3.14328298E-02   5.97807160E-03
   3877.4958587110068        3.13585289E-02   5.84946852E-03
   3878.8897122757853        2.35829707E-02   5.48059214E-03
   3880.2838028633309        3.32713611E-02   5.63927600E-03
   3881.6781303345492        2.68213861E-02   5.42940246E-03
   3883.0726945503443        2.84527931E-02   5.41436533E-03
   3884.4674953716212        2.62736194E-02   5.37511613E-03
   3885.8625326592855        2.67711803E-02   5.44234505E-03
   3887.2578062742405        1.73919033E-02   5.13685215E-03
   3888.6533160773924        2.69761644E-02   5.26141142E-03
   3890.0490619296452        2.38330886E-02   5.27002104E-03
   3891.4450436919042        3.16336043E-02   5.58025436E-03
   3892.8412612250736        1.75116956E-02   5.39081544E-03
   3894.2377143900590        2.97427680E-02   5.52160479E-03
   3895.6344030477653        3.11241448E-02   5.61434962E-03
   3897.0313270590964        2.62394361E-02   5.49122831E-03
   3898.4284862849577        4.16968688E-02   5.83189446E-03
   3899.8258805862538        3.13406438E-02   5.65052591E-03
   3901.2235098238903        2.89779566E-02   5.43718692E-03
   3902.6213738587712        2.47022696E-02   5.21306787E-03
   3904.0194725518013        2.15006471E-02   5.10118669E-03
   3905.4178057638856        2.78856959E-02   5.25865564E-03
   3906.8163733559295        2.29475051E-02   5.13333408E-03
   3908.2151751888373        2.55978126E-02   5.34887332E-03
   3909.6142111235135        1.81813966E-02   5.19227935E-03
   3911.0134810208633        2.60141436E-02   5.37661603E-03
   3912.4129847417917        1.49496682E-02   5.10223117E-03
   3913.8127221472032        2.05127299E-02   5.30953612E-03
   3915.2126930980035        1.72590073E-02   5.08431019E-03
   3916.6128974550961        2.17454340E-02   5.12319803E-03
   3918.0133350793858        2.46116985E-02   5.15122479E-03
   3919.4140058317789        2.29134113E-02   4.93435841E-03
   3920.8149095731792        2.40825545E-02   4.89871623E-03
   3922.2160461644917        3.92162204E-02   5.22137014E-03
   3923.6174154666214        2.14323904E-02   4.61881841E-03
   3925.0190173404726        3.51521969E-02   4.98907920E-03
   3926.4208516469503        3.16592269E-02   4.76201624E-03
   3927.8229182469599        2.57923640E-02   4.46065189E-03
   3929.2252170014058        2.59868000E-02   4.31591365E-03
   3930.6277477711928        2.85138730E-02   4.13100189E-03
   3932.0305104172262        1.96834374E-02   3.62862926E-03
   3933.4335048004100        3.28071862E-02   4.00083000E-03
   3934.8367307816493        2.47611925E-02   3.72123998E-03
   3936.2401882218492        1.73771307E-02   3.58004076E-03
   3937.6438769819142        2.81217936E-02   4.16030549E-03
   3939.0477969227495        2.94747707E-02   4.44675377E-03
   3940.4519479052601        3.64412479E-02   4.69663274E-03
   3941.8563297903502        2.78850682E-02   4.55312757E-03
   3943.2609424389248        3.24356332E-02   4.66764439E-03
   3944.6657857118889        3.14562507E-02   4.70334664E-03
   3946.0708594701468        3.35904881E-02   4.84022917E-03
   3947.4761635746045        3.95380966E-02   5.05870208E-03
   3948.8816978861655        3.97833362E-02   5.13150170E-03
   3950.2874622657359        2.05966961E-02   4.67906101E-03
   3951.6934565742199        3.61288823E-02   5.08273253E-03
   3953.0996806725216        3.22521403E-02   4.97835176E-03
   3954.5061344215469        3.49171571E-02   5.06242411E-03
   3955.9128176821996        2.61079818E-02   4.74348059E-03
   3957.3197303153861        2.08566096E-02   4.59639775E-03
   3958.7268721820096        2.77720727E-02   4.78247972E-03
   3960.1342431429762        2.44079120E-02   4.52973088E-03
   3961.5418430591894        1.97498351E-02   4.30099247E-03
   3962.9496717915554        1.89737007E-02   4.07265872E-03
   3964.3577292009782        2.05538999E-02   3.92076652E-03
   3965.7660151483628        1.94527563E-02   3.75110796E-03
   3967.1745294946140        2.64794547E-02   3.80996685E-03
   3968.5832721006363        2.83466540E-02   3.74822691E-03
   3969.9922428273353        2.79616583E-02   3.75210261E-03
   3971.4014415356160        3.04405615E-02   4.02392494E-03
   3972.8108680863820        3.06027625E-02   4.11278335E-03
   3974.2205223405390        2.87356041E-02   4.24936367E-03
   3975.6304041589915        3.31266448E-02   4.57498152E-03
   3977.0405134026441        2.26067696E-02   4.43364028E-03
   3978.4508499324024        2.88566612E-02   4.77587385E-03
   3979.8614136091705        3.62736918E-02   4.96483454E-03
   3981.2722042938535        2.84614824E-02   4.81315237E-03
   3982.6832218473564        2.75444984E-02   4.84951679E-03
   3984.0944661305839        3.84715050E-02   4.96119959E-03
   3985.5059370044405        2.13287901E-02   4.51473333E-03
   3986.9176343298318        1.74968615E-02   4.52268030E-03
   3988.3295579676619        2.27655247E-02   4.63311560E-03
   3989.7417077788359        2.16365010E-02   4.65063285E-03
   3991.1540836242584        2.24714503E-02   4.69308766E-03
   3992.5666853648345        2.13485491E-02   4.63745836E-03
   3993.9795128614692        2.56262682E-02   4.82715247E-03
   3995.3925659750666        2.72019450E-02   4.80776234E-03
   3996.8058445665324        2.50383280E-02   4.65778448E-03
   3998.2193484967706        2.16413438E-02   4.61236108E-03
   3999.6330776266868        2.39572264E-02   4.68163658E-03
   4001.0470318171856        2.09772233E-02   4.65918379E-03
   4002.4612109291716        1.98711455E-02   4.67285840E-03
   4003.8756148235493        1.88014936E-02   4.53020632E-03
   4005.2902433612248        2.19641607E-02   4.51597385E-03
   4006.7050964031014        2.47324202E-02   4.59414721E-03
   4008.1201738100849        3.13333161E-02   4.80888784E-03
   4009.5354754430796        2.08332315E-02   4.62907599E-03
   4010.9510011629909        1.70721132E-02   4.62791277E-03
   4012.3667508307226        2.44684257E-02   4.71152179E-03
   4013.7827243071811        2.26721969E-02   4.75568185E-03
   4015.1989214532700        2.41463538E-02   4.74608317E-03
   4016.6153421298941        2.57747360E-02   4.79640253E-03
   4018.0319861979592        2.26589311E-02   4.68500238E-03
   4019.4488535183691        1.91042088E-02   4.61069774E-03
   4020.8659439520293        2.54568961E-02   4.77849785E-03
   4022.2832573598444        1.58865973E-02   4.51901602E-03
   4023.7007936027189        1.92670170E-02   4.53590835E-03
   4025.1185525415576        3.00976280E-02   4.84565040E-03
   4026.5365340372664        1.89050678E-02   4.62122308E-03
   4027.9547379507489        2.24750750E-02   4.68884269E-03
   4029.3731641429108        2.40057893E-02   4.64608055E-03
   4030.7918124746561        3.47102918E-02   4.78914334E-03
   4032.2106828068904        2.23561712E-02   4.41412255E-03
   4033.6297750005183        2.21194252E-02   4.40391665E-03
   4035.0490889164439        1.99867412E-02   4.38959105E-03
   4036.4686244155728        2.65063960E-02   4.61734738E-03
   4037.8883813588100        2.77272221E-02   4.79603745E-03
   4039.3083596070601        2.35192180E-02   4.71962802E-03
   4040.7285590212273        2.09816564E-02   4.62761428E-03
   4042.1489794622175        1.96037255E-02   4.53564804E-03
   4043.5696207909346        2.54383869E-02   4.49117972E-03
   4044.9904828682838        2.68584676E-02   4.47527319E-03
   4046.4115655551700        2.19941400E-02   4.28715954E-03
   4047.8328687124977        2.96393186E-02   4.48649889E-03
   4049.2543922011723        1.69400014E-02   4.42983629E-03
   4050.6761358820986        2.84368265E-02   4.75524226E-03
   4052.0980996161807        1.77723747E-02   4.47200984E-03
   4053.5202832643236        1.26828318E-02   4.25207010E-03
   4054.9426866874328        2.54037678E-02   4.55908012E-03
   4056.3653097464121        1.87669415E-02   4.29216772E-03
   4057.7881523021674        2.02647857E-02   4.32167761E-03
   4059.2112142156034        1.74341127E-02   4.36753128E-03
   4060.6344953476241        2.33038496E-02   4.43043420E-03
   4062.0579955591352        1.42857116E-02   4.17013932E-03
   4063.4817147110407        2.59860195E-02   4.40110685E-03
   4064.9056526642457        1.86357778E-02   4.13377816E-03
   4066.3298092796558        2.65909005E-02   4.42206766E-03
   4067.7541844181751        2.20593214E-02   4.43577860E-03
   4069.1787779407082        2.97523607E-02   4.57369769E-03
   4070.6035897081606        1.85583197E-02   4.30351496E-03
   4072.0286195814365        3.49564739E-02   4.66225017E-03
   4073.4538674214414        2.64279693E-02   4.42811241E-03
   4074.8793330890790        1.69486254E-02   4.21498856E-03
   4076.3050164452557        2.48383544E-02   4.43240395E-03
   4077.7309173508752        2.06577070E-02   4.23643505E-03
   4079.1570356668421        1.50213474E-02   4.09849128E-03
   4080.5833712540625        2.33024694E-02   4.43541585E-03
   4082.0099239734404        2.14703400E-02   4.44330508E-03
   4083.4366936858805        1.96905117E-02   4.32664156E-03
   4084.8636802522878        2.32708529E-02   4.44053160E-03
   4086.2908835335675        2.31585652E-02   4.41781059E-03
   4087.7183033906235        2.44629756E-02   4.52477625E-03
   4089.1459396843616        2.43470054E-02   4.56147594E-03
   4090.5737922756862        2.16322187E-02   4.49146051E-03
   4092.0018610255020        2.76777875E-02   4.58032591E-03
   4093.4301457947140        1.88439377E-02   4.37987642E-03
   4094.8586464442274        1.39200818E-02   4.13519237E-03
   4096.2873628349462        2.74218041E-02   4.44052462E-03
   4097.7162948277755        2.34106891E-02   4.27993853E-03
   4099.1454422836214        2.36678459E-02   4.20285249E-03
   4100.5748050633865        2.23770030E-02   4.01085149E-03
   4102.0043830279774        2.44481154E-02   4.05375240E-03
   4103.4341760382977        2.58353520E-02   4.08009579E-03
   4104.8641839552529        1.97052974E-02   4.07880358E-03
   4106.2944066397476        2.43886672E-02   4.27317712E-03
   4107.7248439526866        2.79197525E-02   4.44948534E-03
   4109.1554957549761        2.32267641E-02   4.33040271E-03
   4110.5863619075189        2.70246454E-02   4.38469695E-03
   4112.0174422712207        2.93969698E-02   4.42991359E-03
   4113.4487367069860        2.93250773E-02   4.52640699E-03
   4114.8802450757203        2.80424021E-02   4.48661670E-03
   4116.3119672383273        1.64061729E-02   4.31587920E-03
   4117.7439030557134        3.51374112E-02   4.68616607E-03
   4119.1760523887815        2.72380151E-02   4.46545100E-03
   4120.6084150984389        1.89429689E-02   4.24357597E-03
   4122.0409910455883        2.64188368E-02   4.39058477E-03
   4123.4737800911344        2.42371559E-02   4.41533932E-03
   4124.9067820959845        2.50012819E-02   4.43984661E-03
   4126.3399969210413        2.79496387E-02   4.43166820E-03
   4127.7734244272087        1.90924928E-02   4.22510691E-03
   4129.2070644753940        2.65813209E-02   4.42316011E-03
   4130.6409169265016        2.24091280E-02   4.22739657E-03
   4132.0749816414354        2.25453749E-02   4.24949359E-03
   4133.5092584811009        2.39331648E-02   4.17495985E-03
   4134.9437473064008        2.45329700E-02   4.25227638E-03
   4136.3784479782435        2.34917179E-02   4.30105161E-03
   4137.8133603575307        2.41855420E-02   4.39943932E-03
   4139.2484843051698        2.56110504E-02   4.47735749E-03
   4140.6838196820627        2.88596768E-02   4.52302303E-03
   4142.1193663491176        2.00795606E-02   4.15703421E-03
   4143.5551241672374        2.13887822E-02   4.11982974E-03
   4144.9910929973257        2.07830183E-02   4.09562886E-03
   4146.4272727002899        1.96200926E-02   4.13830020E-03
   4147.8636631370327        3.98821719E-02   4.63250512E-03
   4149.3002641684616        2.08825245E-02   4.18317132E-03
   4150.7370756554783        2.46998686E-02   4.29170765E-03
   4152.1740974589893        2.38529071E-02   4.26371815E-03
   4153.6113294399001        2.20846049E-02   4.20468394E-03
   4155.0487714591136        1.79490168E-02   4.08658525E-03
   4156.4864233775361        2.17616763E-02   4.12275409E-03
   4157.9242850560722        2.05458328E-02   4.12530918E-03
   4159.3623563556257        2.31674053E-02   4.24369564E-03
   4160.8006371371039        2.59908605E-02   4.33889776E-03
   4162.2391272614077        2.35265046E-02   4.30956157E-03
   4163.6778265894454        2.15489455E-02   4.30580694E-03
   4165.1167349821208        2.61866804E-02   4.38629696E-03
   4166.5558523003383        2.52598133E-02   4.28414671E-03
   4167.9951784050036        1.99076328E-02   4.18064743E-03
   4169.4347131570194        2.45623589E-02   4.30630008E-03
   4170.8744564172930        2.96541844E-02   4.36592475E-03
   4172.3144080467273        2.39132624E-02   4.16132994E-03
   4173.7545679062287        3.08866203E-02   4.32830816E-03
   4175.1949358567017        1.99927036E-02   4.06036433E-03
   4176.6355117590501        2.27105692E-02   4.08749934E-03
   4178.0762954741804        3.14181782E-02   4.29711537E-03
   4179.5172868629970        2.60458048E-02   4.24270844E-03
   4180.9584857864029        1.93038844E-02   4.05451469E-03
   4182.3998921053035        2.86122989E-02   4.27320646E-03
   4183.8415056806052        3.41399089E-02   4.38300194E-03
   4185.2833263732127        2.22452115E-02   4.13395697E-03
   4186.7253540440297        2.57022809E-02   4.15898953E-03
   4188.1675885539617        2.37697791E-02   4.12308425E-03
   4189.6100297639123        2.35926677E-02   4.08918271E-03
   4191.0526775347880        2.13180222E-02   4.10102401E-03
   4192.4955317274926        3.42866331E-02   4.41071251E-03
   4193.9385922029314        2.15368047E-02   4.11263853E-03
   4195.3818588220083        2.08141897E-02   4.12023300E-03
   4196.8253314456306        3.07142753E-02   4.25872440E-03
   4198.2690099346992        2.89674178E-02   4.13952162E-03
   4199.7128941501232        2.07247511E-02   3.89399938E-03
   4201.1569839528038        1.59077626E-02   3.81312426E-03
   4202.6012792036481        2.08419431E-02   3.94855998E-03
   4204.0457797635609        2.54007801E-02   4.09516646E-03
   4205.4904854934457        2.39016972E-02   4.11186973E-03
   4206.9353962542073        2.28786021E-02   4.17833263E-03
   4208.3805119067520        1.94833800E-02   4.08687070E-03
   4209.8258323119826        2.59631388E-02   4.23904834E-03
   4211.2713573308065        1.87217724E-02   4.08113049E-03
   4212.7170868241274        2.87847370E-02   4.32873704E-03
   4214.1630206528489        2.49271765E-02   4.14152676E-03
   4215.6091586778775        2.25140359E-02   4.06280812E-03
   4217.0555007601170        2.22445577E-02   4.05589025E-03
   4218.5020467604727        2.85490789E-02   4.22079396E-03
   4219.9487965398494        2.56413016E-02   4.19686455E-03
   4221.3957499591515        2.51135789E-02   4.18135710E-03
   4222.8429068792848        2.16647107E-02   4.11240244E-03
   4224.2902671611528        1.71718635E-02   3.78923444E-03
   4225.7378306656619        2.21089534E-02   3.74322874E-03
   4227.1855972537141        2.57493053E-02   3.84162273E-03
   4228.6335667862177        2.14550011E-02   3.80615122E-03
   4230.0817391240753        2.06257161E-02   3.93641694E-03
   4231.5301141281934        1.85510125E-02   3.98695981E-03
   4232.9786916594758        2.66369972E-02   4.12750337E-03
   4234.4274715788270        2.59737447E-02   4.07527573E-03
   4235.8764537471516        2.46562362E-02   3.94895067E-03
   4237.3256380253561        1.54489484E-02   3.75081040E-03
   4238.7750242743432        1.92803349E-02   3.80221452E-03
   4240.2246123550194        2.28842851E-02   3.96607444E-03
   4241.6744021282884        2.49628723E-02   4.02052980E-03
   4243.1243934550557        2.55852696E-02   4.04820871E-03
   4244.5745861962259        2.40628775E-02   4.05820599E-03
   4246.0249802127046        2.18339507E-02   3.99718480E-03
   4247.4755753653953        2.58816853E-02   4.00868990E-03
   4248.9263715152028        2.40886286E-02   3.87926027E-03
   4250.3773685230344        2.29389351E-02   3.82580236E-03
   4251.8285662497910        2.49609053E-02   3.94256134E-03
   4253.2799645563809        1.44538665E-02   3.67950206E-03
   4254.7315633037078        2.71052998E-02   4.01158584E-03
   4256.1833623526754        2.82328613E-02   4.01461404E-03
   4257.6353615641892        2.15284601E-02   3.86270904E-03
   4259.0875607991547        2.10915711E-02   3.83784645E-03
   4260.5399599184757        2.29029451E-02   3.73762124E-03
   4261.9925587830585        2.19233613E-02   3.79670202E-03
   4263.4453572538059        2.24314369E-02   3.86385876E-03
   4264.8983551916244        2.54313406E-02   4.02650284E-03
   4266.3515524574186        2.48873681E-02   4.00290964E-03
   4267.8049489120931        1.71929356E-02   3.80843692E-03
   4269.2585444165516        2.57869437E-02   3.89507832E-03
   4270.7123388317004        2.52131596E-02   3.81075917E-03
   4272.1663320184443        2.61127464E-02   3.73224588E-03
   4273.6205238376870        2.48929728E-02   3.69001739E-03
   4275.0749141503347        2.08231583E-02   3.71919689E-03
   4276.5295028172904        2.51986478E-02   3.92898871E-03
   4277.9842896994614        1.98969021E-02   3.78341833E-03
   4279.4392746577505        2.38290802E-02   3.89310066E-03
   4280.8944575530631        1.92954615E-02   3.79638583E-03
   4282.3498382463040        2.30271332E-02   3.85820330E-03
   4283.8054165983785        2.75564715E-02   3.95732094E-03
   4285.2611924701914        1.72701627E-02   3.70409293E-03
   4286.7171657226472        1.88030098E-02   3.67782102E-03
   4288.1733362166497        2.95068510E-02   3.86809930E-03
   4289.6297038131061        2.03503333E-02   3.65644833E-03
   4291.0862683729192        1.55337863E-02   3.52369691E-03
   4292.5430297569947        1.92751568E-02   3.62990983E-03
   4293.9999878262370        2.84139160E-02   3.91622772E-03
   4295.4571424415517        2.06501205E-02   3.70745757E-03
   4296.9144934638425        1.37256421E-02   3.44953174E-03
   4298.3720407540150        2.77229324E-02   3.67444125E-03
   4299.8297841729736        2.08226480E-02   3.39355855E-03
   4301.2877235816240        1.52154909E-02   3.23250820E-03
   4302.7458588408699        1.43870320E-02   3.24188801E-03
   4304.2041898116167        2.64641903E-02   3.56449885E-03
   4305.6627163547701        2.62047406E-02   3.51144979E-03
   4307.1214383312326        3.09226066E-02   3.59216891E-03
   4308.5803556019109        2.11445093E-02   3.35009373E-03
   4310.0394680277095        2.30657645E-02   3.35904420E-03
   4311.4987754695330        2.57032681E-02   3.54157155E-03
   4312.9582777882861        2.14723051E-02   3.49943573E-03
   4314.4179748448742        2.66016535E-02   3.81441694E-03
   4315.8778665002019        2.33111605E-02   3.86119238E-03
   4317.3379526151739        1.34490374E-02   3.69144720E-03
   4318.7982330506939        2.35469434E-02   4.00748337E-03
   4320.2587076676691        2.32901759E-02   3.96565488E-03
   4321.7193763270016        1.72611810E-02   3.76245705E-03
   4323.1802388895994        1.78659149E-02   3.62786255E-03
   4324.6412952163646        2.45881472E-02   3.61393834E-03
   4326.1025451682026        2.40428951E-02   3.55403777E-03
   4327.5639886060189        2.13240385E-02   3.65413493E-03
   4329.0256253907191        1.54556166E-02   3.62064620E-03
   4330.4874553832069        2.42905449E-02   3.94603936E-03
   4331.9494784443859        1.84192955E-02   3.78862303E-03
   4333.4116944351636        2.61285659E-02   3.94654181E-03
   4334.8741032164426        2.24589575E-02   3.83714098E-03
   4336.3367046491285        2.49844342E-02   3.83125013E-03
   4337.7994985941268        2.80016884E-02   3.76313389E-03
   4339.2624849123422        2.31276471E-02   3.46967974E-03
   4340.7256634646783        1.75858978E-02   3.34173581E-03
   4342.1890341120406        2.49153748E-02   3.52737284E-03
   4343.6525967153348        2.00504400E-02   3.51760793E-03
   4345.1163511354644        2.90658344E-02   3.86743178E-03
   4346.5802972333340        2.11941432E-02   3.72777693E-03
   4348.0444348698511        2.38027442E-02   3.86128156E-03
   4349.5087639059175        2.30011176E-02   3.80683807E-03
   4350.9732842024396        2.83764340E-02   3.82314040E-03
   4352.4379956203211        2.70989724E-02   3.81687842E-03
   4353.9028980204685        2.42041312E-02   3.70137533E-03
   4355.3679912637854        2.18973737E-02   3.71415890E-03
   4356.8332752111755        3.13930586E-02   3.95538053E-03
   4358.2987497235472        2.04793345E-02   3.71689955E-03
   4359.7644146618013        2.01512650E-02   3.69818369E-03
   4361.2302698868452        1.52748795E-02   3.60572315E-03
   4362.6963152595827        2.65299808E-02   3.88129591E-03
   4364.1625506409191        2.12654136E-02   3.80774378E-03
   4365.6289758917601        1.61430240E-02   3.64338444E-03
   4367.0955908730084        1.52372643E-02   3.63532500E-03
   4368.5623954455696        1.93286743E-02   3.66548309E-03
   4370.0293894703491        2.14278232E-02   3.70905199E-03
   4371.4965728082525        1.95531454E-02   3.65151372E-03
   4372.9639453201826        2.14311145E-02   3.64647061E-03
   4374.4315068670458        2.49259137E-02   3.71371768E-03
   4375.8992573097448        2.01691259E-02   3.59526533E-03
   4377.3671965091871        2.29192190E-02   3.68700991E-03
   4378.8353243262763        1.57588553E-02   3.58723756E-03
   4380.3036406219171        1.97094511E-02   3.67225776E-03
   4381.7721452570140        2.30620690E-02   3.58268083E-03
   4383.2408380924735        2.08337754E-02   3.39155272E-03
   4384.7097189891992        2.59128064E-02   3.50337545E-03
   4386.1787878080950        2.56494600E-02   3.50808655E-03
   4387.6480444100671        2.30386797E-02   3.57947638E-03
   4389.1174886560202        1.56593602E-02   3.46346898E-03
   4390.5871204068599        2.66970117E-02   3.66960512E-03
   4392.0569395234879        1.49053605E-02   3.48356552E-03
   4393.5269458668135        1.74060427E-02   3.55950184E-03
   4394.9971392977368        1.99377760E-02   3.59951099E-03
   4396.4675196771659        2.23871991E-02   3.71027063E-03
   4397.9380868660055        2.13232767E-02   3.67890927E-03
   4399.4088407251593        2.33193561E-02   3.70116415E-03
   4400.8797811155318        2.19516829E-02   3.67499283E-03
   4402.3509078980287        1.97006296E-02   3.53623577E-03
   4403.8222209335545        2.26031542E-02   3.60301114E-03
   4405.2937200830147        2.39885878E-02   3.59070674E-03
   4406.7654052073140        2.17742547E-02   3.58399656E-03
   4408.2372761673560        1.91236176E-02   3.55666270E-03
   4409.7093328240462        2.17610244E-02   3.70944454E-03
   4411.1815750382902        2.26122532E-02   3.77018168E-03
   4412.6540026709908        2.52197850E-02   3.83478007E-03
   4414.1266155830563        1.82609409E-02   3.67208244E-03
   4415.5994136353875        2.49065123E-02   3.74867325E-03
   4417.0723966888927        2.21345145E-02   3.66610847E-03
   4418.5455646044738        2.77596470E-02   3.84035055E-03
   4420.0189172430382        2.56894846E-02   3.87587235E-03
   4421.4924544654887        2.43363027E-02   3.81056196E-03
   4422.9661761327316        2.36012880E-02   3.76109849E-03
   4424.4400821056715        2.07456984E-02   3.69845564E-03
   4425.9141722452114        1.71764847E-02   3.61478399E-03
   4427.3884464122584        2.81562768E-02   3.85146239E-03
   4428.8629044677164        1.79231260E-02   3.67750577E-03
   4430.3375462724898        2.11919788E-02   3.73376999E-03
   4431.8123716874843        2.94969585E-02   3.87575198E-03
   4433.2873805736044        2.14496776E-02   3.67647083E-03
   4434.7625727917557        2.25391630E-02   3.61414859E-03
   4436.2379482028409        2.55400501E-02   3.75774945E-03
   4437.7135066677665        2.09861398E-02   3.67717375E-03
   4439.1892480474371        1.91424750E-02   3.70344310E-03
   4440.6651722027573        1.65271815E-02   3.64334835E-03
   4442.1412789946326        2.19013095E-02   3.70048382E-03
   4443.6175682839657        2.09588073E-02   3.68031836E-03
   4445.0940399316642        2.70893816E-02   3.79532785E-03
   4446.5706937986315        1.71235520E-02   3.66575830E-03
   4448.0475297457724        1.96155775E-02   3.74002522E-03
   4449.5245476339924        2.39535943E-02   3.82034807E-03
   4451.0017473241951        2.30935942E-02   3.78102507E-03
   4452.4791286772870        2.31280755E-02   3.78995482E-03
   4453.9566915541718        2.49604080E-02   3.75836715E-03
   4455.4344358157541        2.59906277E-02   3.68899223E-03
   4456.9123613229394        2.70875301E-02   3.70528246E-03
   4458.3904679366315        2.00663563E-02   3.55706573E-03
   4459.8687555177376        2.31800117E-02   3.65164597E-03
   4461.3472239271605        2.40427312E-02   3.65527859E-03
   4462.8258730258049        2.61309464E-02   3.73956026E-03
   4464.3047026745762        1.56771708E-02   3.58146429E-03
   4465.7837127343792        1.90682001E-02   3.64669994E-03
   4467.2629030661192        2.70048380E-02   3.85494297E-03
   4468.7422735307009        2.66024433E-02   3.80453328E-03
   4470.2218239890271        2.40237750E-02   3.72764794E-03
   4471.7015543020061        2.38337945E-02   3.76570644E-03
   4473.1814643305406        1.84656847E-02   3.73881031E-03
   4474.6615539355362        1.45154214E-02   3.67173622E-03
   4476.1418229778965        2.88744662E-02   3.98293789E-03
   4477.6222713185261        2.75313426E-02   3.92086850E-03
   4479.1028988183334        2.87857000E-02   3.91608104E-03
   4480.5837053382193        2.70384103E-02   3.81763885E-03
   4482.0646907390892        2.70752553E-02   3.83187993E-03
   4483.5458548818506        2.60233097E-02   3.81093402E-03
   4485.0271976274053        2.45134942E-02   3.82255716E-03
   4486.5087188366597        2.80439984E-02   3.93655384E-03
   4487.9904183705175        2.22960301E-02   3.81075265E-03
   4489.4722960898853        2.62401011E-02   3.77933891E-03
   4490.9543518556657        2.75890846E-02   3.84253380E-03
   4492.4365855287651        2.00747307E-02   3.72493453E-03
   4493.9189969700892        2.46652029E-02   3.83119308E-03
   4495.4015860405407        2.50697844E-02   3.80441733E-03
   4496.8843526010241        2.84322258E-02   3.85872624E-03
   4498.3672965124470        2.43046787E-02   3.79554136E-03
   4499.8504176357119        1.97303258E-02   3.73697258E-03
   4501.3337158317245        1.95158105E-02   3.77803994E-03
   4502.8171909613902        1.64792687E-02   3.68171488E-03
   4504.3008428856119        2.76548732E-02   3.93174216E-03
   4505.7846714652960        2.72816718E-02   3.98702733E-03
   4507.2686765613471        3.04303803E-02   4.03096154E-03
   4508.7528580346698        2.05107909E-02   3.81809101E-03
   4510.2372157461696        2.33566593E-02   3.85870109E-03
   4511.7217495567502        2.18533296E-02   3.76091292E-03
   4513.2064593273171        2.27674432E-02   3.82412132E-03
   4514.6913449187750        2.25560870E-02   3.82827129E-03
   4516.1764061920285        2.10061315E-02   3.78385116E-03
   4517.6616430079830        3.02550700E-02   3.90611333E-03
   4519.1470552275432        2.14487799E-02   3.75886471E-03
   4520.6326427116137        2.75394153E-02   3.93309304E-03
   4522.1184053210982        2.76072472E-02   3.93055659E-03
   4523.6043429169031        3.22228521E-02   3.96355800E-03
   4525.0904553599330        1.68738253E-02   3.65323923E-03
   4526.5767425110935        2.56653298E-02   3.71072302E-03
   4528.0632042312873        2.04446707E-02   3.58042330E-03
   4529.5498403814199        2.68457718E-02   3.75543744E-03
   4531.0366508223979        2.48060450E-02   3.69892595E-03
   4532.5236354151248        2.23528463E-02   3.64955259E-03
   4534.0107940205035        2.65320614E-02   3.72259575E-03
   4535.4981264994431        2.44953539E-02   3.71051976E-03
   4536.9856327128455        1.96928009E-02   3.64311342E-03
   4538.4733125216144        2.46904697E-02   3.79744428E-03
   4539.9611657866581        2.55018398E-02   3.85907060E-03
   4541.4491923688802        2.26422213E-02   3.71353258E-03
   4542.9373921291835        2.42377631E-02   3.79541889E-03
   4544.4257649284746        2.21115313E-02   3.73252993E-03
   4545.9143106276588        2.74397284E-02   3.84197664E-03
   4547.4030290876390        2.12439075E-02   3.68410000E-03
   4548.8919201693225        2.91680209E-02   3.80750257E-03
   4550.3809837336121        2.11680271E-02   3.67866550E-03
   4551.8702196414133        2.61755995E-02   3.73093248E-03
   4553.3596277536317        2.29616258E-02   3.67492577E-03
   4554.8492079311700        2.58798897E-02   3.73879797E-03
   4556.3389600349356        2.13214774E-02   3.67427082E-03
   4557.8288839258312        2.86057275E-02   3.85277928E-03
   4559.3189794647642        2.00579800E-02   3.78815574E-03
   4560.8092465126374        2.42654607E-02   3.81763419E-03
   4562.2996849303545        2.00780910E-02   3.72747262E-03
   4563.7902945788228        2.24119201E-02   3.74266203E-03
   4565.2810753189469        2.44596265E-02   3.73750878E-03
   4566.7720270116297        2.23972015E-02   3.73501913E-03
   4568.2631495177775        1.99765284E-02   3.69587727E-03
   4569.7544426982959        2.69855447E-02   3.82651971E-03
   4571.2459064140876        2.75542364E-02   3.81883513E-03
   4572.7375405260591        2.28016935E-02   3.72514431E-03
   4574.2293448951141        1.82083491E-02   3.65602761E-03
   4575.7213193821581        2.06801631E-02   3.74402641E-03
   4577.2134638480966        1.91590488E-02   3.74617754E-03
   4578.7057781538333        1.61667038E-02   3.60458740E-03
   4580.1982621602729        2.06365921E-02   3.64420004E-03
   4581.6909157283208        1.88528933E-02   3.58044030E-03
   4583.1837387188816        2.47812364E-02   3.69909662E-03
   4584.6767309928609        2.19481345E-02   3.64479097E-03
   4586.1698924111624        2.84711272E-02   3.77175817E-03
   4587.6632228346916        2.19410043E-02   3.69382813E-03
   4589.1567221243522        2.51049791E-02   3.75534315E-03
   4590.6503901410506        2.49845684E-02   3.74342524E-03
   4592.1442267456914        2.09797304E-02   3.63181811E-03
   4593.6382317991784        2.44509447E-02   3.69154825E-03
   4595.1324051624179        1.68301351E-02   3.52031481E-03
   4596.6267466963127        2.14002952E-02   3.57773993E-03
   4598.1212562617702        2.35945657E-02   3.65999108E-03
   4599.6159337196923        2.11196560E-02   3.62115121E-03
   4601.1107789309854        2.47757416E-02   3.66408145E-03
   4602.6057917565549        1.75487176E-02   3.53403832E-03
   4604.1009720573047        2.44597569E-02   3.66076757E-03
   4605.5963196941402        2.30917409E-02   3.62301618E-03
   4607.0918345279661        2.49449108E-02   3.71605810E-03
   4608.5875164196859        1.77467782E-02   3.60370241E-03
   4610.0833652302072        2.03365907E-02   3.64778843E-03
   4611.5793808204326        2.62127537E-02   3.74726788E-03
   4613.0755630512667        2.07790881E-02   3.61224473E-03
   4614.5719117836161        2.45910343E-02   3.69873038E-03
   4616.0684268783843        2.33924147E-02   3.67747387E-03
   4617.5651081964770        2.03650258E-02   3.60341277E-03
   4619.0619555987978        2.60709412E-02   3.70048708E-03
   4620.5589689462522        1.90928821E-02   3.59008857E-03
   4622.0561480997458        2.26530787E-02   3.64272739E-03
   4623.5534929201831        2.10577678E-02   3.67196137E-03
   4625.0510032684670        1.97472554E-02   3.60419671E-03
   4626.5486790055047        2.64424384E-02   3.72289168E-03
   4628.0465199922000        2.48971805E-02   3.66368704E-03
   4629.5445260894585        2.60677133E-02   3.75194731E-03
   4631.0426971581837        2.28377264E-02   3.65415937E-03
   4632.5410330592822        2.73917709E-02   3.71740665E-03
   4634.0395336536567        2.23723408E-02   3.66766285E-03
   4635.5381988022136        2.98614968E-02   3.80307389E-03
   4637.0370283658576        2.42432076E-02   3.65188625E-03
   4638.5360222054933        2.24976428E-02   3.61412438E-03
   4640.0351801820243        2.05868445E-02   3.55094625E-03
   4641.5345021563580        2.68502180E-02   3.71191115E-03
   4643.0339879893963        2.44136304E-02   3.66967008E-03
   4644.5336375420466        2.32277047E-02   3.67230037E-03
   4646.0334506752124        2.70569716E-02   3.69466515E-03
   4647.5334272497985        2.71945931E-02   3.63113661E-03
   4649.0335671267094        1.65644940E-02   3.45053826E-03
   4650.5338701668506        2.55150367E-02   3.62877292E-03
   4652.0343362311278        2.26607528E-02   3.59365577E-03
   4653.5349651804445        2.19474509E-02   3.60341882E-03
   4655.0357568757054        1.90778505E-02   3.52733349E-03
   4656.5367111778160        2.94669233E-02   3.69494688E-03
   4658.0378279476809        2.03932244E-02   3.57927755E-03
   4659.5391070462056        2.29868479E-02   3.64681613E-03
   4661.0405483342938        1.43564390E-02   3.48117086E-03
   4662.5421516728502        2.83590034E-02   3.71539826E-03
   4664.0439169227820        2.80257948E-02   3.67751601E-03
   4665.5458439449894        2.46248506E-02   3.59313888E-03
   4667.0479326003824        2.77025905E-02   3.58692417E-03
   4668.5501827498629        2.26624217E-02   3.47135821E-03
   4670.0525942543363        2.74919104E-02   3.63201695E-03
   4671.5551669747083        2.10870616E-02   3.51993018E-03
   4673.0579007718816        1.96088925E-02   3.54786729E-03
   4674.5607955067626        2.41757203E-02   3.63033521E-03
   4676.0638510402559        2.54091099E-02   3.69174266E-03
   4677.5670672332662        2.27867328E-02   3.62796639E-03
   4679.0704439466990        1.96262822E-02   3.55795678E-03
   4680.5739810414580        3.39061655E-02   3.73726827E-03
   4682.0776783784477        2.64507588E-02   3.65781016E-03
   4683.5815358185755        2.96286140E-02   3.70597816E-03
   4685.0855532227433        2.58911476E-02   3.67611251E-03
   4686.5897304518576        2.16181856E-02   3.59261991E-03
   4688.0940673668229        3.23955156E-02   3.80458869E-03
   4689.5985638285438        2.74608657E-02   3.67858331E-03
   4691.1032196979240        2.47210748E-02   3.59978527E-03
   4692.6080348358719        2.86498386E-02   3.72844492E-03
   4694.1130091032883        3.14121507E-02   3.81445978E-03
   4695.6181423610797        2.00292952E-02   3.55847506E-03
   4697.1234344701516        1.95811316E-02   3.57531570E-03
   4698.6288852914076        2.26963852E-02   3.58645036E-03
   4700.1344946857535        2.78883670E-02   3.63956415E-03
   4701.6402625140927        2.21084692E-02   3.50328744E-03
   4703.1461886373318        2.36626286E-02   3.52483569E-03
   4704.6522729163753        1.82259176E-02   3.46674537E-03
   4706.1585152121270        1.92267206E-02   3.47700925E-03
   4707.6649153854914        2.35892404E-02   3.56396893E-03
   4709.1714732973760        2.71065887E-02   3.64335487E-03
   4710.6781888086825        2.01350972E-02   3.51918559E-03
   4712.1850617803184        1.82349421E-02   3.47672449E-03
   4713.6920920731854        2.16177702E-02   3.58266663E-03
   4715.1992795481920        2.64311787E-02   3.67768831E-03
   4716.7066240662407        1.97041966E-02   3.54839326E-03
   4718.2141254882363        3.14024091E-02   3.82272364E-03
   4719.7217836750833        2.92740185E-02   3.79104656E-03
   4721.2295984876882        2.46110838E-02   3.70146707E-03
   4722.7375697869556        2.03237757E-02   3.66198178E-03
   4724.2456974337883        2.42873617E-02   3.70744988E-03
   4725.7539812890936        1.52313327E-02   3.48211592E-03
   4727.2624212137753        2.07005590E-02   3.57057038E-03
   4728.7710170687369        2.51947921E-02   3.62400129E-03
   4730.2797687148850        2.50975881E-02   3.60287493E-03
   4731.7886760131241        2.61149593E-02   3.62075260E-03
   4733.2977388243589        1.95223503E-02   3.52787622E-03
   4734.8069570094949        2.40544118E-02   3.61245195E-03
   4736.3163304294358        2.37414446E-02   3.59042035E-03
   4737.8258589450870        1.87219903E-02   3.55686108E-03
   4739.3355424173524        2.61165071E-02   3.70129175E-03
   4740.8453807071382        2.19765380E-02   3.59145808E-03
   4742.3553736753483        1.86910871E-02   3.55566316E-03
   4743.8655211828873        1.88516621E-02   3.59333958E-03
   4745.3758230906615        2.27428712E-02   3.64749529E-03
   4746.8862792595737        2.14610063E-02   3.64028709E-03
   4748.3968895505304        1.31691741E-02   3.46209761E-03
   4749.9076538244353        2.48229615E-02   3.73343704E-03
   4751.4185719421948        2.21086200E-02   3.60281207E-03
   4752.9296437647126        2.13813763E-02   3.56597430E-03
   4754.4408691528924        2.93620098E-02   3.75819788E-03
   4755.9522479676425        1.58438534E-02   3.45291197E-03
   4757.4637800698629        2.13569067E-02   3.60393268E-03
   4758.9754653204618        1.63565204E-02   3.52126011E-03
   4760.4873035803439        2.25569420E-02   3.61308991E-03
   4761.9992947104129        2.34223064E-02   3.61124892E-03
   4763.5114385715742        2.14785207E-02   3.57105071E-03
   4765.0237350247326        1.99186970E-02   3.48673528E-03
   4766.5361839307925        2.43500713E-02   3.60833528E-03
   4768.0487851506596        2.59994566E-02   3.65285832E-03
   4769.5615385452375        2.43900996E-02   3.65382526E-03
   4771.0744439754326        2.43313331E-02   3.65761132E-03
   4772.5875013021468        2.28370968E-02   3.65675660E-03
   4774.1007103862894        1.89183336E-02   3.56898014E-03
   4775.6140710887621        2.22474989E-02   3.66301904E-03
   4777.1275832704696        2.05150489E-02   3.67050921E-03
   4778.6412467923174        1.53752714E-02   3.55635816E-03
   4780.1550615152119        2.75789518E-02   3.75555991E-03
   4781.6690273000549        1.88187957E-02   3.60914320E-03
   4783.1831440077540        1.96910985E-02   3.58796865E-03
   4784.6974114992117        2.08920110E-02   3.61576607E-03
   4786.2118296353347        2.34632622E-02   3.63618834E-03
   4787.7263982770273        1.45949032E-02   3.44449026E-03
   4789.2411172851944        1.92520823E-02   3.56767303E-03
   4790.7559865207386        1.56628583E-02   3.49371810E-03
   4792.2710058445691        2.23142616E-02   3.64018464E-03
   4793.7861751175869        1.48963444E-02   3.52383987E-03
   4795.3014942006985        1.78232156E-02   3.62431328E-03
   4796.8169629548083        2.28024311E-02   3.69536085E-03
   4798.3325812408220        2.20112428E-02   3.68626835E-03
   4799.8483489196433        2.09980570E-02   3.64638097E-03
   4801.3642658521767        2.01612078E-02   3.57918348E-03
   4802.8803318993287        1.89253353E-02   3.56847188E-03
   4804.3965469220020        1.83527153E-02   3.53505951E-03
   4805.9129107811041        3.14817019E-02   3.82072222E-03
   4807.4294233375367        1.88263506E-02   3.54755041E-03
   4808.9460844522082        2.17292272E-02   3.61454929E-03
   4810.4628939860204        2.13520695E-02   3.62120266E-03
   4811.9798517998797        1.82038266E-02   3.58882383E-03
   4813.4969577546899        1.96658559E-02   3.60568985E-03
   4815.0142117113564        1.89013015E-02   3.56900948E-03
   4816.5316135307849        2.07554661E-02   3.66053847E-03
   4818.0491630738770        2.13078540E-02   3.65709397E-03
   4819.5668602015421        1.73971429E-02   3.58832325E-03
   4821.0847047746820        1.74565706E-02   3.55222705E-03
   4822.6026966542022        2.23730337E-02   3.66174127E-03
   4824.1208357010082        2.10410282E-02   3.61722498E-03
   4825.6391217760029        1.61879137E-02   3.50247091E-03
   4827.1575547400935        2.32744720E-02   3.66003811E-03
   4828.6761344541837        1.67256743E-02   3.54247005E-03
   4830.1948607791792        1.94556247E-02   3.57296178E-03
   4831.7137335759826        1.53428260E-02   3.49830813E-03
   4833.2327527055013        2.32965406E-02   3.63579369E-03
   4834.7519180286381        2.42044386E-02   3.63255339E-03
   4836.2712294062994        2.56983824E-02   3.70789063E-03
   4837.7906866993890        1.93943288E-02   3.55974189E-03
   4839.3102897688123        2.24701483E-02   3.63246864E-03
   4840.8300384754739        2.64289528E-02   3.66008864E-03
   4842.3499326802785        2.43828986E-02   3.64371366E-03
   4843.8699722441315        2.29803845E-02   3.62244784E-03
   4845.3901570279368        2.02868879E-02   3.55314882E-03
   4846.9104868925997        2.21225340E-02   3.62295704E-03
   4848.4309616990249        2.35434305E-02   3.63675179E-03
   4849.9515813081180        3.68155576E-02   3.86932772E-03
   4851.4723455807834        1.88181475E-02   3.51685868E-03
   4852.9932543779241        2.78944690E-02   3.65445018E-03
   4854.5143075604483        2.21791416E-02   3.50783300E-03
   4856.0355049892587        2.13271603E-02   3.47718713E-03
   4857.5568465252600        2.72285733E-02   3.52106220E-03
   4859.0783320293576        2.44728532E-02   3.40185384E-03
   4860.5999613624563        2.67992858E-02   3.34893516E-03
   4862.1217343854605        1.90257002E-02   3.13521153E-03
   4863.6436509592768        3.07782609E-02   3.46666132E-03
   4865.1657109448070        1.92012861E-02   3.31430463E-03
   4866.6879142029584        2.63715908E-02   3.57545260E-03
   4868.2102605946347        2.69814879E-02   3.57855135E-03
   4869.7327499807416        3.17368135E-02   3.65898176E-03
   4871.2553822221826        3.00555248E-02   3.61269573E-03
   4872.7781571798632        2.18256749E-02   3.42395273E-03
   4874.3010747146891        2.60445662E-02   3.56689119E-03
   4875.8241346875639        2.41436493E-02   3.53955571E-03
   4877.3473369593930        2.93010175E-02   3.68684810E-03
   4878.8706813910803        2.81848554E-02   3.71368276E-03
   4880.3941678435322        2.72968821E-02   3.67059675E-03
   4881.9177961776531        2.19970662E-02   3.55296326E-03
   4883.4415662543461        2.58648172E-02   3.62371374E-03
   4884.9654779345183        1.92197077E-02   3.48194456E-03
   4886.4895310790735        2.13479679E-02   3.47527675E-03
   4888.0137255489162        1.85148474E-02   3.39594972E-03
   4889.5380612049521        1.86181925E-02   3.39326961E-03
   4891.0625379080848        2.52114199E-02   3.51768709E-03
   4892.5871555192207        1.73964463E-02   3.37370974E-03
   4894.1119138992635        2.31077950E-02   3.57930618E-03
   4895.6368129091197        1.98437590E-02   3.54100391E-03
   4897.1618524096912        1.79949217E-02   3.54420696E-03
   4898.6870322618852        2.15537511E-02   3.60798044E-03
   4900.2123523266055        1.73932239E-02   3.49057838E-03
   4901.7378124647566        1.50675131E-02   3.43351765E-03
   4903.2634125372442        1.66036896E-02   3.44040431E-03
   4904.7891524049728        1.88054834E-02   3.53649794E-03
   4906.3150319288479        1.97038502E-02   3.52796935E-03
   4907.8410509697733        1.16805015E-02   3.34484200E-03
   4909.3672093886544        2.11471785E-02   3.48860025E-03
   4910.8935070463949        2.30705272E-02   3.52629856E-03
   4912.4199438039013        2.59510148E-02   3.60684097E-03
   4913.9465195220773        1.98093783E-02   3.48283653E-03
   4915.4732340618284        2.35499274E-02   3.60738323E-03
   4917.0000872840592        1.89155303E-02   3.45023978E-03
   4918.5270790496743        2.77337972E-02   3.55080143E-03
   4920.0542092195792        1.74691696E-02   3.29054589E-03
   4921.5814776546767        3.00044287E-02   3.55110783E-03
   4923.1088842158742        1.75782982E-02   3.33979097E-03
   4924.6364287640754        2.09819786E-02   3.47687001E-03
   4926.1641111601848        2.38273982E-02   3.54466541E-03
   4927.6919312651080        3.12168896E-02   3.73540772E-03
   4929.2198889397505        2.41108499E-02   3.61179747E-03
   4930.7479840450151        2.16305610E-02   3.57935368E-03
   4932.2762164418073        2.50760093E-02   3.61292227E-03
   4933.8045859910317        2.90704984E-02   3.69299529E-03
   4935.3330925535947        2.12266836E-02   3.46293603E-03
   4936.8617359904001        2.09517330E-02   3.45761981E-03
   4938.3905161623516        2.99206786E-02   3.59989749E-03
   4939.9194329303564        2.29835529E-02   3.46405059E-03
   4941.4484861553174        2.61631180E-02   3.60496435E-03
   4942.9776756981400        1.74106192E-02   3.47403251E-03
   4944.5070014197290        2.36935355E-02   3.57255689E-03
   4946.0364631809907        2.48523895E-02   3.61888902E-03
   4947.5660608428261        2.61983927E-02   3.66745563E-03
   4949.0957942661444        2.52585821E-02   3.61886830E-03
   4950.6256633118473        1.70087628E-02   3.47839063E-03
   4952.1556678408424        1.96924526E-02   3.54498811E-03
   4953.6858077140323        1.81411989E-02   3.49811022E-03
   4955.2160827923217        1.35635678E-02   3.31201032E-03
   4956.7464929366161        1.78066976E-02   3.40171368E-03
   4958.2770380078218        1.86527781E-02   3.37892352E-03
   4959.8077178668409        2.49103736E-02   3.54272593E-03
   4961.3385323745806        2.85705179E-02   3.67862312E-03
   4962.8694813919437        2.42586527E-02   3.63469776E-03
   4964.4005647798367        1.74092297E-02   3.46214813E-03
   4965.9317823991641        1.78837571E-02   3.46257794E-03
   4967.4631341108307        2.26054881E-02   3.51755135E-03
   4968.9946197757399        1.83429085E-02   3.43561149E-03
   4970.5262392547984        1.63224041E-02   3.40590533E-03
   4972.0579924089097        2.19926834E-02   3.57801444E-03
   4973.5898790989795        1.67936832E-02   3.46294837E-03
   4975.1218991859123        2.57045571E-02   3.65785602E-03
   4976.6540525306127        2.50621028E-02   3.63543257E-03
   4978.1863389939854        2.41887067E-02   3.59391375E-03
   4979.7187584369376        2.28608642E-02   3.52994842E-03
   4981.2513107203704        2.14010533E-02   3.44124087E-03
   4982.7839957051910        2.01484617E-02   3.38709727E-03
   4984.3168132523033        2.03098413E-02   3.38329002E-03
   4985.8497632226126        1.67882480E-02   3.33172595E-03
   4987.3828454770228        1.63229816E-02   3.39273666E-03
   4988.9160598764411        2.29513496E-02   3.61010549E-03
   4990.4494062817685        2.29171179E-02   3.54805612E-03
   4991.9828845539132        2.15383209E-02   3.50319804E-03
   4993.5164945537790        2.42163222E-02   3.60450661E-03
   4995.0502361422705        1.83878280E-02   3.46295303E-03
   4996.5841091802922        2.46576406E-02   3.60716111E-03
   4998.1181135287497        2.21398547E-02   3.53524298E-03
   4999.6522490485477        2.93794554E-02   3.69398808E-03
   5001.1865156005906        2.20267903E-02   3.49574396E-03
   5002.7209130457832        2.54828669E-02   3.55248270E-03
   5004.2554412450299        2.11162046E-02   3.48285586E-03
   5005.7901000592374        2.57073790E-02   3.53419967E-03
   5007.3248893493083        2.79053655E-02   3.57953925E-03
   5008.8598089761481        1.98562276E-02   3.45482188E-03
   5010.3948588006633        2.28015278E-02   3.51691176E-03
   5011.9300386837567        2.74707247E-02   3.60499835E-03
   5013.4653484863338        2.60950085E-02   3.58610391E-03
   5015.0007880692992        2.60654967E-02   3.51925590E-03
   5016.5363572935585        1.64265521E-02   3.33909411E-03
   5018.0720560200161        2.28777733E-02   3.49600869E-03
   5019.6078841095750        2.72858366E-02   3.57180368E-03
   5021.1438414231434        3.08026113E-02   3.65980668E-03
   5022.6799278216240        2.65156273E-02   3.57932737E-03
   5024.2161431659215        2.65040211E-02   3.60646960E-03
   5025.7524873169423        2.98133995E-02   3.69337597E-03
   5027.2889601355901        2.76187807E-02   3.62428278E-03
   5028.8255614827694        2.80326568E-02   3.66124720E-03
   5030.3622912193850        2.61517223E-02   3.61268758E-03
   5031.8991492063424        2.35184878E-02   3.59893451E-03
   5033.4361353045479        2.87453774E-02   3.72263486E-03
   5034.9732493749034        2.49117464E-02   3.63781466E-03
   5036.5104912783145        1.89350769E-02   3.47531587E-03
   5038.0478608756866        1.95521750E-02   3.46866646E-03
   5039.5853580279254        2.24834625E-02   3.43336351E-03
   5041.1229825959335        2.89847422E-02   3.57579999E-03
   5042.6607344406175        2.29139663E-02   3.53641482E-03
   5044.1986134228819        2.23953910E-02   3.51827894E-03
   5045.7366194036313        2.52630543E-02   3.63733456E-03
   5047.2747522437703        1.94836147E-02   3.53877596E-03
   5048.8130118042045        2.72890124E-02   3.66279855E-03
   5050.3513979458385        1.94539689E-02   3.45505215E-03
   5051.8899105295759        2.16058623E-02   3.51544493E-03
   5053.4285494163232        2.12059412E-02   3.56186368E-03
   5054.9673144669832        1.77612100E-02   3.53564601E-03
   5056.5062055424632        2.52082646E-02   3.68020963E-03
   5058.0452225036670        2.76391078E-02   3.75510426E-03
   5059.5843652114991        2.08351053E-02   3.62047018E-03
   5061.1236335268641        2.51681097E-02   3.70845897E-03
   5062.6630273106675        2.43452061E-02   3.66390753E-03
   5064.2025464238141        2.71973163E-02   3.70162097E-03
   5065.7421907272083        2.30191220E-02   3.62179312E-03
   5067.2819600817547        2.43220106E-02   3.62069672E-03
   5068.8218543483590        1.65390447E-02   3.46746785E-03
   5070.3618733879248        1.78839490E-02   3.50883184E-03
   5071.9020170613585        1.49200689E-02   3.43846693E-03
   5073.4422852295638        2.66302619E-02   3.65803880E-03
   5074.9826777534463        2.67908927E-02   3.69486748E-03
   5076.5231944939096        1.44354189E-02   3.46065429E-03
   5078.0638353118602        1.89823098E-02   3.50370980E-03
   5079.6046000682018        2.28131227E-02   3.58472299E-03
   5081.1454886238389        2.53411066E-02   3.58401169E-03
   5082.6865008396771        1.95943825E-02   3.48074641E-03
   5084.2276365766211        2.17272863E-02   3.56376520E-03
   5085.7688956955753        1.76766980E-02   3.47873964E-03
   5087.3102780574445        1.96212195E-02   3.55296559E-03
   5088.8517835231351        2.97296103E-02   3.79037159E-03
   5090.3934119535497        2.21477188E-02   3.64052970E-03
   5091.9351632095941        1.92300789E-02   3.58690880E-03
   5093.4770371521745        2.04508211E-02   3.65412654E-03
   5095.0190336421929        1.98102053E-02   3.58734047E-03
   5096.5611525405566        2.04218552E-02   3.58610414E-03
   5098.1033937081684        2.59575155E-02   3.67620797E-03
   5099.6457570059347        2.77380478E-02   3.70364008E-03
   5101.1882422947601        2.33149473E-02   3.63047398E-03
   5102.7308494355493        2.22833548E-02   3.64875281E-03
   5104.2735782892059        2.03723516E-02   3.61969881E-03
   5105.8164287166364        2.17919759E-02   3.60833434E-03
   5107.3594005787445        2.46044118E-02   3.64045124E-03
   5108.9024937364366        2.45198216E-02   3.63763422E-03
   5110.4457080506154        2.62498278E-02   3.66585655E-03
   5111.9890433821874        2.54964232E-02   3.67268035E-03
   5113.5324995920555        2.63281539E-02   3.75779648E-03
   5115.0760765411278        1.98062621E-02   3.63749336E-03
   5116.6197740903062        2.15496607E-02   3.68181616E-03
   5118.1635921004972        1.50673306E-02   3.52237467E-03
   5119.7075304326036        1.61287356E-02   3.50803998E-03
   5121.2515889475326        2.45221853E-02   3.67973186E-03
   5122.7957675061880        1.49684595E-02   3.43279610E-03
   5124.3400659694735        2.23012399E-02   3.59208463E-03
   5125.8844841982955        1.72568969E-02   3.46579915E-03
   5127.4290220535586        1.90110877E-02   3.52759589E-03
   5128.9736793961674        2.12543420E-02   3.53744579E-03
   5130.5184560870266        2.38397215E-02   3.67025100E-03
   5132.0633519870407        2.15195902E-02   3.60693666E-03
   5133.6083669571144        2.36195810E-02   3.66804260E-03
   5135.1535008581541        2.69920621E-02   3.70453764E-03
   5136.6987535510634        1.50286583E-02   3.49282776E-03
   5138.2441248967471        2.32613049E-02   3.59220174E-03
   5139.7896147561114        1.83327887E-02   3.45000019E-03
   5141.3352229900593        2.34084539E-02   3.62335332E-03
   5142.8809494594952        2.85683610E-02   3.74550279E-03
   5144.4267940253258        1.84736364E-02   3.50784324E-03
   5145.9727565484554        2.27494035E-02   3.59084387E-03
   5147.5188368897880        1.91386715E-02   3.56208044E-03
   5149.0650349102298        2.38408335E-02   3.63380392E-03
   5150.6113504706836        2.01789383E-02   3.55532952E-03
   5152.1577834320578        1.99639183E-02   3.60396947E-03
   5153.7043336552524        2.67725848E-02   3.70744569E-03
   5155.2510010011765        2.26382427E-02   3.63363908E-03
   5156.7977853307311        2.39266716E-02   3.69428494E-03
   5158.3446865048245        2.84540094E-02   3.83110484E-03
   5159.8917043843603        2.64539383E-02   3.74575146E-03
   5161.4388388302423        2.79242750E-02   3.74555006E-03
   5162.9860897033768        2.74355225E-02   3.77145200E-03
   5164.5334568646676        2.34015714E-02   3.57301394E-03
   5166.0809401750194        2.28635799E-02   3.51216807E-03
   5167.6285394953393        2.79286895E-02   3.54318810E-03
   5169.1762546865293        2.44357716E-02   3.46861873E-03
   5170.7240856094941        2.23820228E-02   3.40659055E-03
   5172.2720321251409        2.46496517E-02   3.46261030E-03
   5173.8200940943734        2.82435790E-02   3.57068889E-03
   5175.3682713780963        2.54577473E-02   3.61832138E-03
   5176.9165638372133        2.58840993E-02   3.69366677E-03
   5178.4649713326316        2.05858350E-02   3.63398064E-03
   5180.0134937252551        2.22104043E-02   3.62927723E-03
   5181.5621308759874        2.56067198E-02   3.60266934E-03
   5183.1108826457348        3.24455462E-02   3.62213305E-03
   5184.6597488954012        2.22976152E-02   3.40751349E-03
   5186.2087294858920        1.90724749E-02   3.43517400E-03
   5187.7578242781128        2.32304968E-02   3.63339437E-03
   5189.3070331329664        2.27465555E-02   3.64788086E-03
   5190.8563559113591        2.59417836E-02   3.68236657E-03
   5192.4057924741956        2.62870900E-02   3.67410108E-03
   5193.9553426823795        1.85206477E-02   3.48511362E-03
   5195.5050063968174        2.38019805E-02   3.76251619E-03
   5197.0547834784129        2.14279070E-02   3.72833153E-03
   5198.6046737880715        2.59721801E-02   3.90459644E-03
   5200.1546771866979        2.78747510E-02   3.96565581E-03
   5201.7047935351975        1.63774472E-02   3.64012807E-03
   5203.2550226944722        2.33826339E-02   3.68523179E-03
   5204.8053645254313        2.58352607E-02   3.73453461E-03
   5206.3558188889765        1.91204511E-02   3.51668848E-03
   5207.9063856460134        2.38909889E-02   3.60273407E-03
   5209.4570646574475        2.20476314E-02   3.60614620E-03
   5211.0078557841816        1.84781514E-02   3.60332080E-03
   5212.5587588871240        2.26905607E-02   3.71493399E-03
   5214.1097738271756        1.92567352E-02   3.59551422E-03
   5215.6609004652446        2.16443930E-02   3.68769187E-03
   5217.2121386622330        2.71817204E-02   3.76777351E-03
   5218.7634882790480        1.77989043E-02   3.54887429E-03
   5220.3149491765935        2.61143930E-02   3.77333444E-03
   5221.8665212157739        2.37315446E-02   3.73272831E-03
   5223.4182042574948        1.66687984E-02   3.54954926E-03
   5224.9699981626600        1.77319199E-02   3.52486968E-03
   5226.5219027921758        2.46335324E-02   3.62828956E-03
   5228.0739180069450        1.73979178E-02   3.45823658E-03
   5229.6260436678740        2.23112665E-02   3.65519058E-03
   5231.1782796358675        2.35714223E-02   3.70081048E-03
   5232.7306257718292        2.25387961E-02   3.62867652E-03
   5234.2830819366654        1.96997002E-02   3.58909811E-03
   5235.8356479912809        2.20424514E-02   3.63330985E-03
   5237.3883237965783        2.55133025E-02   3.80250230E-03
   5238.9411092134651        2.22097989E-02   3.75059783E-03
   5240.4940041028458        2.47947685E-02   3.79370851E-03
   5242.0470083256232        2.11943369E-02   3.69455572E-03
   5243.6001217427029        1.86479390E-02   3.65849910E-03
   5245.1533442149921        2.46134643E-02   3.77713842E-03
   5246.7066756033919        1.90265886E-02   3.69908684E-03
   5248.2601157688105        2.45072600E-02   3.78217222E-03
   5249.8136645721497        1.98699087E-02   3.66650661E-03
   5251.3673218743179        2.33092923E-02   3.71468323E-03
   5252.9210875362169        3.02531440E-02   3.87294125E-03
   5254.4749614187513        3.05288248E-02   3.82907409E-03
   5256.0289433828284        2.18390357E-02   3.73277511E-03
   5257.5830332893511        2.00065710E-02   3.70291877E-03
   5259.1372309992257        2.90497225E-02   3.90526396E-03
   5260.6915363733560        2.55439375E-02   3.81206605E-03
   5262.2459492726466        2.03626864E-02   3.65386275E-03
   5263.8004695580021        1.96445826E-02   3.50799435E-03
   5265.3550970903289        2.13848315E-02   3.54955299E-03
   5266.9098317305306        2.02500336E-02   3.51156364E-03
   5268.4646733395130        2.63211969E-02   3.64420493E-03
   5270.0196217781795        2.44405419E-02   3.58898658E-03
   5271.5746769074358        2.79104915E-02   3.69453570E-03
   5273.1298385881873        2.33938899E-02   3.68801737E-03
   5274.6851066813379        2.17220150E-02   3.70377372E-03
   5276.2404810477919        2.81817690E-02   3.83798056E-03
   5277.7959615484560        1.94973275E-02   3.69499903E-03
   5279.3515480442329        2.74772178E-02   3.82939447E-03
   5280.9072403960290        2.95112468E-02   3.89133417E-03
   5282.4630384647480        2.47897841E-02   3.76487034E-03
   5284.0189421112964        2.40176469E-02   3.76329175E-03
   5285.5749511965769        3.16567495E-02   3.87864932E-03
   5287.1310655814950        3.00433617E-02   3.94730829E-03
   5288.6872851269572        2.10396815E-02   3.78054776E-03
   5290.2436096938663        2.21701134E-02   3.78564489E-03
   5291.8000391431269        1.93574075E-02   3.70668992E-03
   5293.3565733356463        1.60449799E-02   3.67503404E-03
   5294.9132121323273        2.08548270E-02   3.77324549E-03
   5296.4699553940745        1.53323766E-02   3.57213453E-03
   5298.0268029817944        2.20386162E-02   3.72254616E-03
   5299.5837547563906        1.77759379E-02   3.59035237E-03
   5301.1408105787677        2.04025004E-02   3.73231038E-03
   5302.6979703098314        1.94970835E-02   3.68725369E-03
   5304.2552338104861        2.39210241E-02   3.83131299E-03
   5305.8126009416364        2.25860290E-02   3.81951965E-03
   5307.3700715641880        2.51966175E-02   3.84349423E-03
   5308.9276455390454        2.11017095E-02   3.77468392E-03
   5310.4853227271115        2.72444673E-02   3.98227945E-03
   5312.0431029892943        2.51243357E-02   3.91137972E-03
   5313.6009861864959        2.21630484E-02   3.82045517E-03
   5315.1589721796236        2.41545290E-02   3.84131074E-03
   5316.7170608295801        2.12600809E-02   3.77600989E-03
   5318.2752519972719        2.28061080E-02   3.83115630E-03
   5319.8335455436018        1.85205769E-02   3.72962980E-03
   5321.3919413294761        2.55981442E-02   3.86241218E-03
   5322.9504392157996        2.37429719E-02   3.80170858E-03
   5324.5090390634778        2.28538439E-02   3.79099860E-03
   5326.0677407334133        2.08689012E-02   3.67676094E-03
   5327.6265440865127        2.62328889E-02   3.80010414E-03
   5329.1854489836805        1.47061450E-02   3.48823308E-03
   5330.7444552858215        2.82058474E-02   3.90211493E-03
   5332.3035628538391        2.41582058E-02   3.84997064E-03
   5333.8627715486418        2.56377384E-02   3.88499466E-03
   5335.4220812311305        2.33068205E-02   3.88042070E-03
   5336.9814917622107        2.41977908E-02   3.86036187E-03
   5338.5410030027897        2.75423247E-02   3.89610697E-03
   5340.1006148137703        2.04319265E-02   3.73641471E-03
   5341.6603270560581        2.05234159E-02   3.71804554E-03
   5343.2201395905568        1.78386215E-02   3.63537879E-03
   5344.7800522781736        2.00764388E-02   3.77573911E-03
   5346.3400649798095        2.21038181E-02   3.81073216E-03
   5347.9001775563729        2.70955209E-02   3.90873291E-03
   5349.4603898687674        2.87916642E-02   3.93515453E-03
   5351.0207017778966        2.58660056E-02   3.87995108E-03
   5352.5811131446671        1.94481518E-02   3.80394445E-03
   5354.1416238299835        2.24245358E-02   3.86962993E-03
   5355.7022336947502        1.60132088E-02   3.73397791E-03
   5357.2629425998721        2.44136974E-02   3.91661888E-03
   5358.8237504062536        2.16752440E-02   3.93263157E-03
   5360.3846569748002        2.41538603E-02   3.91767547E-03
   5361.9456621664158        2.68855318E-02   3.96767445E-03
   5363.5067658420057        2.15136167E-02   3.80666833E-03
   5365.0679678624756        2.54157111E-02   3.88631178E-03
   5366.6292680887300        2.15575565E-02   3.79087357E-03
   5368.1906663816726        2.02896763E-02   3.75322253E-03
   5369.7521626022090        1.28021156E-02   3.55265429E-03
   5371.3137566112446        1.77512132E-02   3.66180367E-03
   5372.8754482696822        2.35271771E-02   3.82772507E-03
   5374.4372374384284        2.59625614E-02   3.89465480E-03
   5375.9991239783876        1.85857099E-02   3.79059627E-03
   5377.5611077504655        2.24434845E-02   3.85335111E-03
   5379.1231886155656        2.10644901E-02   3.83648649E-03
   5380.6853664345936        1.98987536E-02   3.82325030E-03
   5382.2476410684540        2.94914152E-02   3.98423662E-03
   5383.8100123780514        2.08721869E-02   3.83205223E-03
   5385.3724802242905        2.23148614E-02   3.84055031E-03
   5386.9350444680767        2.66471989E-02   3.94237414E-03
   5388.4977049703139        1.91012230E-02   3.79871600E-03
   5390.0604615919092        2.79120002E-02   3.95283056E-03
   5391.6233141937637        2.57082768E-02   3.90279619E-03
   5393.1862626367856        1.79338865E-02   3.70858470E-03
   5394.7493067818787        2.63233595E-02   3.91899887E-03
   5396.3124464899465        2.12409794E-02   3.78326722E-03
   5397.8756816218956        3.23383361E-02   3.99065809E-03
   5399.4390120386306        2.03457717E-02   3.77500290E-03
   5401.0024376010551        3.07982583E-02   4.02480131E-03
   5402.5659581700756        2.05328371E-02   3.72832571E-03
   5404.1295736065949        1.99872032E-02   3.72208003E-03
   5405.6932837715194        2.24066041E-02   3.72757390E-03
   5407.2570885257537        2.61650831E-02   3.84524092E-03
   5408.8209877302015        1.61588080E-02   3.63497785E-03
   5410.3849812457693        2.81943679E-02   3.90128861E-03
   5411.9490689333616        1.91905051E-02   3.75755853E-03
   5413.5132506538821        8.72483570E-03   3.50607606E-03
   5415.0775262682364        2.06888281E-02   3.80501919E-03
   5416.6418956373291        2.33540814E-02   3.84565722E-03
   5418.2063586220656        3.38532627E-02   4.10892256E-03
   5419.7709150833498        1.69412140E-02   3.74847511E-03
   5421.3355648820871        2.69538369E-02   3.94464191E-03
   5422.9003078791820        2.11788323E-02   3.85637255E-03
   5424.4651439355403        2.46477704E-02   3.90716083E-03
   5426.0300729120663        2.87424996E-02   4.00452130E-03
   5427.5950946696639        2.80883722E-02   3.98059981E-03
   5429.1602090692395        1.98046640E-02   3.83006781E-03
   5430.7254159716958        2.51900516E-02   3.87951825E-03
   5432.2907152379403        2.15656292E-02   3.81513406E-03
   5433.8561067288747        2.32445411E-02   3.88559443E-03
   5435.4215903054064        1.79868639E-02   3.75440181E-03
   5436.9871658284401        2.22394560E-02   3.88142909E-03
   5438.5528331588785        1.91598367E-02   3.83176864E-03
   5440.1185921576289        2.64957380E-02   4.02250094E-03
   5441.6844426855951        2.22494621E-02   3.94327706E-03
   5443.2503846036807        3.03679463E-02   4.09146445E-03
   5444.8164177727922        2.40607262E-02   3.90649587E-03
   5446.3825420538351        1.89494472E-02   3.75475362E-03
   5447.9487573077113        2.63643358E-02   3.92667577E-03
   5449.5150633953290        2.33938936E-02   3.90905654E-03
   5451.0814601775901        2.54372451E-02   3.99863115E-03
   5452.6479475154010        3.03973183E-02   4.09594830E-03
   5454.2145252696673        1.93793215E-02   3.82631482E-03
   5455.7811933012918        2.27577500E-02   3.85791855E-03
   5457.3479514711807        2.02449672E-02   3.82643752E-03
   5458.9147996402380        2.22083442E-02   3.86732281E-03
   5460.4817376693700        1.66731440E-02   3.82973789E-03
   5462.0487654194794        2.10606512E-02   3.90364416E-03
   5463.6158827514719        2.15733629E-02   3.87225626E-03
   5465.1830895262528        1.46321347E-02   3.70396907E-03
   5466.7503856047279        2.26769820E-02   3.89636890E-03
   5468.3177708477997        2.66630203E-02   4.00642632E-03
   5469.8852451163739        1.41988555E-02   3.74892005E-03
   5471.4528082713559        2.66845021E-02   3.96672916E-03
   5473.0204601736514        2.36083362E-02   3.93614266E-03
   5474.5882006841630        2.48257872E-02   3.95308854E-03
   5476.1560296637963        2.29247771E-02   3.85914114E-03
   5477.7239469734559        1.98869519E-02   3.79602145E-03
   5479.2919524740482        2.13923361E-02   3.86002241E-03
   5480.8600460264761        2.40810402E-02   3.90377897E-03
   5482.4282274916459        2.10925806E-02   3.87735688E-03
   5483.9964967304613        2.70032324E-02   4.00369614E-03
   5485.5648536038270        2.12096013E-02   3.93403601E-03
   5487.1332979726494        2.17354652E-02   3.94800585E-03
   5488.7018296978322        2.01113578E-02   3.90810193E-03
   5490.2704486402799        2.10077967E-02   3.84954177E-03
   5491.8391546608982        1.88050922E-02   3.84733290E-03
   5493.4079476205916        1.92059129E-02   3.87155567E-03
   5494.9768273802647        2.54694931E-02   4.01670160E-03
   5496.5457938008221        2.06858963E-02   3.88795370E-03
   5498.1148467431694        2.38596294E-02   3.97778954E-03
   5499.6839860682112        2.67168041E-02   4.01597330E-03
   5501.2532116368520        1.70042217E-02   3.83046805E-03
   5502.8225233099965        2.19157115E-02   3.91229847E-03
   5504.3919209485503        1.56307761E-02   3.81055125E-03
   5505.9614044134169        2.76907943E-02   4.06297250E-03
   5507.5309735655028        1.81288719E-02   3.86883481E-03
   5509.1006282657127        2.74495576E-02   4.07087756E-03
   5510.6703683749492        2.30475105E-02   3.93107813E-03
   5512.2401937541190        2.09684167E-02   3.88923660E-03
   5513.8101042641265        1.94603447E-02   3.88917234E-03
   5515.3800997658764        1.60159282E-02   3.81511962E-03
   5516.9501801202750        1.78396124E-02   3.83643410E-03
   5518.5203451882244        2.07724143E-02   3.94126866E-03
   5520.0905948306308        2.18089893E-02   3.94604402E-03
   5521.6609289083999        2.32786629E-02   4.05853149E-03
   5523.2313472824362        2.39192601E-02   4.02329350E-03
   5524.8018498136435        2.33031921E-02   3.99535149E-03
   5526.3724363629271        3.06240339E-02   4.11751168E-03
   5527.9431067911919        1.58470068E-02   3.76750366E-03
   5529.5138609593423        1.61428377E-02   3.79831041E-03
   5531.0846987282839        1.99821182E-02   3.92256677E-03
   5532.6556199589213        2.56085452E-02   4.05337568E-03
   5534.2266245121591        2.55969558E-02   4.08489816E-03
   5535.7977122489019        2.47546267E-02   4.03810805E-03
   5537.3688830300562        1.76320709E-02   3.84001154E-03
   5538.9401367165237        1.90580096E-02   3.97386216E-03
   5540.5114731692120        1.99261941E-02   3.94752296E-03
   5542.0828922490246        2.06748638E-02   3.98802524E-03
   5543.6543938168670        1.72377992E-02   3.87063157E-03
   5545.2259777336440        2.96655726E-02   4.16192366E-03
   5546.7976438602591        1.94678251E-02   3.95410787E-03
   5548.3693920576188        2.07553972E-02   3.97445122E-03
   5549.9412221866269        2.96414848E-02   4.23127646E-03
   5551.5131341081888        1.78989805E-02   3.93496361E-03
   5553.0851276832100        2.23608967E-02   4.02711751E-03
   5554.6572027725933        2.46222354E-02   4.05430002E-03
   5556.2293592372453        2.54813116E-02   4.07527154E-03
   5557.8015969380695        2.45726667E-02   4.07136045E-03
   5559.3739157359723        2.11618990E-02   3.99505440E-03
   5560.9463154918567        2.11364254E-02   3.99011932E-03
   5562.5187960666290        1.56773645E-02   3.91333131E-03
   5564.0913573211938        2.58003678E-02   4.06140927E-03
   5565.6639991164548        1.88218057E-02   3.91829060E-03
   5567.2367213133175        2.45381258E-02   4.05720342E-03
   5568.8095237726884        2.39855479E-02   4.01355186E-03
   5570.3824063554703        2.04658434E-02   3.95639520E-03
   5571.9553689225677        1.64163280E-02   3.82234878E-03
   5573.5284113348880        1.91117357E-02   4.11566906E-03
   5575.1015334533322        2.01527365E-02   7.22654024E-03
   5576.6747351388076        2.31444295E-02   9.34018102E-03
   5578.2480162522188        2.22493019E-02   9.65975504E-03
   5579.8213766544714        4.26588692E-02   8.86958931E-03
   5581.3948162064689        1.64835434E-02   5.25857368E-03
   5582.9683347691162        1.23345265E-02   3.98570066E-03
   5584.5419322033194        2.20388696E-02   4.06622468E-03
   5586.1156083699807        2.31294986E-02   4.01883945E-03
   5587.6893631300072        1.90480389E-02   3.92982690E-03
   5589.2631963443037        2.01874655E-02   3.89434025E-03
   5590.8371078737746        1.72635410E-02   3.84505489E-03
   5592.4110975793237        2.59730127E-02   4.07179957E-03
   5593.9851653218566        2.60493420E-02   4.06348100E-03
   5595.5593109622796        2.39969064E-02   4.07432020E-03
   5597.1335343614946        1.50560504E-02   3.82290571E-03
   5598.7078353804091        2.18316671E-02   4.01940383E-03
   5600.2822138799265        2.26980392E-02   4.04175743E-03
   5601.8566697209517        2.82508023E-02   4.11455194E-03
   5603.4312027643900        2.59679351E-02   4.12908150E-03
   5605.0058128711462        1.88782085E-02   3.98809416E-03
   5606.5804999021248        3.17624472E-02   4.34421655E-03
   5608.1552637182294        2.04147156E-02   4.06896463E-03
   5609.7301041803685        2.13782061E-02   4.05503949E-03
   5611.3050211494428        2.14970838E-02   4.09871992E-03
   5612.8800144863599        2.16124542E-02   4.10874095E-03
   5614.4550840520224        2.07952112E-02   3.96923488E-03
   5616.0302297073376        1.70994624E-02   3.88903031E-03
   5617.6054513132085        2.00276878E-02   3.93882906E-03
   5619.1807487305414        1.90691762E-02   4.01835097E-03
   5620.7561218202391        1.99064407E-02   4.02255729E-03
   5622.3315704432080        2.23092753E-02   4.10832558E-03
   5623.9070944603527        2.32485328E-02   4.07956680E-03
   5625.4826937325788        1.88644230E-02   4.02162503E-03
   5627.0583681207881        1.42811416E-02   3.89733189E-03
   5628.6341174858899        2.00706217E-02   4.03633481E-03
   5630.2099416887841        1.16126034E-02   3.87170957E-03
   5631.7858405903798        1.67138334E-02   3.98175418E-03
   5633.3618140515791        1.08905202E-02   3.85207869E-03
   5634.9378619332883        1.43053355E-02   3.91029846E-03
   5636.5139840964111        2.21584216E-02   4.07170365E-03
   5638.0901804018531        2.53036972E-02   4.20362130E-03
   5639.6664507105197        1.65085364E-02   3.97094944E-03
   5641.2427948833156        1.91280991E-02   4.08440363E-03
   5642.8192127811435        1.86639875E-02   4.02223645E-03
   5644.3957042649099        1.21408515E-02   3.86465341E-03
   5645.9722691955203        2.24990230E-02   4.17037169E-03
   5647.5489074338775        2.05233190E-02   4.11884068E-03
   5649.1256188408888        2.61798780E-02   4.26000217E-03
   5650.7024032774571        1.59256682E-02   4.00225446E-03
   5652.2792606044877        1.35707250E-02   3.91852204E-03
   5653.8561906828863        2.32907347E-02   4.14614845E-03
   5655.4331933735566        1.90014206E-02   4.06080997E-03
   5657.0102685374031        2.16933526E-02   4.03357670E-03
   5658.5874160353333        2.63240151E-02   4.17772634E-03
   5660.1646357282489        2.74310149E-02   4.18759696E-03
   5661.7419274770555        1.81079302E-02   4.03823052E-03
   5663.3192911426586        3.06468960E-02   4.26979782E-03
   5664.8967265859637        1.98733248E-02   4.09920560E-03
   5666.4742336678737        2.16193218E-02   4.13298467E-03
   5668.0518122492949        1.82750616E-02   4.04575327E-03
   5669.6294621911320        1.71060786E-02   4.06099018E-03
   5671.2071833542896        1.83357112E-02   4.15129587E-03
   5672.7849755996713        2.15048175E-02   4.13196255E-03
   5674.3628387881836        2.11376417E-02   4.15868731E-03
   5675.9407727807311        1.98647119E-02   4.13608411E-03
   5677.5187774382184        2.38880608E-02   4.23358427E-03
   5679.0968526215502        2.77027544E-02   4.35122428E-03
   5680.6749981916309        1.87687278E-02   4.09452710E-03
   5682.2532140093654        2.64851376E-02   4.27289261E-03
   5683.8314999356589        1.58637092E-02   4.00483143E-03
   5685.4098558314172        2.65664291E-02   4.22275625E-03
   5686.9882815575438        2.27922034E-02   4.19537071E-03
   5688.5667769749443        2.16465872E-02   4.14846977E-03
   5690.1453419445224        1.58651043E-02   4.03764518E-03
   5691.7239763271837        2.29365490E-02   4.22592741E-03
   5693.3026799838326        2.73054969E-02   4.28908085E-03
   5694.8814527753757        2.11631879E-02   4.21693036E-03
   5696.4602945627148        1.79181471E-02   4.11794521E-03
   5698.0392052067573        3.01367007E-02   4.35716659E-03
   5699.6181845684068        1.75478105E-02   4.05597501E-03
   5701.1972325085690        1.72423795E-02   4.06410592E-03
   5702.7763488881474        2.86929384E-02   4.34838282E-03
   5704.3555335680476        2.25273538E-02   4.25500050E-03
   5705.9347864091751        1.71490349E-02   4.02973406E-03
   5707.5141072724327        2.79331375E-02   4.31829179E-03
   5709.0934960187269        1.35940164E-02   3.90882092E-03
   5710.6729525089622        2.43098829E-02   4.19043005E-03
   5712.2524766040451        2.16006283E-02   4.16149106E-03
   5713.8320681648765        2.39544269E-02   4.21335362E-03
   5715.4117270523648        1.94731336E-02   4.17521084E-03
   5716.9914531274126        1.76725108E-02   4.11308929E-03
   5718.5712462509264        1.85826719E-02   4.14592540E-03
   5720.1511062838099        2.62208842E-02   4.31215996E-03
   5721.7310330869677        1.73276663E-02   4.15564422E-03
   5723.3110265213045        1.68950614E-02   4.16803127E-03
   5724.8910864477275        2.34430879E-02   4.32797149E-03
   5726.4712127271396        1.55568644E-02   4.10137279E-03
   5728.0514052204444        2.24684272E-02   4.29612910E-03
   5729.6316637885502        2.07442529E-02   4.19142935E-03
   5731.2119882923589        2.41412148E-02   4.33726283E-03
   5732.7923785927760        1.72455125E-02   4.15230822E-03
   5734.3728345507061        1.72656868E-02   4.23260732E-03
   5735.9533560270547        1.51959294E-02   4.10704361E-03
   5737.5339428827274        2.21525524E-02   4.26337309E-03
   5739.1145949786269        1.32472189E-02   4.05112607E-03
   5740.6953121756596        2.26558466E-02   4.27477621E-03
   5742.2760943347294        1.80540755E-02   4.18659486E-03
   5743.8569413167424        1.50010968E-02   4.12444538E-03
   5745.4378529826026        2.01182775E-02   4.24664421E-03
   5747.0188291932154        2.13287845E-02   4.24325746E-03
   5748.5998698094827        2.55574174E-02   4.31445846E-03
   5750.1809746923136        2.47442704E-02   4.33193101E-03
   5751.7621437026110        2.31477208E-02   4.23630560E-03
   5753.3433767012793        1.77197997E-02   4.14180197E-03
   5754.9246735492243        2.20914893E-02   4.25760075E-03
   5756.5060341073504        1.25294151E-02   3.99577338E-03
   5758.0874582365614        2.45570615E-02   4.32083756E-03
   5759.6689457977645        1.85650382E-02   4.17537335E-03
   5761.2504966518618        1.98867507E-02   4.20736056E-03
   5762.8321106597587        1.84788052E-02   4.16289410E-03
   5764.4137876823625        2.39382274E-02   4.27815272E-03
   5765.9955275805760        1.90986432E-02   4.21600975E-03
   5767.5773302153038        2.06081215E-02   4.26494190E-03
   5769.1591954474516        2.24096049E-02   4.37092828E-03
   5770.7411231379238        2.16854047E-02   4.28924570E-03
   5772.3231131476241        1.74856633E-02   4.22427850E-03
   5773.9051653374599        2.31579635E-02   4.30840813E-03
   5775.4872795683350        2.47903895E-02   4.35454352E-03
   5777.0694557011529        2.07547098E-02   4.23050951E-03
   5778.6516935968193        2.30558719E-02   4.24734363E-03
   5780.2339931162396        1.99156236E-02   4.25945083E-03
   5781.8163541203176        1.63085628E-02   4.11302969E-03
   5783.3987764699596        2.27422081E-02   4.25139070E-03
   5784.9812600260684        2.00399328E-02   4.17003548E-03
   5786.5638046495505        2.26862561E-02   4.28361911E-03
   5788.1464102013097        3.32123302E-02   4.55438858E-03
   5789.7290765422522        1.86327025E-02   4.22997167E-03
   5791.3118035332818        1.54173793E-02   4.11472237E-03
   5792.8945910353023        1.76833197E-02   4.16287221E-03
   5794.4774389092199        2.04765815E-02   4.30378970E-03
   5796.0603470159404        2.02227794E-02   4.24612826E-03
   5797.6433152163663        2.63266079E-02   4.46034130E-03
   5799.2263433714043        3.02426517E-02   4.49978374E-03
   5800.8094313419579        2.66684853E-02   4.45526931E-03
   5802.3925789889327        1.63483210E-02   4.23304830E-03
   5803.9757861732332        1.35846166E-02   4.10052948E-03
   5805.5590527557633        3.01592015E-02   4.51738946E-03
   5807.1423785974312        1.93176884E-02   4.21077013E-03
   5808.7257635591368        2.27602944E-02   4.32415912E-03
   5810.3092075017894        2.59003434E-02   4.43475321E-03
   5811.8927102862917        2.54264176E-02   4.40221140E-03
   5813.4762717735484        2.65455749E-02   4.48478712E-03
   5815.0598918244650        1.66177787E-02   4.20282315E-03
   5816.6435702999452        2.40866244E-02   4.35334723E-03
   5818.2273070608962        1.68666095E-02   4.20293398E-03
   5819.8111019682192        1.68596283E-02   4.25368873E-03
   5821.3949548828223        1.54930968E-02   4.22644056E-03
   5822.9788656656092        1.98967922E-02   4.28827200E-03
   5824.5628341774836        2.04291660E-02   4.33006836E-03
   5826.1468602793529        2.41989717E-02   4.37087612E-03
   5827.7309438321190        2.73247845E-02   4.47104499E-03
   5829.3150846966901        1.01217395E-02   4.08997247E-03
   5830.8992827339671        1.77708901E-02   4.29342268E-03
   5832.4835378048574        2.19330397E-02   4.37507639E-03
   5834.0678497702656        1.69022083E-02   4.23486996E-03
   5835.6522184910955        2.11621001E-02   4.35515540E-03
   5837.2366438282525        1.89636145E-02   4.34133178E-03
   5838.8211256426421        1.35863526E-02   4.17975849E-03
   5840.4056637951689        2.21344363E-02   4.36253427E-03
   5841.9902581467368        2.15691924E-02   4.42568585E-03
   5843.5749085582511        3.03593501E-02   4.60294914E-03
   5845.1596148906165        1.95748359E-02   4.35581757E-03
   5846.7443770047385        2.21478641E-02   4.41796845E-03
   5848.3291947615207        2.18094140E-02   4.37257113E-03
   5849.9140680218688        2.00367421E-02   4.36065067E-03
   5851.4989966466883        2.56805122E-02   4.50555282E-03
   5853.0839804968837        1.74333900E-02   4.27032029E-03
   5854.6690194333578        2.17181630E-02   4.43093758E-03
   5856.2541133170171        2.82472353E-02   4.46606148E-03
   5857.8392620087670        2.64059585E-02   4.47624689E-03
   5859.4244653695105        2.38493327E-02   4.43344098E-03
   5861.0097232601556        2.99770981E-02   4.53392137E-03
   5862.5950355416035        3.26403938E-02   4.67010075E-03
   5864.1804020747613        2.06858106E-02   4.44187457E-03
   5865.7658227205329        3.18115912E-02   4.74445568E-03
   5867.3512973398228        3.08529567E-02   4.66177566E-03
   5868.9368257935366        2.75825653E-02   4.62529995E-03
   5870.5224079425798        3.25920843E-02   4.69792075E-03
   5872.1080436478569        2.53435131E-02   4.57055029E-03
   5873.6937327702699        3.26448828E-02   4.68509272E-03
   5875.2794751707279        2.57238094E-02   4.57088463E-03
   5876.8652707101319        2.98042223E-02   4.61690174E-03
   5878.4511192493901        1.80461444E-02   4.36526537E-03
   5880.0370206494044        2.78338566E-02   4.58748685E-03
   5881.6229747710831        2.74123028E-02   4.56183590E-03
   5883.2089814753272        3.23554687E-02   4.66194516E-03
   5884.7950406230439        3.91514450E-02   4.85212728E-03
   5886.3811520751360        3.35154347E-02   4.77992557E-03
   5887.9673156925119        3.40041295E-02   5.02007734E-03
   5889.5535313360733        2.38508824E-02   4.96776216E-03
   5891.1397988667250        3.24844532E-02   5.15589071E-03
   5892.7261181453741        2.92215459E-02   4.91879322E-03
   5894.3124890329245        2.24956051E-02   4.65084054E-03
   5895.8989113902790        3.15059051E-02   4.97578876E-03
   5897.4853850783447        2.24659741E-02   4.71701426E-03
   5899.0719099580265        2.73600798E-02   4.69351979E-03
   5900.6584858902279        2.30435766E-02   4.44888929E-03
   5902.2451127358536        2.62591448E-02   4.58128564E-03
   5903.8317903558109        1.58104654E-02   4.35249787E-03
   5905.4185186110008        3.02052237E-02   4.69010044E-03
   5907.0052973623315        2.39748787E-02   4.52052988E-03
   5908.5921264707067        1.96240917E-02   4.41308925E-03
   5910.1790057970311        2.58249640E-02   4.59438143E-03
   5911.7659352022092        2.32789274E-02   4.51420853E-03
   5913.3529145471457        1.90199055E-02   4.47248667E-03
   5914.9399436927470        2.35606916E-02   4.55318950E-03
   5916.5270224999158        2.06129309E-02   4.47111949E-03
   5918.1141508295577        2.39919741E-02   4.54674708E-03
   5919.7013285425792        1.77381784E-02   4.37063025E-03
   5921.2885554998820        1.65691748E-02   4.38505597E-03
   5922.8758315623736        1.65265519E-02   4.36422275E-03
   5924.4631565909567        2.69632563E-02   4.66721319E-03
   5926.0505304465387        2.51739398E-02   4.58277250E-03
   5927.6379529900214        2.24887822E-02   4.51638643E-03
   5929.2254240823131        1.91353727E-02   4.44078166E-03
   5930.8129435843157        2.25185566E-02   4.56726085E-03
   5932.4005113569347        1.88651383E-02   4.51769494E-03
   5933.9881272610755        2.44623441E-02   4.61748894E-03
   5935.5757911576429        1.92512535E-02   4.50545922E-03
   5937.1635029075414        3.10444646E-02   4.73830476E-03
   5938.7512623716757        2.59910841E-02   4.65310365E-03
   5940.3390694109512        1.44364731E-02   4.36036242E-03
   5941.9269238862726        2.62213405E-02   4.63945651E-03
   5943.5148256585435        2.67828293E-02   4.59063379E-03
   5945.1027745886704        2.38814838E-02   4.61541954E-03
   5946.6907705375570        2.49678623E-02   4.54773894E-03
   5948.2788133661097        1.83060821E-02   4.45208419E-03
   5949.8669029352313        2.30089761E-02   4.52626962E-03
   5951.4550391058292        1.86624117E-02   4.48709028E-03
   5953.0432217388043        2.05402859E-02   4.50638309E-03
   5954.6314506950657        1.77480783E-02   4.47985856E-03
   5956.2197258355136        1.61891468E-02   4.41282848E-03
   5957.8080470210580        2.53589321E-02   4.63860575E-03
   5959.3964141126007        1.64593607E-02   4.44737310E-03
   5960.9848269710474        1.89963561E-02   4.44592535E-03
   5962.5732854573007        1.60501599E-02   4.44320031E-03
   5964.1617894322690        2.23519709E-02   4.53311484E-03
   5965.7503387568549        2.10176669E-02   4.56405943E-03
   5967.3389332919633        2.26348378E-02   4.56643524E-03
   5968.9275728985003        2.26278193E-02   4.55610827E-03
   5970.5162574373680        2.18790136E-02   4.63317567E-03
   5972.1049867694746        2.23864038E-02   4.62923013E-03
   5973.6937607557238        1.55145116E-02   4.48124530E-03
   5975.2825792570193        1.19543783E-02   4.42468934E-03
   5976.8714421342665        2.00507753E-02   4.48120385E-03
   5978.4603492483711        1.56818908E-02   4.40282002E-03
   5980.0493004602367        1.97996851E-02   4.55114432E-03
   5981.6382956307698        2.11730171E-02   4.55901772E-03
   5983.2273346208722        1.69696379E-02   4.38589044E-03
   5984.8164172914512        1.75975449E-02   4.45372798E-03
   5986.4055435034124        2.93002501E-02   4.67652176E-03
   5987.9947131176577        2.08325014E-02   4.53517912E-03
   5989.5839259950935        2.33416036E-02   4.59242798E-03
   5991.1731819966253        1.00755263E-02   4.35964763E-03
   5992.7624809831568        2.41011344E-02   4.61989548E-03
   5994.3518228155936        2.35031061E-02   4.64948732E-03
   5995.9412073548410        2.72615813E-02   4.64568427E-03
   5997.5306344618011        2.00945400E-02   4.56587784E-03
   5999.1201039973821        1.38502130E-02   4.38937405E-03
   6000.7096158224876        2.75388509E-02   4.71708551E-03
   6002.2991697980215        2.27693897E-02   4.59848950E-03
   6003.8887657848900        1.94967799E-02   4.54239221E-03
   6005.4784036439960        2.32545137E-02   4.59341612E-03
   6007.0680832362459        1.58943720E-02   4.48653195E-03
   6008.6578044225453        2.06350312E-02   4.57592262E-03
   6010.2475670637978        2.61353329E-02   4.66312841E-03
   6011.8373710209071        2.02410165E-02   4.63398686E-03
   6013.4272161547797        1.72815975E-02   4.45920741E-03
   6015.0171023263201        1.91245750E-02   4.48100921E-03
   6016.6070293964331        1.99711565E-02   4.50883666E-03
   6018.1969972260249        1.62565988E-02   4.42802254E-03
   6019.7870056759966        2.33075023E-02   4.61302977E-03
   6021.3770546072565        1.28892204E-02   4.33699740E-03
   6022.9671438807081        2.59945337E-02   4.65935608E-03
   6024.5572733572553        1.49059445E-02   4.38915147E-03
   6026.1474428978063        3.07460278E-02   4.77169175E-03
   6027.7376523632602        2.25470681E-02   4.60990425E-03
   6029.3279016145279        1.80385970E-02   4.56221215E-03
   6030.9181905125106        2.86681764E-02   4.81397798E-03
   6032.5085189181145        1.80134308E-02   4.54859622E-03
   6034.0988866922444        1.52964126E-02   4.44874587E-03
   6035.6892936958056        2.21818145E-02   4.65653697E-03
   6037.2797397897002        2.01419238E-02   4.59316745E-03
   6038.8702248348354        2.03244314E-02   4.59960988E-03
   6040.4607486921168        1.82774402E-02   4.54505766E-03
   6042.0513112224453        2.10678317E-02   4.66473820E-03
   6043.6419122867310        2.22359002E-02   4.62865829E-03
   6045.2325517458748        1.44674573E-02   4.47834842E-03
   6046.8232294607833        2.65581105E-02   4.76611638E-03
   6048.4139452923609        1.75305251E-02   4.54879412E-03
   6050.0046991015124        1.90651063E-02   4.62347316E-03
   6051.5954907491423        1.69746634E-02   4.50713746E-03
   6053.1863200961552        2.55872346E-02   4.73232707E-03
   6054.7771870034567        1.73989441E-02   4.51125624E-03
   6056.3680913319522        1.96680464E-02   4.56168177E-03
   6057.9590329425455        1.91784780E-02   4.55562491E-03
   6059.5500116961412        2.07579546E-02   4.64050891E-03
   6061.1410274536447        2.64917146E-02   4.73253522E-03
   6062.7320800759617        2.71689110E-02   4.75421036E-03
   6064.3231694239939        1.35311335E-02   4.46480326E-03
   6065.9142953586497        2.57334895E-02   4.73450543E-03
   6067.5054577408328        2.81731654E-02   4.78721038E-03
   6069.0966564314467        2.14905851E-02   4.72861528E-03
   6070.6878912913980        2.08794866E-02   4.66458732E-03
   6072.2791621815904        1.87855829E-02   4.59700217E-03
   6073.8704689629285        2.27446686E-02   4.74145217E-03
   6075.4618114963187        1.41434660E-02   4.48987354E-03
   6077.0531896426646        1.51440781E-02   4.53355443E-03
   6078.6446032628719        2.30679400E-02   4.67579626E-03
   6080.2360522178442        2.48254668E-02   4.67561046E-03
   6081.8275363684861        2.50000935E-02   4.70478740E-03
   6083.4190555757041        2.15081014E-02   4.65450389E-03
   6085.0106097004009        1.10557191E-02   4.42276895E-03
   6086.6021986034848        2.44878493E-02   4.69984673E-03
   6088.1938221458577        2.10263543E-02   4.60917410E-03
   6089.7854801884250        2.50180103E-02   4.72723320E-03
   6091.3771725920906        2.03903429E-02   4.55488591E-03
   6092.9688992177616        2.29700152E-02   4.65636048E-03
   6094.5606599263410        1.73956789E-02   4.58428496E-03
   6096.1524545787352        1.37992539E-02   4.47564805E-03
   6097.7442830358468        1.39091536E-02   4.55584051E-03
   6099.3361451585824        2.34285090E-02   4.73114336E-03
   6100.9280408078466        2.16594134E-02   4.63137915E-03
   6102.5199698445440        1.91319697E-02   4.56443848E-03
   6104.1119321295782        1.77187771E-02   4.50514024E-03
   6105.7039275238576        1.91261861E-02   4.54618083E-03
   6107.2959558882822        2.52133273E-02   4.77106823E-03
   6108.8880170837610        1.55320242E-02   4.52477811E-03
   6110.4801109711952        2.61819605E-02   4.79196990E-03
   6112.0722374114930        1.64556298E-02   4.55473457E-03
   6113.6643962655580        2.75113098E-02   4.79786750E-03
   6115.2565873942940        2.30974145E-02   4.73402720E-03
   6116.8488106586065        2.72243042E-02   4.86167334E-03
   6118.4410659194009        1.39489202E-02   4.57183039E-03
   6120.0333530375819        2.07357388E-02   4.63451818E-03
   6121.6256718740524        2.51520108E-02   4.75852471E-03
   6123.2180222897205        1.09818187E-02   4.47273068E-03
   6124.8104041454899        2.56918743E-02   4.79401508E-03
   6126.4028173022634        1.82374325E-02   4.66833124E-03
   6127.9952616209475        2.33581290E-02   4.73732362E-03
   6129.5877369624468        1.95929538E-02   4.62896284E-03
   6131.1802431876658        1.94069296E-02   4.63190675E-03
   6132.7727801575102        2.06608176E-02   4.71152645E-03
   6134.3653477328844        2.05806214E-02   4.61560814E-03
   6135.9579457746922        2.06876900E-02   4.69725393E-03
   6137.5505741438392        2.29439121E-02   4.68760589E-03
   6139.1432327012317        2.88503226E-02   4.84833308E-03
   6140.7359213077734        1.52424406E-02   4.61103301E-03
   6142.3286398243681        2.06321552E-02   4.69073234E-03
   6143.9213881119204        2.19206382E-02   4.70282324E-03
   6145.5141660313375        1.04392143E-02   4.46760422E-03
   6147.1069734435232        2.33912803E-02   4.77992557E-03
   6148.6998102093812        1.80877391E-02   4.70785983E-03
   6150.2926761898170        2.60672793E-02   4.86610923E-03
   6151.8855712457362        2.04034764E-02   4.71992232E-03
   6153.4784952380433        1.57160554E-02   4.58027888E-03
   6155.0714480276411        1.70348547E-02   4.62777354E-03
   6156.6644294754378        1.65410694E-02   4.67172358E-03
   6158.2574394423364        2.51323618E-02   4.79530729E-03
   6159.8504777892413        2.46377271E-02   4.77105845E-03
   6161.4435443770581        2.59181783E-02   4.73322952E-03
   6163.0366390666923        2.69404575E-02   4.73585585E-03
   6164.6297617190476        1.99736152E-02   4.66904743E-03
   6166.2229121950286        2.16992442E-02   4.78016632E-03
   6167.8160903555399        2.24601012E-02   4.75761248E-03
   6169.4092960614889        1.77861843E-02   4.65087406E-03
   6171.0025291737775        3.10293008E-02   4.96094441E-03
   6172.5957895533120        1.83171891E-02   4.71546408E-03
   6174.1890770609962        2.16319878E-02   4.80624894E-03
   6175.7823915577364        2.21875366E-02   4.82602185E-03
   6177.3757329044365        2.06011031E-02   4.77381609E-03
   6178.9691009620010        2.05609072E-02   4.68773814E-03
   6180.5624955913345        9.36403032E-03   4.46952647E-03
   6182.1559166533434        1.75310969E-02   4.76745795E-03
   6183.7493640089315        2.61825286E-02   4.91415570E-03
   6185.3428375190042        2.72408500E-02   4.93577262E-03
   6186.9363370444653        1.87528748E-02   4.74282913E-03
   6188.5298624462193        1.87429208E-02   4.79202159E-03
   6190.1234135851728        1.49240699E-02   4.65926668E-03
   6191.7169903222302        2.03928463E-02   4.78779618E-03
   6193.3105925182954        1.50184697E-02   4.65994468E-03
   6194.9042200342737        1.43549275E-02   4.72361175E-03
   6196.4978727310699        1.05283046E-02   4.58852854E-03
   6198.0915504695886        1.43778650E-02   4.67957091E-03
   6199.6852531107352        2.04118975E-02   4.87297680E-03
   6201.2789805154143        7.10984133E-03   4.53721173E-03
   6202.8727325445298        2.35278998E-02   4.87347785E-03
   6204.4665090589888        2.24021226E-02   4.91767842E-03
   6206.0603099196933        2.26669908E-02   4.93424106E-03
   6207.6541349875506        1.96123216E-02   4.84244106E-03
   6209.2479841234635        2.32037753E-02   4.95598745E-03
   6210.8418571883385        2.17050891E-02   4.93293395E-03
   6212.4357540430792        2.24456303E-02   4.88078361E-03
   6214.0296745485903        2.17618495E-02   4.89592738E-03
   6215.6236185657790        2.38689687E-02   4.85540880E-03
   6217.2175859555464        2.34502610E-02   4.87903832E-03
   6218.8115765788007        1.40698580E-02   4.71024215E-03
   6220.4055902964446        3.01768575E-02   5.08447923E-03
   6221.9996269693829        2.71849297E-02   5.10379812E-03
   6223.5936864585228        1.74224991E-02   4.81625088E-03
   6225.1877686247672        2.44949125E-02   4.99974331E-03
   6226.7818733290205        2.05127262E-02   4.92028333E-03
   6228.3760004321884        1.77295990E-02   4.78492491E-03
   6229.9701497951746        2.25874931E-02   4.91466466E-03
   6231.5643212788864        2.21194085E-02   4.87509696E-03
   6233.1585147442265        9.99647379E-03   4.79450729E-03
   6234.7527300521006        1.52684608E-02   4.94506396E-03
   6236.3469670634131        2.34642699E-02   5.10796160E-03
   6237.9412256390688        2.29405854E-02   5.09345578E-03
   6239.5355056399731        1.64407697E-02   4.89532948E-03
   6241.1298069270306        2.54503507E-02   5.14228363E-03
   6242.7241293611451        2.31761299E-02   5.07884612E-03
   6244.3184728032238        1.79058705E-02   4.90329927E-03
   6245.9128371141687        1.64783075E-02   4.78863996E-03
   6247.5072221548862        1.37470830E-02   4.74534649E-03
   6249.1016277862818        2.09499691E-02   4.91242157E-03
   6250.6960538692583        1.95126738E-02   4.94291168E-03
   6252.2905002647221        1.89146511E-02   4.92670201E-03
   6253.8849668335779        2.25719698E-02   4.96935705E-03
   6255.4794534367293        2.15092730E-02   5.07332105E-03
   6257.0739599350827        2.10443605E-02   5.07789804E-03
   6258.6684861895419        2.14768127E-02   5.11490600E-03
   6260.2630320610115        2.59023719E-02   5.18360874E-03
   6261.8575974103987        3.22869122E-02   5.32947201E-03
   6263.4521820986056        2.75008511E-02   5.17846039E-03
   6265.0467859865375        2.30515394E-02   5.18018054E-03
   6266.6414089351001        1.80077832E-02   5.04064374E-03
   6268.2360508051979        2.56069656E-02   5.21289743E-03
   6269.8307114577347        2.31827758E-02   5.10223117E-03
   6271.4253907536158        2.41792053E-02   5.19352173E-03
   6273.0200885537488        1.16116852E-02   4.80240863E-03
   6274.6148047190354        3.50156203E-02   5.38017834E-03
   6276.2095391103803        1.98213924E-02   5.10134874E-03
   6277.8042915886890        2.31072064E-02   5.04815252E-03
   6279.3990620148679        2.42267922E-02   5.04974229E-03
   6280.9938502498189        3.08333300E-02   5.27852029E-03
   6282.5886561544503        2.70601083E-02   5.26923640E-03
   6284.1834795896648        1.67953931E-02   5.03341202E-03
   6285.7783204163670        2.41839867E-02   5.37772942E-03
   6287.3731784954607        9.33538470E-03   5.00628911E-03
   6288.9680536878541        1.63388625E-02   5.14693419E-03
   6290.5629458544499        2.59474572E-02   5.33632794E-03
