   3855.2273038125900        2.43347343E-02   5.16017852E-03
   3856.6173463678429        2.78471839E-02   5.14169270E-03
   3858.0076281714328        2.63052005E-02   4.96212579E-03
   3859.3981490842643        1.67627446E-02   4.49315924E-03
   3860.7889089672426        2.04706844E-02   4.69594263E-03
   3862.1799076812722        2.14928240E-02   4.89114784E-03
   3863.5711450872577        2.61774454E-02   5.21832891E-03
   3864.9626210461047        3.23905721E-02   5.40987635E-03
   3866.3543354187168        2.85028499E-02   5.20967226E-03
   3867.7462880660000        2.90872548E-02   5.18754451E-03
   3869.1384788488585        2.52231304E-02   4.87217726E-03
   3870.5309076281965        2.63360161E-02   4.78916150E-03
   3871.9235742649198        2.37694457E-02   4.68350435E-03
   3873.3164786199332        2.36588996E-02   4.78637218E-03
   3874.7096205541407        2.13069450E-02   4.89313528E-03
   3876.1029999284478        1.81454476E-02   4.71022166E-03
   3877.4966166037589        2.67844070E-02   4.97871824E-03
   3878.8904704409792        3.48293334E-02   5.11014322E-03
   3880.2845613010127        3.01400702E-02   4.87773493E-03
   3881.6788890447651        2.52828505E-02   4.68050689E-03
   3883.0734535331412        1.73789989E-02   4.37270058E-03
   3884.4682546270451        3.06351110E-02   4.80432576E-03
   3885.8632921873818        2.61387005E-02   4.74669831E-03
   3887.2585660750565        2.39801072E-02   4.58920049E-03
   3888.6540761509737        1.68906823E-02   4.14976804E-03
   3890.0498222760380        2.89266389E-02   4.75974381E-03
   3891.4458043111545        2.83369701E-02   4.77427850E-03
   3892.8420221172278        2.38418691E-02   4.73997928E-03
   3894.2384755551629        2.52498761E-02   4.75061545E-03
   3895.6351644858651        1.89776644E-02   4.48313821E-03
   3897.0320887702378        2.51877382E-02   4.74516628E-03
   3898.4292482691872        3.44581790E-02   5.01378812E-03
   3899.8266428436173        1.99493188E-02   4.58913529E-03
   3901.2242723544332        3.36401612E-02   4.91083926E-03
   3902.6221366625396        2.75110938E-02   4.70863283E-03
   3904.0202356288410        2.80296635E-02   4.61199787E-03
   3905.4185691142429        2.95808874E-02   4.61929152E-03
   3906.8171369796501        2.47791018E-02   4.47788602E-03
   3908.2159390859661        2.55279988E-02   4.64519486E-03
   3909.6149752940973        2.45286617E-02   4.64278646E-03
   3911.0142454649472        1.81662105E-02   4.47510649E-03
   3912.4137494594220        2.23896950E-02   4.52447589E-03
   3913.8134871384254        1.64153147E-02   4.43345029E-03
   3915.2134583628626        2.20807679E-02   4.52574808E-03
   3916.6136629936382        2.66823638E-02   4.63565718E-03
   3918.0141008916571        1.75687335E-02   4.27643629E-03
   3919.4147719178241        1.83323082E-02   4.21744818E-03
   3920.8156759330441        2.52049584E-02   4.30044113E-03
   3922.2168127982218        2.66414136E-02   4.34276368E-03
   3923.6181823742618        2.86635011E-02   4.32879338E-03
   3925.0197845220696        1.84319653E-02   4.02761111E-03
   3926.4216191025489        1.51252812E-02   3.82576557E-03
   3927.8236859766057        2.49044374E-02   3.93030141E-03
   3929.2259850051437        2.50644814E-02   3.78591195E-03
   3930.6285160490688        2.20055915E-02   3.50410398E-03
   3932.0312789692848        2.41072476E-02   3.46163311E-03
   3933.4342736266972        2.24438477E-02   3.35175684E-03
   3934.8374998822101        2.33616568E-02   3.39926872E-03
   3936.2409575967285        2.11739596E-02   3.32506723E-03
   3937.6446466311581        2.36144643E-02   3.63318808E-03
   3939.0485668464025        2.14517415E-02   3.72673571E-03
   3940.4527181033673        2.28081457E-02   3.88112338E-03
   3941.8571002629569        2.39120033E-02   3.97944450E-03
   3943.2617131860761        2.48679966E-02   3.99417290E-03
   3944.6665567336299        2.45314185E-02   4.08318033E-03
   3946.0716307665230        2.17117295E-02   4.07622382E-03
   3947.4769351456603        1.99337322E-02   3.99845047E-03
   3948.8824697319460        3.46276425E-02   4.49315505E-03
   3950.2882343862861        2.75141075E-02   4.31758165E-03
   3951.6942289695849        1.59734171E-02   3.94402351E-03
   3953.1004533427463        2.22337227E-02   4.16287128E-03
   3954.5069073666759        3.20881382E-02   4.40281024E-03
   3955.9135909022784        2.36108899E-02   4.22571553E-03
   3957.3205038104588        2.37798430E-02   4.19829180E-03
   3958.7276459521213        2.57442482E-02   4.22078138E-03
   3960.1350171881718        1.93485152E-02   3.93423624E-03
   3961.5426173795136        2.72437390E-02   4.04195534E-03
   3962.9504463870530        1.65469982E-02   3.55474651E-03
   3964.3585040716935        1.70152988E-02   3.42956441E-03
   3965.7667902943408        2.06376426E-02   3.46221612E-03
   3967.1753049158992        2.81577446E-02   3.53210070E-03
   3968.5840477972733        2.31036227E-02   3.25186597E-03
   3969.9930187993691        1.95213594E-02   3.15291993E-03
   3971.4022177830902        2.20488086E-02   3.40612815E-03
   3972.8116446093422        2.36606132E-02   3.60042858E-03
   3974.2212991390293        2.88908146E-02   3.90186417E-03
   3975.6311812330564        1.42698642E-02   3.57854483E-03
   3977.0412907523282        1.60277244E-02   3.76747572E-03
   3978.4516275577498        2.35344172E-02   4.10474790E-03
   3979.8621915102253        3.50486971E-02   4.50406736E-03
   3981.2729824706607        2.90694311E-02   4.36472846E-03
   3982.6840002999602        1.85725745E-02   4.01878450E-03
   3984.0952448590288        2.29773428E-02   4.12513781E-03
   3985.5067160087706        2.72908099E-02   4.23028274E-03
   3986.9184136100907        2.00832821E-02   4.02722834E-03
   3988.3303375238947        2.29969937E-02   4.15272173E-03
   3989.7424876110867        2.06299964E-02   4.12855949E-03
   3991.1548637325714        2.55081560E-02   4.31955047E-03
   3992.5674657492536        2.00495552E-02   4.10395162E-03
   3993.9802935220387        1.06774764E-02   3.92996287E-03
   3995.3933469118306        2.04005260E-02   4.12596855E-03
   3996.8066257795344        1.92882940E-02   3.99495196E-03
   3998.2201299860553        1.80250108E-02   4.11667908E-03
   3999.6338593922983        2.29455195E-02   4.17075073E-03
   4001.0478138591675        2.35328730E-02   4.20742901E-03
   4002.4619932475675        1.86607968E-02   4.13417071E-03
   4003.8763974184044        2.61972062E-02   4.27973410E-03
   4005.2910262325818        2.39849444E-02   4.13915049E-03
   4006.7058795510047        1.20917996E-02   3.82280024E-03
   4008.1209572345783        2.56956443E-02   4.24567750E-03
   4009.5362591442067        1.87241379E-02   4.13138978E-03
   4010.9517851407959        1.86499692E-02   4.13842779E-03
   4012.3675350852495        2.66927816E-02   4.39497456E-03
   4013.7835088384727        1.69028901E-02   4.11927281E-03
   4015.1997062613709        2.05862317E-02   4.17069672E-03
   4016.6161272148474        1.55273220E-02   4.07441333E-03
   4018.0327715598087        2.43964493E-02   4.22821566E-03
   4019.4496391571588        1.58580896E-02   4.06223629E-03
   4020.8667298678024        2.39245705E-02   4.20258474E-03
   4022.2840435526446        2.39534229E-02   4.27227141E-03
   4023.7015800725899        2.70053130E-02   4.30430053E-03
   4025.1193392885430        2.09141187E-02   4.17476054E-03
   4026.5373210614093        1.48190763E-02   4.01405711E-03
   4027.9555252520931        2.00977549E-02   4.15952085E-03
   4029.3739517214995        2.56128386E-02   4.23949398E-03
   4030.7926003305329        2.93456949E-02   4.27899323E-03
   4032.2114709400985        2.33216435E-02   3.99518944E-03
   4033.6305634111013        1.98728610E-02   3.90154449E-03
   4035.0498776044451        1.90005768E-02   3.95643106E-03
   4036.4694133810358        2.84123998E-02   4.32012789E-03
   4037.8891706017776        1.99513398E-02   4.13458794E-03
   4039.3091491275754        1.84371807E-02   4.10115765E-03
   4040.7293488193341        2.72260197E-02   4.31118906E-03
   4042.1497695379585        2.71097682E-02   4.24782513E-03
   4043.5704111443533        1.82966068E-02   3.97112779E-03
   4044.9912734994232        1.73476487E-02   3.85352317E-03
   4046.4123564640731        2.14448962E-02   3.89959943E-03
   4047.8336598992082        2.12673973E-02   3.91835393E-03
   4049.2551836657326        2.10984293E-02   4.09497274E-03
   4050.6769276245518        2.14601476E-02   4.12730081E-03
   4052.0988916365700        1.74680110E-02   4.02716035E-03
   4053.5210755626922        2.43619755E-02   4.17085504E-03
   4054.9434792638235        2.29127370E-02   4.05099476E-03
   4056.3661026008676        1.70463845E-02   3.84381064E-03
   4057.7889454347310        2.00559217E-02   3.95110715E-03
   4059.2120076263172        1.60824787E-02   3.90999764E-03
   4060.6352890365315        1.55870598E-02   3.90351866E-03
   4062.0587895262793        1.51432138E-02   3.80869047E-03
   4063.4825089564638        1.94848906E-02   3.85198300E-03
   4064.9064471879910        1.83192492E-02   3.75030795E-03
   4066.3306040817656        1.95889138E-02   3.83790745E-03
   4067.7549794986921        2.83857509E-02   4.20876965E-03
   4069.1795732996757        1.94230955E-02   3.92654352E-03
   4070.6043853456208        2.16565020E-02   3.98666319E-03
   4072.0294154974322        1.84294786E-02   3.87660717E-03
   4073.4546636160148        1.17243687E-02   3.68978269E-03
   4074.8801295622734        1.57211088E-02   3.81570472E-03
   4076.3058131971129        1.59431119E-02   3.84106766E-03
   4077.7317143814380        2.07331050E-02   3.88054596E-03
   4079.1578329761533        2.78258044E-02   4.05314565E-03
   4080.5841688421642        1.47815021E-02   3.84756876E-03
   4082.0107218403750        2.22488604E-02   4.02338430E-03
   4083.4374918316907        1.86188854E-02   3.96900531E-03
   4084.8644786770160        2.55607069E-02   4.11128812E-03
   4086.2916822372554        2.50745155E-02   4.10301564E-03
   4087.7191023733144        2.04252079E-02   4.04398423E-03
   4089.1467389460972        1.51744196E-02   3.95456795E-03
   4090.5745918165089        2.70977635E-02   4.22298769E-03
   4092.0026608454541        2.19744332E-02   4.03861189E-03
   4093.4309458938378        2.74479222E-02   4.19011712E-03
   4094.8594468225647        2.31104530E-02   3.97668732E-03
   4096.2881634925398        2.25681700E-02   4.00870293E-03
   4097.7170957646676        1.73559077E-02   3.73062771E-03
   4099.1462434998530        2.10514572E-02   3.76648712E-03
   4100.5756065590003        2.14573219E-02   3.72788520E-03
   4102.0051848030153        1.87684242E-02   3.60898860E-03
   4103.4349780928023        1.94720868E-02   3.60489008E-03
   4104.8649862892662        1.64203737E-02   3.66156735E-03
   4106.2952092533114        2.18557473E-02   3.87391355E-03
   4107.7256468458427        1.99245811E-02   3.86322103E-03
   4109.1562989277663        2.03716159E-02   3.93196987E-03
   4110.5871653599852        1.76074449E-02   3.83869675E-03
   4112.0182460034048        1.57175735E-02   3.82982520E-03
   4113.4495407189306        1.83619913E-02   3.89980432E-03
   4114.8810493674655        2.96446718E-02   4.21271427E-03
   4116.3127718099167        1.89457815E-02   4.02906444E-03
   4117.7447079071871        2.46524420E-02   4.06840723E-03
   4119.1768575201831        2.69393269E-02   4.10475070E-03
   4120.6092205098093        1.94647294E-02   3.90535360E-03
   4122.0417967369685        2.47554369E-02   4.00438253E-03
   4123.4745860625671        1.67584363E-02   3.83796659E-03
   4124.9075883475098        2.12287456E-02   3.97138856E-03
   4126.3408034527019        2.28905380E-02   4.01841057E-03
   4127.7742312390474        1.68272518E-02   3.80687183E-03
   4129.2078715674506        2.25705951E-02   3.98952048E-03
   4130.6417242988173        1.48269804E-02   3.69319785E-03
   4132.0757892940528        2.56511215E-02   3.96761997E-03
   4133.5100664140609        1.94953103E-02   3.78104905E-03
   4134.9445555197453        2.13946309E-02   3.84903862E-03
   4136.3792564720134        2.70749908E-02   4.03221278E-03
   4137.8141691317678        2.43680906E-02   4.06757789E-03
   4139.2492933599151        2.08572615E-02   4.01116023E-03
   4140.6846290173580        1.86610371E-02   3.89683596E-03
   4142.1201759650039        1.49052888E-02   3.69441975E-03
   4143.5559340637556        1.97772570E-02   3.74974101E-03
   4144.9919031745176        1.97666138E-02   3.78387701E-03
   4146.4280831581964        2.30706688E-02   3.91709618E-03
   4147.8644738756957        2.14945450E-02   3.94742656E-03
   4149.3010751879210        1.72616336E-02   3.79380630E-03
   4150.7378869557760        2.31035911E-02   3.90817318E-03
   4152.1749090401663        1.73202325E-02   3.78394406E-03
   4153.6121413019982        2.17026770E-02   3.78785445E-03
   4155.0495836021728        1.52054019E-02   3.66047048E-03
   4156.4872358015973        2.09770780E-02   3.78328469E-03
   4157.9250977611773        2.23177094E-02   3.89434700E-03
   4159.3631693418156        1.53104952E-02   3.74353677E-03
   4160.8014504044186        1.57331806E-02   3.75112332E-03
   4162.2399408098890        1.11382194E-02   3.71432398E-03
   4163.6786404191344        1.72556322E-02   3.87680344E-03
   4165.1175490930573        1.55285392E-02   3.81911895E-03
   4166.5566666925633        1.62750073E-02   3.81605932E-03
   4167.9959930785581        2.19942331E-02   3.94291384E-03
   4169.4355281119451        1.96556449E-02   3.82704847E-03
   4170.8752716536292        2.28266027E-02   3.92917078E-03
   4172.3152235645166        1.68611091E-02   3.70723195E-03
   4173.7553837055102        1.64388195E-02   3.65481060E-03
   4175.1957519375164        2.27800962E-02   3.82202980E-03
   4176.6363281214390        1.93118043E-02   3.72541533E-03
   4178.0771121181842        2.29180809E-02   3.82788642E-03
   4179.5181037886550        1.86214428E-02   3.77033255E-03
   4180.9593029937569        2.25614756E-02   3.85535276E-03
   4182.4007095943944        2.34378371E-02   3.86764971E-03
   4183.8423234514730        2.28980705E-02   3.86815728E-03
   4185.2841444258975        2.44322401E-02   3.86260054E-03
   4186.7261723785723        1.22109856E-02   3.55373346E-03
   4188.1684071704021        1.71991158E-02   3.63308215E-03
   4189.6108486622916        2.45129112E-02   3.84831708E-03
   4191.0534967151461        1.86120588E-02   3.80084245E-03
   4192.4963511898704        2.13191286E-02   3.86269088E-03
   4193.9394119473691        2.25056186E-02   3.87903932E-03
   4195.3826788485458        2.14365106E-02   3.81867471E-03
   4196.8261517543078        1.70041602E-02   3.61654791E-03
   4198.2698305255572        2.07036845E-02   3.64032155E-03
   4199.7137150232011        2.18399856E-02   3.69766192E-03
   4201.1578051081433        1.72111653E-02   3.56400106E-03
   4202.6021006412884        2.19707638E-02   3.70059512E-03
   4204.0466014835420        2.23286953E-02   3.82793043E-03
   4205.4913074958085        2.15509050E-02   3.80270369E-03
   4206.9362185389909        2.35292055E-02   3.95161519E-03
   4208.3813344739974        1.81419235E-02   3.75941698E-03
   4209.8266551617298        2.92794108E-02   4.01783688E-03
   4211.2721804630946        2.96703391E-02   4.06615669E-03
   4212.7179102389964        2.07448360E-02   3.84835689E-03
   4214.1638443503398        2.07757801E-02   3.79497861E-03
   4215.6099826580294        1.86305139E-02   3.71903810E-03
   4217.0563250229698        2.18201280E-02   3.74260405E-03
   4218.5028713060665        1.98158175E-02   3.71983647E-03
   4219.9496213682241        3.21430601E-02   4.11652261E-03
   4221.3965750703464        1.65741425E-02   3.74217192E-03
   4222.8437322733398        2.35053562E-02   3.87814781E-03
   4224.2910928381089        2.12396607E-02   3.69621348E-03
   4225.7386566255573        2.80340146E-02   3.67942499E-03
   4227.1864234965897        2.12523956E-02   3.49513139E-03
   4228.6343933121116        2.04644725E-02   3.53797711E-03
   4230.0825659330285        1.98085997E-02   3.68542387E-03
   4231.5309412202450        2.63431109E-02   3.92601127E-03
   4232.9795190346649        2.18468271E-02   3.79160582E-03
   4234.4282992371936        2.35258322E-02   3.78486188E-03
   4235.8772816887358        2.00069994E-02   3.64753441E-03
   4237.3264662501961        2.16937978E-02   3.68972588E-03
   4238.7758527824799        1.94517933E-02   3.57874646E-03
   4240.2254411464919        2.60788836E-02   3.85515182E-03
   4241.6752312031349        2.62953211E-02   3.84201831E-03
   4243.1252228133171        1.85663085E-02   3.64964106E-03
   4244.5754158379414        2.58862190E-02   3.84208304E-03
   4246.0258101379131        2.04375926E-02   3.71035025E-03
   4247.4764055741362        2.16583069E-02   3.73284286E-03
   4248.9272020075150        2.02508587E-02   3.58537119E-03
   4250.3781992989570        1.74751449E-02   3.51304980E-03
   4251.8293973093641        2.16215998E-02   3.62583040E-03
   4253.2807958996436        2.16343049E-02   3.64012504E-03
   4254.7323949306983        2.35697422E-02   3.75555479E-03
   4256.1841942634337        1.94054656E-02   3.58793000E-03
   4257.6361937587544        2.72553600E-02   3.76543426E-03
   4259.0883932775660        1.52115151E-02   3.48000159E-03
   4260.5407926807720        2.24117078E-02   3.58605455E-03
   4261.9933918292791        1.62439272E-02   3.47921113E-03
   4263.4461905839898        2.51410026E-02   3.76051036E-03
   4264.8991888058099        2.24703290E-02   3.78263928E-03
   4266.3523863556447        2.20246520E-02   3.74410464E-03
   4267.8057830943990        2.32694820E-02   3.75966961E-03
   4269.2593788829763        1.99284181E-02   3.54715809E-03
   4270.7131735822832        2.28125006E-02   3.56566161E-03
   4272.1671670532232        2.52484698E-02   3.56694940E-03
   4273.6213591567011        2.13455018E-02   3.45178088E-03
   4275.0757497536233        2.06654314E-02   3.51653155E-03
   4276.5303387048925        2.23210901E-02   3.63256037E-03
   4277.9851258714152        2.01206766E-02   3.61849717E-03
   4279.4401111140942        2.17689518E-02   3.65022058E-03
   4280.8952942938358        2.00986117E-02   3.61031014E-03
   4282.3506752715448        1.96488127E-02   3.57776787E-03
   4283.8062539081257        2.03411635E-02   3.63230566E-03
   4285.2620300644840        2.99433880E-02   3.81905260E-03
   4286.7180036015225        1.97539274E-02   3.56073165E-03
   4288.1741743801476        1.57612897E-02   3.36663658E-03
   4289.6305422612650        2.37645637E-02   3.56644858E-03
   4291.0871071057763        2.60434374E-02   3.66796483E-03
   4292.5438687745900        2.16293354E-02   3.49659310E-03
   4294.0008271286079        1.70773827E-02   3.42586823E-03
   4295.4579820287372        2.05661189E-02   3.51766031E-03
   4296.9153333358809        2.01471169E-02   3.42725217E-03
   4298.3728809109443        1.84914265E-02   3.26095428E-03
   4299.8306246148331        1.72426142E-02   3.19285365E-03
   4301.2885643084510        2.17087250E-02   3.22580314E-03
   4302.7466998527034        2.21592244E-02   3.33222863E-03
   4304.2050311084940        1.95270441E-02   3.20856855E-03
   4305.6635579367303        1.95386820E-02   3.23483488E-03
   4307.1222801983140        1.71587244E-02   3.10219964E-03
   4308.5811977541507        2.44212449E-02   3.27221537E-03
   4310.0403104651468        1.89785026E-02   3.12999683E-03
   4311.4996181922061        2.03021858E-02   3.27444682E-03
   4312.9591207962321        1.62611865E-02   3.24238022E-03
   4314.4188181381314        1.36708571E-02   3.31835309E-03
   4315.8787100788086        2.16274392E-02   3.77586926E-03
   4317.3387964791673        2.06143018E-02   3.75039037E-03
   4318.7990772001140        2.42931936E-02   3.91754648E-03
   4320.2595521025514        2.52862945E-02   3.88071337E-03
   4321.7202210473861        2.16780379E-02   3.70162516E-03
   4323.1810838955225        2.30769031E-02   3.61257093E-03
   4324.6421405078654        2.24912036E-02   3.46109387E-03
   4326.1033907453184        3.05355228E-02   3.60035570E-03
   4327.5648344687870        2.73940563E-02   3.64972535E-03
   4329.0264715391786        2.24958658E-02   3.63651616E-03
   4330.4883018173932        1.99514888E-02   3.71727720E-03
   4331.9503251643391        2.75389943E-02   3.84240318E-03
   4333.4125414409200        2.26942375E-02   3.73967085E-03
   4334.8749505080405        1.75081100E-02   3.59245553E-03
   4336.3375522266060        2.19838861E-02   3.65100917E-03
   4337.8003464575204        2.69498806E-02   3.64083680E-03
   4339.2633330616909        2.06966531E-02   3.31734354E-03
   4340.7265119000185        2.33191084E-02   3.35517689E-03
   4342.1898828334106        2.02554446E-02   3.35210725E-03
   4343.6534457227717        2.02021990E-02   3.44182691E-03
   4345.1172004290056        2.00730581E-02   3.57652036E-03
   4346.5811468130178        1.40777221E-02   3.42965173E-03
   4348.0452847357137        2.12096740E-02   3.67195345E-03
   4349.5096140579963        2.58466192E-02   3.78359784E-03
   4350.9741346407727        1.69678777E-02   3.46207689E-03
   4352.4388463449468        1.77233908E-02   3.43246525E-03
   4353.9037490314222        2.26701982E-02   3.58626340E-03
   4355.3688425611053        2.05819532E-02   3.58846458E-03
   4356.8341267948990        2.69322935E-02   3.73122119E-03
   4358.2996015937115        1.98383313E-02   3.56959691E-03
   4359.7652668184437        1.28414296E-02   3.45441955E-03
   4361.2311223300021        2.51188893E-02   3.72084160E-03
   4362.6971679892922        2.02021040E-02   3.65248020E-03
   4364.1634036572186        1.55152632E-02   3.56365135E-03
   4365.6298291946850        1.73807312E-02   3.56322993E-03
   4367.0964444625979        2.40337998E-02   3.72007443E-03
   4368.5632493218591        2.35719755E-02   3.66271893E-03
   4370.0302436333759        1.71408877E-02   3.52164730E-03
   4371.4974272580539        2.10929122E-02   3.55372857E-03
   4372.9648000567959        2.07136553E-02   3.54109495E-03
   4374.4323618905073        1.47070922E-02   3.34862736E-03
   4375.9001126200928        2.38501430E-02   3.56524764E-03
   4377.3680521064571        2.01007910E-02   3.52628855E-03
   4378.8361802105055        2.30765603E-02   3.63042299E-03
   4380.3044967931428        2.40042713E-02   3.62617848E-03
   4381.7730017152726        2.37978958E-02   3.52747017E-03
   4383.2416948378013        1.53201167E-02   3.17037245E-03
   4384.7105760216336        2.07517259E-02   3.31738079E-03
   4386.1796451276732        2.07482837E-02   3.35087674E-03
   4387.6489020168246        2.21709982E-02   3.47095053E-03
   4389.1183465499944        2.30747703E-02   3.53236985E-03
   4390.5879785880870        2.12538484E-02   3.48198251E-03
   4392.0577979920054        1.95837151E-02   3.51632340E-03
   4393.5278046226567        2.02806480E-02   3.51765752E-03
   4394.9979983409439        1.42650064E-02   3.39313364E-03
   4396.4683790077725        2.00259276E-02   3.54819559E-03
   4397.9389464840478        1.67793129E-02   3.45885032E-03
   4399.4097006306738        2.05398947E-02   3.52811324E-03
   4400.8806413085567        1.75587088E-02   3.46367853E-03
   4402.3517683785985        1.94151886E-02   3.47332703E-03
   4403.8230817017065        2.13942900E-02   3.47298733E-03
   4405.2945811387845        1.68828759E-02   3.37931281E-03
   4406.7662665507378        1.68819316E-02   3.34324129E-03
   4408.2381377984711        2.26407070E-02   3.52938287E-03
   4409.7101947428882        2.54505444E-02   3.72026092E-03
   4411.1824372448955        1.81406345E-02   3.59013746E-03
   4412.6548651653966        1.57996416E-02   3.52373882E-03
   4414.1274783652971        1.53339263E-02   3.46648018E-03
   4415.6002767055015        1.81150455E-02   3.48506379E-03
   4417.0732600469146        2.07871720E-02   3.52310343E-03
   4418.5464282504408        2.07993314E-02   3.58056626E-03
   4420.0197811769849        1.35171982E-02   3.48384678E-03
   4421.4933186874523        1.18771112E-02   3.41574894E-03
   4422.9670406427476        1.84611920E-02   3.54868430E-03
   4424.4409469037764        1.37886396E-02   3.45189706E-03
   4425.9150373314415        2.31649484E-02   3.64324986E-03
   4427.3893117866492        1.67235527E-02   3.52616678E-03
   4428.8637701303032        2.06435677E-02   3.61211924E-03
   4430.3384122233092        2.15170048E-02   3.61974258E-03
   4431.8132379265726        2.16474701E-02   3.61512811E-03
   4433.2882471009971        1.99279264E-02   3.54072475E-03
   4434.7634396074873        1.86726525E-02   3.45183187E-03
   4436.2388153069487        2.37362087E-02   3.65038868E-03
   4437.7143740602860        1.85695533E-02   3.53229488E-03
   4439.1901157284046        1.59346815E-02   3.52277560E-03
   4440.6660401722074        1.70835759E-02   3.52608669E-03
   4442.1421472526008        2.18980145E-02   3.59590375E-03
   4443.6184368304894        1.86920520E-02   3.55221564E-03
   4445.0949087667777        2.63899025E-02   3.70589714E-03
   4446.5715629223714        1.88772995E-02   3.59628606E-03
   4448.0483991581732        2.07084585E-02   3.66113661E-03
   4449.5254173350895        2.23495848E-02   3.69466096E-03
   4451.0026173140250        3.16654220E-02   3.87313752E-03
   4452.4799989558851        1.80574320E-02   3.55385966E-03
   4453.9575621215736        2.12949775E-02   3.56998877E-03
   4455.4353066719941        2.68893018E-02   3.64798959E-03
   4456.9132324680540        2.25488394E-02   3.54739628E-03
   4458.3913393706562        2.17224937E-02   3.51674249E-03
   4459.8696272407069        2.62705963E-02   3.65200266E-03
   4461.3480959391109        2.31858790E-02   3.55651882E-03
   4462.8267453267708        2.44096350E-02   3.62121081E-03
   4464.3055752645932        2.38251761E-02   3.67698283E-03
   4465.7845856134827        2.03236938E-02   3.60442745E-03
   4467.2637762343438        2.88087614E-02   3.77211301E-03
   4468.7431469880821        2.19287146E-02   3.60709056E-03
   4470.2226977356013        2.22987682E-02   3.61850602E-03
   4471.7024283378069        2.34822575E-02   3.69840092E-03
   4473.1823386556034        1.94060188E-02   3.66328936E-03
   4474.6624285498965        1.71606373E-02   3.61890439E-03
   4476.1426978815889        1.48894545E-02   3.56177823E-03
   4477.6231465115861        2.61614826E-02   3.80655238E-03
   4479.1037743007955        1.59162749E-02   3.53826559E-03
   4480.5845811101190        1.85371656E-02   3.54662165E-03
   4482.0655668004620        2.55924072E-02   3.71419662E-03
   4483.5467312327301        2.34526861E-02   3.65891680E-03
   4485.0280742678269        2.11267490E-02   3.65893100E-03
   4486.5095957666590        2.23429222E-02   3.75141506E-03
   4487.9912955901282        2.51467787E-02   3.75003833E-03
   4489.4731735991436        2.64614895E-02   3.71512561E-03
   4490.9552296546053        2.39205901E-02   3.72411869E-03
   4492.4374636174216        1.90649536E-02   3.58707248E-03
   4493.9198753484961        2.43555736E-02   3.76149872E-03
   4495.4024647087335        1.87356714E-02   3.56693636E-03
   4496.8852315590375        2.46458631E-02   3.73654650E-03
   4498.3681757603154        2.48277076E-02   3.76200443E-03
   4499.8512971734708        1.90811884E-02   3.65428091E-03
   4501.3345956594076        2.33396944E-02   3.75842326E-03
   4502.8180710790321        1.76006816E-02   3.62327648E-03
   4504.3017232932480        2.08671242E-02   3.69419274E-03
   4505.7855521629599        2.30597910E-02   3.78597551E-03
   4507.2695575490743        1.80861764E-02   3.65156261E-03
   4508.7537393124940        2.59949081E-02   3.83124757E-03
   4510.2380973141253        1.44834751E-02   3.54816555E-03
   4511.7226314148711        2.66438238E-02   3.81006463E-03
   4513.2073414756396        2.70650443E-02   3.81445256E-03
   4514.6922273573318        1.75644998E-02   3.59857338E-03
   4516.1772889208542        1.92553159E-02   3.64293787E-03
   4517.6625260271121        2.26931162E-02   3.69006419E-03
   4519.1479385370094        2.34410223E-02   3.71714542E-03
   4520.6335263114524        2.17719488E-02   3.69159458E-03
   4522.1192892113431        1.75389368E-02   3.63970152E-03
   4523.6052270975879        2.33740490E-02   3.73305799E-03
   4525.0913398310931        2.06221584E-02   3.65535426E-03
   4526.5776272727617        1.86193846E-02   3.51800630E-03
   4528.0640892834990        2.22272426E-02   3.57768987E-03
   4529.5507257242080        2.06925850E-02   3.51429218E-03
   4531.0375364557967        1.78868156E-02   3.46957077E-03
   4532.5245213391690        1.58872958E-02   3.42442119E-03
   4534.0116802352268        2.01661419E-02   3.51753039E-03
   4535.4990130048791        2.28576306E-02   3.62628326E-03
   4536.9865195090279        1.90807171E-02   3.51260486E-03
   4538.4741996085786        2.81493422E-02   3.81079875E-03
   4539.9620531644368        1.88901424E-02   3.59259546E-03
   4541.4500800375072        2.46934872E-02   3.68813029E-03
   4542.9382800886933        2.61486471E-02   3.77681688E-03
   4544.4266531789008        1.97395366E-02   3.61389876E-03
   4545.9151991690351        2.06379704E-02   3.61136533E-03
   4547.4039179199990        1.88610107E-02   3.53616383E-03
   4548.8928092926999        1.65495593E-02   3.44766025E-03
   4550.3818731480414        1.72097664E-02   3.51691269E-03
   4551.8711093469274        2.68859044E-02   3.68240895E-03
   4553.3605177502641        2.16378551E-02   3.60553479E-03
   4554.8500982189553        2.24515926E-02   3.58592626E-03
   4556.3398506139074        2.47792844E-02   3.65276681E-03
   4557.8297747960223        2.34112702E-02   3.65752773E-03
   4559.3198706262083        1.84026416E-02   3.62367765E-03
   4560.8101379653672        2.26546507E-02   3.71317775E-03
   4562.3005766744054        2.06667148E-02   3.64477187E-03
   4563.7911866142267        2.55987328E-02   3.67658678E-03
   4565.2819676457384        1.96243469E-02   3.53915012E-03
   4566.7729196298415        2.18627416E-02   3.60107934E-03
   4568.2640424274432        2.00897641E-02   3.57361347E-03
   4569.7553358994483        2.15205513E-02   3.59406578E-03
   4571.2467999067612        2.19690781E-02   3.61412996E-03
   4572.7384343102858        2.58465465E-02   3.68815125E-03
   4574.2302389709284        2.53600385E-02   3.65453027E-03
   4575.7222137495928        1.89293586E-02   3.58542544E-03
   4577.2143585071844        1.91367678E-02   3.57421464E-03
   4578.7066731046079        2.56880857E-02   3.66966845E-03
   4580.1991574027670        1.49103124E-02   3.39514297E-03
   4581.6918112625681        1.93606429E-02   3.45050474E-03
   4583.1846345449158        1.91396419E-02   3.48307146E-03
   4584.6776271107137        2.98748054E-02   3.75933666E-03
   4586.1707888208684        2.71156002E-02   3.60263046E-03
   4587.6641195362827        2.64971070E-02   3.66694666E-03
   4589.1576191178619        1.96461268E-02   3.56562925E-03
   4590.6512874265118        2.26193480E-02   3.60576273E-03
   4592.1451243231368        1.50771597E-02   3.40233394E-03
   4593.6391296686406        1.88881531E-02   3.44264251E-03
   4595.1333033239307        2.39053871E-02   3.56839318E-03
   4596.6276451499079        1.73300412E-02   3.40536190E-03
   4598.1221550074815        2.00188607E-02   3.50086112E-03
   4599.6168327575524        2.24510301E-02   3.51176760E-03
   4601.1116782610270        9.92636196E-03   3.26500204E-03
   4602.6066913788100        2.37449110E-02   3.58611299E-03
   4604.1018719718077        1.54262949E-02   3.34659265E-03
   4605.5972199009220        1.92846358E-02   3.44824349E-03
   4607.0927350270604        1.75149851E-02   3.44554428E-03
   4608.5884172111255        1.92888789E-02   3.52835818E-03
   4610.0842663140238        2.02626511E-02   3.49871023E-03
   4611.5802821966599        1.07128974E-02   3.28852725E-03
   4613.0764647199367        2.17444636E-02   3.49547178E-03
   4614.5728137447613        2.22776886E-02   3.53392260E-03
   4616.0693291320367        1.89416260E-02   3.50428163E-03
   4617.5660107426702        1.81993898E-02   3.44986026E-03
   4619.0628584375636        1.85043514E-02   3.47298197E-03
   4620.5598720776234        1.73587706E-02   3.42025631E-03
   4622.0570515237550        1.86691266E-02   3.44607467E-03
   4623.5543966368623        2.08777990E-02   3.51924449E-03
   4625.0519072778479        2.08395626E-02   3.53578455E-03
   4626.5495833076211        1.40338643E-02   3.36050661E-03
   4628.0474245870837        2.16615312E-02   3.49363429E-03
   4629.5454309771412        2.43218765E-02   3.60852038E-03
   4631.0436023386983        2.11692024E-02   3.52896773E-03
   4632.5419385326595        2.27272604E-02   3.51643446E-03
   4634.0404394199304        2.67530195E-02   3.61818331E-03
   4635.5391048614156        1.88508872E-02   3.42006586E-03
   4637.0379347180196        2.61429250E-02   3.58660193E-03
   4638.5369288506472        2.47500073E-02   3.55193438E-03
   4640.0360871202029        2.71105841E-02   3.58707085E-03
   4641.5354093875931        2.70889830E-02   3.58204590E-03
   4643.0348955137197        2.28002463E-02   3.51779466E-03
   4644.5345453594909        1.84431858E-02   3.40492674E-03
   4646.0343587858088        1.97177082E-02   3.37639963E-03
   4647.5343356535795        1.71050727E-02   3.27703333E-03
   4649.0344758237070        2.10153256E-02   3.41777713E-03
   4650.5347791570966        1.96817629E-02   3.40173231E-03
   4652.0352455146531        1.75642222E-02   3.37207550E-03
   4653.5358747572818        2.15773974E-02   3.42702842E-03
   4655.0366667458866        1.19767282E-02   3.21335904E-03
   4656.5376213413738        1.70012694E-02   3.34144593E-03
   4658.0387384046453        2.45453175E-02   3.59027786E-03
   4659.5400177966085        2.17687115E-02   3.52832256E-03
   4661.0414593781679        1.98641215E-02   3.47431912E-03
   4662.5430630102264        1.79506671E-02   3.36334459E-03
   4664.0448285536922        1.90355685E-02   3.36469850E-03
   4665.5467558694663        2.42893584E-02   3.45832831E-03
   4667.0488448184560        2.04174817E-02   3.32102343E-03
   4668.5510952615650        2.48546991E-02   3.38360295E-03
   4670.0535070596989        2.08076946E-02   3.39318323E-03
   4671.5560800737621        2.14804467E-02   3.39021115E-03
   4673.0588141646585        2.31205914E-02   3.50385415E-03
   4674.5617091932945        2.08995659E-02   3.41846724E-03
   4676.0647650205747        2.45951414E-02   3.54874344E-03
   4677.5679815074027        2.01545656E-02   3.41473497E-03
   4679.0713585146841        2.13015247E-02   3.44364136E-03
   4680.5748959033235        1.64574422E-02   3.24484939E-03
   4682.0785935342255        2.25467272E-02   3.43900197E-03
   4683.5824512682957        1.69414878E-02   3.33203189E-03
   4685.0864689664377        2.46734116E-02   3.49864247E-03
   4686.5906464895579        2.31384542E-02   3.49352718E-03
   4688.0949836985592        2.57278811E-02   3.52146314E-03
   4689.5994804543479        2.69143544E-02   3.53672961E-03
   4691.1041366178279        2.44988315E-02   3.47381015E-03
   4692.6089520499054        2.42627785E-02   3.47818085E-03
   4694.1139266114833        1.86324511E-02   3.38103087E-03
   4695.6190601634671        2.05582939E-02   3.40268505E-03
   4697.1243525667624        1.90170202E-02   3.41737224E-03
   4698.6298036822727        2.52863411E-02   3.45046679E-03
   4700.1354133709037        2.09516548E-02   3.38053470E-03
   4701.6411814935600        1.56777035E-02   3.20486980E-03
   4703.1471079111461        2.68104468E-02   3.48517369E-03
   4704.6531924845676        2.53230166E-02   3.47386464E-03
   4706.1594350747291        2.43416540E-02   3.43739893E-03
   4707.6658355425334        1.97967794E-02   3.32420762E-03
   4709.1723937488887        2.27229614E-02   3.44116963E-03
   4710.6791095546969        2.05964167E-02   3.39636393E-03
   4712.1859828208644        1.80016104E-02   3.33227054E-03
   4713.6930134082950        1.90234967E-02   3.36981681E-03
   4715.2002011778950        2.51521170E-02   3.50399665E-03
   4716.7075459905682        2.21239757E-02   3.44035728E-03
   4718.2150477072191        1.76177677E-02   3.38024250E-03
   4719.7227061887525        1.94952972E-02   3.42920027E-03
   4721.2305212960746        2.32069008E-02   3.53194238E-03
   4722.7384928900883        2.56649218E-02   3.55003821E-03
   4724.2466208316982        2.13429630E-02   3.47563485E-03
   4725.7549049818126        1.46061471E-02   3.33747012E-03
   4727.2633452013315        2.54704766E-02   3.52012110E-03
   4728.7719413511632        2.07895078E-02   3.36768106E-03
   4730.2806932922113        1.74487457E-02   3.26833804E-03
   4731.7896008853804        2.28482969E-02   3.39874113E-03
   4733.2986639915753        1.89518128E-02   3.34742200E-03
   4734.8078824717022        2.22529620E-02   3.43670393E-03
   4736.3172561866641        1.55497016E-02   3.27482121E-03
   4737.8267849973663        1.92114301E-02   3.34261265E-03
   4739.3364687647136        2.08147056E-02   3.38854338E-03
   4740.8463073496114        1.54738855E-02   3.29601066E-03
   4742.3563006129634        2.07371879E-02   3.43875703E-03
   4743.8664484156752        1.75402407E-02   3.35484673E-03
   4745.3767506186523        2.10697558E-02   3.46023845E-03
   4746.8872070827974        1.92931499E-02   3.42417858E-03
   4748.3978176690161        2.12763883E-02   3.48857488E-03
   4749.9085822382149        1.70752741E-02   3.33161326E-03
   4751.4195006512973        1.86060369E-02   3.35643743E-03
   4752.9305727691681        1.57448333E-02   3.28721292E-03
   4754.4417984527308        2.09474489E-02   3.39962286E-03
   4755.9531775628939        1.76104866E-02   3.29284347E-03
   4757.4647099605572        2.29697283E-02   3.43442755E-03
   4758.9763955066292        1.98529623E-02   3.38784489E-03
   4760.4882340620143        1.77756455E-02   3.33989342E-03
   4762.0002254876163        2.00103763E-02   3.36454273E-03
   4763.5123696443397        1.87203977E-02   3.31878313E-03
   4765.0246663930911        1.80041902E-02   3.25778546E-03
   4766.5371155947732        1.98709369E-02   3.35024111E-03
   4768.0497171102916        1.97198708E-02   3.33534041E-03
   4769.5624708005516        2.18428392E-02   3.43211205E-03
   4771.0753765264581        1.83674507E-02   3.33977723E-03
   4772.5884341489145        1.66382641E-02   3.31501709E-03
   4774.1016435288275        1.85637269E-02   3.38072982E-03
   4775.6150045270997        1.87558457E-02   3.39644705E-03
   4777.1285170046376        2.24778838E-02   3.49230575E-03
   4778.6421808223458        1.30957570E-02   3.27856187E-03
   4780.1559958411290        1.30577860E-02   3.25957639E-03
   4781.6699619218907        2.36974824E-02   3.51074850E-03
   4783.1840789255384        1.82645172E-02   3.32511170E-03
   4784.6983467129739        1.52611462E-02   3.25366948E-03
   4786.2127651451037        1.78954806E-02   3.29652219E-03
   4787.7273340828333        2.23923791E-02   3.40261310E-03
   4789.2420533870654        1.75750311E-02   3.31694842E-03
   4790.7569229187056        1.08215092E-02   3.12030828E-03
   4792.2719425386604        1.62942801E-02   3.33341979E-03
   4793.7871121078324        2.02247798E-02   3.41626606E-03
   4795.3024314871273        1.65077802E-02   3.37552163E-03
   4796.8179005374495        1.78980455E-02   3.37691978E-03
   4798.3335191197057        1.48716345E-02   3.29592964E-03
   4799.8492870947975        1.99231245E-02   3.39860469E-03
   4801.3652043236307        1.71466544E-02   3.31904623E-03
   4802.8812706671124        1.96570009E-02   3.37869604E-03
   4804.3974859861446        1.28398426E-02   3.24074109E-03
   4805.9138501416337        1.61005743E-02   3.30931670E-03
   4807.4303629944825        1.88023765E-02   3.35269212E-03
   4808.9470244055992        1.56076737E-02   3.25673306E-03
   4810.4638342358867        1.53220538E-02   3.27739469E-03
   4811.9807923462495        1.51261082E-02   3.31127201E-03
   4813.4978985975922        1.12991789E-02   3.19082057E-03
   4815.0151528508204        1.38996448E-02   3.27480165E-03
   4816.5325549668378        1.97445266E-02   3.39985848E-03
   4818.0501048065507        1.79938413E-02   3.36125214E-03
   4819.5678022308630        1.60032623E-02   3.31261661E-03
   4821.0856471006800        2.00102497E-02   3.39710014E-03
   4822.6036392769065        1.78321172E-02   3.32893920E-03
   4824.1217786204461        1.98081248E-02   3.37942922E-03
   4825.6400649922043        1.32460315E-02   3.22536402E-03
   4827.1584982530867        1.79484989E-02   3.30743217E-03
   4828.6770782639978        1.53866680E-02   3.27853626E-03
   4830.1958048858414        2.25876644E-02   3.45018809E-03
   4831.7146779795230        1.21317739E-02   3.17191333E-03
   4833.2336974059481        1.73594765E-02   3.30921821E-03
   4834.7528630260203        1.97436679E-02   3.33670690E-03
   4836.2721747006453        1.79693252E-02   3.34766484E-03
   4837.7916322907267        2.21214369E-02   3.42598720E-03
   4839.3112356571710        1.81965493E-02   3.32754897E-03
   4840.8309846608818        2.43342966E-02   3.37544014E-03
   4842.3508791627637        2.65997015E-02   3.48776812E-03
   4843.8709190237232        2.50870716E-02   3.46530136E-03
   4845.3911041046622        2.52145231E-02   3.44370538E-03
   4846.9114342664880        2.46673115E-02   3.44804674E-03
   4848.4319093701042        2.65626889E-02   3.43733910E-03
   4849.9525292764165        2.43677255E-02   3.41411494E-03
   4851.4732938463294        2.68578418E-02   3.49726761E-03
   4852.9942029407466        2.82808077E-02   3.50874499E-03
   4854.5152564205746        2.04995964E-02   3.26943584E-03
   4856.0364541467170        2.12168582E-02   3.27832461E-03
   4857.5577959800785        2.09630057E-02   3.16650607E-03
   4859.0792817815645        2.46015042E-02   3.21121351E-03
   4860.6009114120798        1.96343213E-02   2.99249217E-03
   4862.1226847325288        1.94270574E-02   2.95405067E-03
   4863.6446016038180        1.40812993E-02   2.89072376E-03
   4865.1666618868494        2.19489057E-02   3.20073124E-03
   4866.6888654425293        1.95279475E-02   3.21071944E-03
   4868.2112121317623        2.33174954E-02   3.30848619E-03
   4869.7337018154540        2.18421947E-02   3.25231720E-03
   4871.2563343545071        2.02711523E-02   3.20497411E-03
   4872.7791096098290        2.60507129E-02   3.31701688E-03
   4874.3020274423234        2.22610161E-02   3.23950965E-03
   4875.8250877128939        2.37077139E-02   3.32370540E-03
   4877.3482902824471        2.80648153E-02   3.44984606E-03
   4878.8716350118866        2.53106412E-02   3.43760429E-03
   4880.3951217621179        2.76349019E-02   3.48025910E-03
   4881.9187503940466        2.19028555E-02   3.33478651E-03
   4883.4425207685745        1.45441275E-02   3.13085201E-03
   4884.9664327466098        1.63155459E-02   3.21514229E-03
   4886.4904861890545        2.13837847E-02   3.26698087E-03
   4888.0146809568159        1.72253679E-02   3.13247228E-03
   4889.5390169107968        1.22973183E-02   3.00940522E-03
   4891.0634939119036        1.62212588E-02   3.08170146E-03
   4892.5881118210400        1.58255696E-02   3.09611624E-03
   4894.1128704991115        1.36884330E-02   3.10993358E-03
   4895.6377698070228        1.62621886E-02   3.24513926E-03
   4897.1628096056775        1.98553633E-02   3.31467832E-03
   4898.6879897559829        1.88770704E-02   3.32167163E-03
   4900.2133101188410        2.32573859E-02   3.36705148E-03
   4901.7387705551573        2.63991039E-02   3.42221418E-03
   4903.2643709258382        1.87731050E-02   3.22577171E-03
   4904.7901110917865        2.19254140E-02   3.33101163E-03
   4906.3159909139085        2.29301192E-02   3.36219603E-03
   4907.8420102531081        1.51068950E-02   3.15047405E-03
   4909.3681689702917        1.97565518E-02   3.22702224E-03
   4910.8944669263610        1.85630303E-02   3.18021630E-03
   4912.4209039822244        2.45851055E-02   3.32987239E-03
   4913.9474799987829        2.11345367E-02   3.29914107E-03
   4915.4741948369447        2.04769634E-02   3.28693516E-03
   4917.0010483576134        1.75359901E-02   3.21585592E-03
   4918.5280404216937        2.08806992E-02   3.18280142E-03
   4920.0551708900903        2.23172903E-02   3.15980241E-03
   4921.5824396237076        2.44351476E-02   3.21767549E-03
   4923.1098464834504        2.10474692E-02   3.18946620E-03
   4924.6373913302250        1.81878563E-02   3.17434780E-03
   4926.1650740249333        1.84003152E-02   3.19532491E-03
   4927.6928944284837        2.17507090E-02   3.28223454E-03
   4929.2208524017788        1.90736484E-02   3.27201304E-03
   4930.7489478057241        1.53113604E-02   3.19599314E-03
   4932.2771805012235        1.92235056E-02   3.25040543E-03
   4933.8055503491823        1.51487095E-02   3.13425111E-03
   4935.3340572105062        2.16861349E-02   3.26093636E-03
   4936.8627009460988        2.18585953E-02   3.25145805E-03
   4938.3914814168656        1.35894492E-02   3.00663314E-03
   4939.9203984837113        1.86634976E-02   3.13672237E-03
   4941.4494520075395        2.04046406E-02   3.19731445E-03
   4942.9786418492567        2.02991106E-02   3.27986456E-03
   4944.5079678697666        1.57981180E-02   3.14758066E-03
   4946.0374299299756        2.17493176E-02   3.28378705E-03
   4947.5670278907855        2.02821475E-02   3.27021722E-03
   4949.0967616131038        1.37520349E-02   3.13150766E-03
   4950.6266309578350        2.04012748E-02   3.29779950E-03
   4952.1566357858837        1.29111893E-02   3.10880481E-03
   4953.6867759581528        2.32188012E-02   3.34345712E-03
   4955.2170513355486        1.87326483E-02   3.18621611E-03
   4956.7474617789767        1.81524493E-02   3.14074219E-03
   4958.2780071493416        1.86934173E-02   3.11565748E-03
   4959.8086873075463        1.80197246E-02   3.14834109E-03
   4961.3395021144979        1.80239752E-02   3.21031502E-03
   4962.8704514310994        1.53669016E-02   3.16345436E-03
   4964.4015351182570        1.63212195E-02   3.16863740E-03
   4965.9327530368755        1.74373779E-02   3.19060753E-03
   4967.4641050478585        2.09284574E-02   3.24970065E-03
   4968.9955910121116        2.29752790E-02   3.31149832E-03
   4970.5272107905384        2.12591812E-02   3.27673624E-03
   4972.0589642440464        2.55960673E-02   3.35746678E-03
   4973.5908512335373        1.42098805E-02   3.10490420E-03
   4975.1228716199175        1.48893772E-02   3.17324977E-03
   4976.6550252640918        1.80662647E-02   3.21360189E-03
   4978.1873120269647        1.71628296E-02   3.19985580E-03
   4979.7197317694418        1.70110464E-02   3.14278645E-03
   4981.2522843524266        2.40742378E-02   3.25264712E-03
   4982.7849696368248        1.56204989E-02   3.03071109E-03
   4984.3177874835401        1.20270811E-02   2.91285641E-03
   4985.8507377534788        1.89249087E-02   3.14761605E-03
   4987.3838203075447        2.19671130E-02   3.27358628E-03
   4988.9170350066433        1.83264967E-02   3.20326281E-03
   4990.4503817116783        2.67018415E-02   3.35093448E-03
   4991.9838602835553        1.81562230E-02   3.17610009E-03
   4993.5174705831796        2.28616931E-02   3.29836411E-03
   4995.0512124714551        2.20251437E-02   3.30036762E-03
   4996.5850858092872        2.55967975E-02   3.36339069E-03
   4998.1190904575797        2.07481235E-02   3.22596543E-03
   4999.6532262772380        1.89601555E-02   3.19686322E-03
   5001.1874931291686        2.73692422E-02   3.35294730E-03
   5002.7218908742725        1.56031633E-02   3.04087787E-03
   5004.2564193734579        2.43777670E-02   3.26049491E-03
   5005.7910784876285        2.41524894E-02   3.20938509E-03
   5007.3258680776889        2.12886166E-02   3.17520532E-03
   5008.8607880045429        2.36773957E-02   3.25993123E-03
   5010.3958381290977        1.61212012E-02   3.13259778E-03
   5011.9310183122570        2.48268247E-02   3.28086317E-03
   5013.4663284149246        1.49622802E-02   3.02377809E-03
   5015.0017682980060        2.60947496E-02   3.26607819E-03
   5016.5373378224058        2.08339430E-02   3.16290907E-03
   5018.0730368490304        2.26739161E-02   3.23270704E-03
   5019.6088652387816        2.10951921E-02   3.20117408E-03
   5021.1448228525669        2.16674693E-02   3.21020139E-03
   5022.6809095512899        2.09189318E-02   3.20535852E-03
   5024.2171251958553        1.73659828E-02   3.12966085E-03
   5025.7534696471685        2.07529683E-02   3.22877918E-03
   5027.2899427661341        2.36216821E-02   3.24001606E-03
   5028.8265444136568        2.49062423E-02   3.31769791E-03
   5030.3632744506403        2.26842146E-02   3.26633197E-03
   5031.9001327379910        2.58707106E-02   3.40163615E-03
   5033.4371191366145        2.58392021E-02   3.38610541E-03
   5034.9742335074134        2.41467636E-02   3.31611140E-03
   5036.5114757112933        2.44785566E-02   3.32129840E-03
   5038.0488456091580        1.49831306E-02   3.07561294E-03
   5039.5863430619147        2.01509632E-02   3.14716808E-03
   5041.1239679304663        2.54825410E-02   3.28004896E-03
   5042.6617200757182        2.11071204E-02   3.18651763E-03
   5044.1995993585761        1.98970977E-02   3.20413173E-03
   5045.7376056399426        1.96078364E-02   3.23661929E-03
   5047.2757387807242        1.61888953E-02   3.13783484E-03
   5048.8139986418255        2.02356018E-02   3.23773874E-03
   5050.3523850841511        2.49901824E-02   3.33060091E-03
   5051.8908979686057        2.10441407E-02   3.21282120E-03
   5053.4295371560938        2.09682938E-02   3.29190097E-03
   5054.9683025075201        1.08502945E-02   3.02319927E-03
   5056.5071938837909        1.55436229E-02   3.17817414E-03
   5058.0462111458091        1.28613235E-02   3.12216463E-03
   5059.5853541544811        1.72879137E-02   3.21089849E-03
   5061.1246227707115        1.98397208E-02   3.30594857E-03
   5062.6640168554040        2.50630900E-02   3.38116172E-03
   5064.2035362694633        1.52782453E-02   3.17211263E-03
   5065.7431808737947        2.52261721E-02   3.37034208E-03
   5067.2829505293039        2.22849958E-02   3.26764560E-03
   5068.8228450968945        2.15273295E-02   3.29059386E-03
   5070.3628644374712        2.26351842E-02   3.29499156E-03
   5071.9030084119413        1.75127108E-02   3.18075810E-03
   5073.4432768812057        2.00040117E-02   3.24052712E-03
   5074.9836697061728        1.84971932E-02   3.17984517E-03
   5076.5241867477444        2.10069343E-02   3.30111012E-03
   5078.0648278668277        1.44893378E-02   3.07656941E-03
   5079.6055929243257        1.78953223E-02   3.14085046E-03
   5081.1464817811438        1.78258475E-02   3.12777003E-03
   5082.6874942981867        2.26815995E-02   3.26646189E-03
   5084.2286303363608        1.85498968E-02   3.19597311E-03
   5085.7698897565688        2.38481164E-02   3.31817591E-03
   5087.3112724197154        2.01774128E-02   3.24907782E-03
   5088.8527781867069        1.94383692E-02   3.26181413E-03
   5090.3944069184481        1.77825987E-02   3.21975001E-03
   5091.9361584758417        2.18347777E-02   3.32384324E-03
   5093.4780327197959        1.96756944E-02   3.27903614E-03
   5095.0200295112118        1.93065591E-02   3.24840797E-03
   5096.5621487109966        1.88920852E-02   3.21645872E-03
   5098.1043901800540        2.18072999E-02   3.25321592E-03
   5099.6467537792905        2.36805677E-02   3.29251355E-03
   5101.1892393696080        1.73734203E-02   3.17451102E-03
   5102.7318468119147        1.95339974E-02   3.27309174E-03
   5104.2745759671125        1.46809230E-02   3.12702823E-03
   5105.8174266961068        1.90424137E-02   3.24251060E-03
   5107.3603988598034        1.55398007E-02   3.15402611E-03
   5108.9034923191066        2.12920327E-02   3.27805267E-03
   5110.4467069349221        1.71466637E-02   3.15502821E-03
   5111.9900425681526        2.09092312E-02   3.23367259E-03
   5113.5334990797046        1.83448475E-02   3.20903212E-03
   5115.0770763304827        1.43579859E-02   3.13913892E-03
   5116.6207741813914        1.98905449E-02   3.28479614E-03
   5118.1645924933364        2.02491451E-02   3.30751389E-03
   5119.7085311272203        1.37365367E-02   3.14749475E-03
   5121.2525899439497        2.24569459E-02   3.30903567E-03
   5122.7967688044282        1.43183777E-02   3.08696902E-03
   5124.3410675695623        1.92533899E-02   3.19624413E-03
   5125.8854861002546        1.89621914E-02   3.15844896E-03
   5127.4300242574118        1.49948513E-02   3.10781901E-03
   5128.9746819019392        2.19249949E-02   3.22566344E-03
   5130.5194588947388        1.81352831E-02   3.19495425E-03
   5132.0643550967170        1.63314603E-02   3.14599834E-03
   5133.6093703687784        1.83425937E-02   3.19966068E-03
   5135.1545045718294        1.82165094E-02   3.18580540E-03
   5136.6997575667729        1.74461976E-02   3.21265496E-03
   5138.2451292145133        1.90797523E-02   3.16422386E-03
   5139.7906193759582        2.66059805E-02   3.34528950E-03
   5141.3362279120092        2.01939736E-02   3.18061304E-03
   5142.8819546835730        2.30784621E-02   3.29979416E-03
   5144.4277995515522        2.23151091E-02   3.28702666E-03
   5145.9737623768551        2.20294148E-02   3.23442649E-03
   5147.5198430203836        1.56833474E-02   3.12976795E-03
   5149.0660413430442        1.63801964E-02   3.14012915E-03
   5150.6123572057404        2.04093549E-02   3.22263176E-03
   5152.1587904693788        2.23121047E-02   3.32806143E-03
   5153.7053409948612        2.63008308E-02   3.37381056E-03
   5155.2520086430950        2.10568346E-02   3.25159356E-03
   5156.7987932749838        2.03643721E-02   3.27303959E-03
   5158.3456947514333        2.20493525E-02   3.30217066E-03
   5159.8927129333488        2.39037685E-02   3.34053580E-03
   5161.4398476816323        1.86770428E-02   3.22448695E-03
   5162.9870988571920        1.30913099E-02   3.07169766E-03
   5164.5344663209298        2.41356548E-02   3.24356603E-03
   5166.0819499337513        1.95644349E-02   3.05987522E-03
   5167.6295495565637        2.64834501E-02   3.21799517E-03
   5169.1772650502689        2.67296620E-02   3.19584413E-03
   5170.7250962757726        2.00252980E-02   3.02513642E-03
   5172.2730430939791        1.78886540E-02   2.97378260E-03
   5173.8211053657951        2.53844950E-02   3.18603730E-03
   5175.3692829521233        2.13570185E-02   3.20709869E-03
   5176.9175757138692        1.96121372E-02   3.24068102E-03
   5178.4659835119382        2.38626059E-02   3.34976823E-03
   5180.0145062072343        2.20304560E-02   3.27041955E-03
   5181.5631436606627        2.50408072E-02   3.23227025E-03
   5183.1118957331282        2.72009280E-02   3.22021986E-03
   5184.6607622855345        2.51225624E-02   3.17790173E-03
   5186.2097431787888        1.97903756E-02   3.09798680E-03
   5187.7588382737940        2.43787263E-02   3.30488849E-03
   5189.3080474314547        2.16996055E-02   3.26920417E-03
   5190.8573705126773        2.24273093E-02   3.27160559E-03
   5192.4068073783656        2.06913780E-02   3.25174932E-03
   5193.9563578894240        2.03742981E-02   3.18797189E-03
   5195.5060219067582        2.30367947E-02   3.38214985E-03
   5197.0557992912718        1.99177768E-02   3.34116118E-03
   5198.6056899038704        2.43055951E-02   3.47995409E-03
   5200.1556936054603        1.69585254E-02   3.37523711E-03
   5201.7058102569436        2.58695465E-02   3.46308970E-03
   5203.2560397192256        1.91218946E-02   3.25501477E-03
   5204.8063818532128        2.45647300E-02   3.31243663E-03
   5206.3568365198098        1.88389476E-02   3.16009414E-03
   5207.9074035799194        1.99102871E-02   3.15720309E-03
   5209.4580828944481        1.78252067E-02   3.14373244E-03
   5211.0088743242986        1.75866894E-02   3.16553470E-03
   5212.5597777303792        2.15637777E-02   3.30421352E-03
   5214.1107929735917        2.41908412E-02   3.36339069E-03
   5215.6619199148427        2.50752456E-02   3.37214558E-03
   5217.2131584150347        1.87144112E-02   3.17426794E-03
   5218.7645083350762        1.75676830E-02   3.22426576E-03
   5220.3159695358681        2.00617742E-02   3.27819027E-03
   5221.8675418783178        2.29609702E-02   3.32631078E-03
   5223.4192252233306        2.03981437E-02   3.28147458E-03
   5224.9710194318077        2.14964896E-02   3.23370146E-03
   5226.5229243646572        1.23508275E-02   2.99031613E-03
   5228.0749398827829        2.19002198E-02   3.22117610E-03
   5229.6270658470894        2.53729094E-02   3.32568167E-03
   5231.1793021184812        1.45316683E-02   3.11494968E-03
   5232.7316485578640        2.11801268E-02   3.23371543E-03
   5234.2841050261422        1.72966085E-02   3.11190845E-03
   5235.8366713842215        1.86216831E-02   3.17405001E-03
   5237.3893474930037        2.11245120E-02   3.33204772E-03
   5238.9421332133970        1.48386639E-02   3.17933201E-03
   5240.4950284063052        2.29647011E-02   3.34941712E-03
   5242.0480329326319        1.92753468E-02   3.26284789E-03
   5243.6011466532827        2.49468572E-02   3.38539225E-03
   5245.1543694291631        1.70533974E-02   3.21398885E-03
   5246.7077011211759        1.75230168E-02   3.24702449E-03
   5248.2611415902293        2.07756292E-02   3.27483565E-03
   5249.8146906972243        2.08866149E-02   3.27515951E-03
   5251.3683483030691        2.05785315E-02   3.31187597E-03
   5252.9221142686656        2.05595233E-02   3.27034341E-03
   5254.4759884549194        1.85826682E-02   3.19538219E-03
   5256.0299707227368        1.72043219E-02   3.18999658E-03
   5257.5840609330207        2.42549460E-02   3.42069892E-03
   5259.1382589466775        1.98310465E-02   3.33121885E-03
   5260.6925646246118        1.89804118E-02   3.25051090E-03
   5262.2469778277273        1.98572800E-02   3.20609589E-03
   5263.8014984169286        1.90072041E-02   3.12780123E-03
   5265.3561262531211        2.26198249E-02   3.21511831E-03
   5266.9108611972106        2.33840216E-02   3.23558552E-03
   5268.4657031101015        1.84575487E-02   3.08428286E-03
   5270.0206518526966        2.05364097E-02   3.14913201E-03
   5271.5757072859033        1.92477256E-02   3.12725012E-03
   5273.1308692706261        2.08912250E-02   3.22138425E-03
   5274.6861376677680        1.87521540E-02   3.22036259E-03
   5276.2415123382343        1.99026484E-02   3.24532227E-03
   5277.7969931429307        1.95209365E-02   3.25914123E-03
   5279.3525799427616        1.36316214E-02   3.12170945E-03
   5280.9082725986327        2.14886125E-02   3.30610503E-03
   5282.4640709714467        1.58197861E-02   3.14201438E-03
   5284.0199749221110        1.82515625E-02   3.22924647E-03
   5285.5759843115284        2.37628203E-02   3.35549726E-03
   5287.1320990006034        2.74419580E-02   3.51105048E-03
   5288.6883188502434        1.47960130E-02   3.21209966E-03
   5290.2446437213503        2.18208041E-02   3.37808812E-03
   5291.8010734748295        1.81612242E-02   3.25837708E-03
   5293.3576079715885        1.37499673E-02   3.17346142E-03
   5294.9142470725292        1.46386251E-02   3.19445645E-03
   5296.4709906385569        1.97884366E-02   3.28326598E-03
   5298.0278385305764        1.47050964E-02   3.11899860E-03
   5299.5847906094932        2.07643714E-02   3.25979851E-03
   5301.1418467362118        2.01895554E-02   3.28655122E-03
   5302.6990067716370        1.89797170E-02   3.27673624E-03
   5304.2562705766732        2.02417243E-02   3.32899578E-03
   5305.8136380122251        2.14589778E-02   3.41045973E-03
   5307.3711089391991        1.71256401E-02   3.25897569E-03
   5308.9286832184989        2.07281709E-02   3.35374568E-03
   5310.4863607110274        1.72076859E-02   3.31170973E-03
   5312.0441412776927        1.56001849E-02   3.26793198E-03
   5313.6020247793977        1.77319441E-02   3.30095179E-03
   5315.1600110770478        2.28347797E-02   3.39160976E-03
   5316.7181000315477        2.14314125E-02   3.35811684E-03
   5318.2762915038020        1.92769356E-02   3.26878112E-03
   5319.8345853547153        2.57121287E-02   3.45497788E-03
   5321.3929814451922        1.96788851E-02   3.31590790E-03
   5322.9514796361391        1.84404533E-02   3.26503091E-03
   5324.5100797884597        1.34716649E-02   3.16237006E-03
   5326.0687817630587        2.14498285E-02   3.28236492E-03
   5327.6275854208398        2.36890577E-02   3.33246193E-03
   5329.1864906227111        1.57373082E-02   3.12468829E-03
   5330.7454972295736        2.14658417E-02   3.32990778E-03
   5332.3046051023339        1.92847829E-02   3.33840540E-03
   5333.8638141018982        1.53159397E-02   3.24789598E-03
   5335.4231240891686        1.55138429E-02   3.23839765E-03
   5336.9825349250505        2.27035303E-02   3.40093602E-03
   5338.5420464704512        1.74761098E-02   3.25082219E-03
   5340.1016585862717        2.11154446E-02   3.34728719E-03
   5341.6613711334194        2.02069990E-02   3.29216220E-03
   5343.2211839727988        1.44969327E-02   3.16365343E-03
   5344.7810969653137        1.55013464E-02   3.23098991E-03
   5346.3411099718696        1.71955656E-02   3.25397565E-03
   5347.9012228533720        2.14763451E-02   3.31903994E-03
   5349.4614354707237        1.55743491E-02   3.18096834E-03
   5351.0217476848311        1.90174915E-02   3.29080340E-03
   5352.5821593565988        1.50448652E-02   3.24818026E-03
   5354.1426703469315        1.87020879E-02   3.35510750E-03
   5355.7032805167337        1.55602572E-02   3.30500328E-03
   5357.2639897269109        2.87014935E-02   3.56255029E-03
   5358.8247978383661        1.67450067E-02   3.30682634E-03
   5360.3857047120064        2.33221818E-02   3.44346138E-03
   5361.9467102087356        1.23508926E-02   3.20739369E-03
   5363.5078141894583        1.71288978E-02   3.27672577E-03
   5365.0690165150791        1.89026836E-02   3.28053674E-03
   5366.6303170465044        2.21647006E-02   3.38996551E-03
   5368.1917156446361        1.81922130E-02   3.26010608E-03
   5369.7532121703816        1.45876314E-02   3.14727402E-03
   5371.3148064846455        1.59590226E-02   3.18231108E-03
   5372.8764984483305        1.84196606E-02   3.27337673E-03
   5374.4382879223431        1.94041654E-02   3.31742642E-03
   5376.0001747675879        1.57912131E-02   3.29333637E-03
   5377.5621588449703        1.77460015E-02   3.31110274E-03
   5379.1242400153933        1.85000058E-02   3.33795953E-03
   5380.6864181397632        1.32868486E-02   3.21269734E-03
   5382.2486930789846        1.86337531E-02   3.30600445E-03
   5383.8110646939622        1.96974222E-02   3.33883055E-03
   5385.3735328456005        1.77675653E-02   3.30915023E-03
   5386.9360973948042        1.88862290E-02   3.32799368E-03
   5388.4987582024778        1.46342907E-02   3.24826175E-03
   5390.0615151295287        2.05323137E-02   3.36974929E-03
   5391.6243680368580        1.70084108E-02   3.22674541E-03
   5393.1873167853728        1.76836438E-02   3.27609107E-03
   5394.7503612359760        2.08816994E-02   3.35770403E-03
   5396.3135012495750        1.80559605E-02   3.27858282E-03
   5397.8767366870734        1.79497451E-02   3.27246287E-03
   5399.4400674093749        2.08692588E-02   3.32835992E-03
   5401.0034932773860        1.98038463E-02   3.31494887E-03
   5402.5670141520113        1.99628100E-02   3.34222894E-03
   5404.1306298941536        2.66228151E-02   3.44326510E-03
   5405.6943403647201        1.98511947E-02   3.29863420E-03
   5407.2581454246147        2.54563671E-02   3.43096140E-03
   5408.8220449347409        2.04684939E-02   3.28976731E-03
   5410.3860387560062        2.22796686E-02   3.34469904E-03
   5411.9501267493133        1.49577102E-02   3.23356385E-03
   5413.5143087755678        1.78167857E-02   3.27924942E-03
   5415.0785846956751        1.64592937E-02   3.23938625E-03
   5416.6429543705381        1.26002887E-02   3.14087118E-03
   5418.2074176610640        2.22373195E-02   3.45747499E-03
   5419.7719744281549        2.38780677E-02   3.46999639E-03
   5421.3366245327179        1.73828434E-02   3.31504340E-03
   5422.9013678356559        1.53771583E-02   3.24271107E-03
   5424.4662041978763        1.95352919E-02   3.35539063E-03
   5426.0311334802818        1.26231564E-02   3.16190161E-03
   5427.5961555437780        2.27540992E-02   3.41508724E-03
   5429.1612702492694        1.55092049E-02   3.25612235E-03
   5430.7264774576597        2.06959601E-02   3.35041387E-03
   5432.2917770298563        1.66273564E-02   3.24912602E-03
   5433.8571688267612        1.81961562E-02   3.30629153E-03
   5435.4226527092824        1.58045590E-02   3.22652794E-03
   5436.9882285383219        1.48827014E-02   3.24241095E-03
   5438.5538961747852        2.21032910E-02   3.43593908E-03
   5440.1196554795770        1.68680064E-02   3.35655804E-03
   5441.6855063136036        2.08693929E-02   3.42906546E-03
   5443.2514485377669        1.73117518E-02   3.34596494E-03
   5444.8174820129743        2.80453730E-02   3.52913840E-03
   5446.3836066001304        1.58906672E-02   3.26886238E-03
   5447.9498221601389        1.95181258E-02   3.34086874E-03
   5449.5161285539052        1.90069191E-02   3.35568073E-03
   5451.0825256423332        1.00914761E-02   3.19698080E-03
   5452.6490132863291        1.81415621E-02   3.36568011E-03
   5454.2155913467968        1.50049506E-02   3.27034132E-03
   5455.7822596846418        1.67203788E-02   3.25995823E-03
   5457.3490181607685        1.88093055E-02   3.32961790E-03
   5458.9158666360809        2.13708300E-02   3.43945343E-03
   5460.4828049714852        1.79976765E-02   3.36474716E-03
   5462.0498330278842        1.27605535E-02   3.22404155E-03
   5463.6169506661854        1.72444656E-02   3.33091337E-03
   5465.1841577472915        2.05521733E-02   3.41213471E-03
   5466.7514541321088        1.43347112E-02   3.24200536E-03
   5468.3188396815403        1.57166962E-02   3.31143686E-03
   5469.8863142564924        1.49180675E-02   3.27153387E-03
   5471.4538777178695        1.84172280E-02   3.34790442E-03
   5473.0215299265765        2.13503186E-02   3.47095495E-03
   5474.5892707435178        1.79905780E-02   3.32494313E-03
   5476.1571000295980        2.17025485E-02   3.37559194E-03
   5477.7250176457219        1.98524036E-02   3.35609890E-03
   5479.2930234527948        1.83447041E-02   3.30582960E-03
   5480.8611173117215        2.02969518E-02   3.41191632E-03
   5482.4292990834074        1.70395747E-02   3.31080845E-03
   5483.9975686287553        1.86836906E-02   3.35887936E-03
   5485.5659258086716        2.16080416E-02   3.45826917E-03
   5487.1343704840601        1.37730381E-02   3.26338271E-03
   5488.7029025158272        2.11281367E-02   3.46297165E-03
   5490.2715217648765        1.20664500E-02   3.20189958E-03
   5491.8402280921136        2.00114045E-02   3.43562430E-03
   5493.4090213584414        2.32410114E-02   3.50873917E-03
   5494.9779014247670        2.27657855E-02   3.52189364E-03
   5496.5468681519942        1.88763831E-02   3.36984592E-03
   5498.1159214010268        1.75598878E-02   3.36616905E-03
   5499.6850610327720        1.65433474E-02   3.34019959E-03
   5501.2542869081317        1.40199736E-02   3.28043872E-03
   5502.8235988880133        2.11369619E-02   3.44611891E-03
   5504.3929968333205        2.07091365E-02   3.44962627E-03
   5505.9624806049578        1.66658070E-02   3.33294505E-03
   5507.5320500638300        1.26346415E-02   3.25898454E-03
   5509.1017050708433        1.65870674E-02   3.36248521E-03
   5510.6714454869007        2.20562499E-02   3.47823021E-03
   5512.2412711729075        2.31214818E-02   3.51369963E-03
   5513.8111819897686        2.12752521E-02   3.43349390E-03
   5515.3811777983892        1.95865016E-02   3.40792257E-03
   5516.9512584596741        2.19086017E-02   3.49930068E-03
   5518.5214238345270        1.74971092E-02   3.38345440E-03
   5520.0916737838534        2.12321635E-02   3.46933701E-03
   5521.6620081685596        1.92800835E-02   3.46622663E-03
   5523.2324268495477        1.86114535E-02   3.42798606E-03
   5524.8029296877248        1.70174446E-02   3.41091491E-03
   5526.3735165439948        1.59317255E-02   3.30535206E-03
   5527.9441872792613        1.36999823E-02   3.25182709E-03
   5529.5149417544299        1.71242096E-02   3.35285254E-03
   5531.0857798304069        1.46819698E-02   3.32442229E-03
   5532.6567013680951        2.31807120E-02   3.54390382E-03
   5534.2277062284011        1.58719979E-02   3.36371479E-03
   5535.7987942722275        2.64537539E-02   3.63510288E-03
   5537.3699653604808        1.85386203E-02   3.45486146E-03
   5538.9412193540647        2.28950232E-02   3.59152677E-03
   5540.5125561138857        2.36313213E-02   3.53296706E-03
   5542.0839755008474        1.94700733E-02   3.48609919E-03
   5543.6554773758544        1.81791391E-02   3.45106400E-03
   5545.2270615998123        1.95687059E-02   3.47879925E-03
   5546.7987280336238        1.89147759E-02   3.48545378E-03
   5548.3704765381963        1.60425398E-02   3.44372727E-03
   5549.9423069744334        1.38884233E-02   3.31780687E-03
   5551.5142192032408        1.79391000E-02   3.40965204E-03
   5553.0862130855221        2.16110256E-02   3.57544539E-03
   5554.6582884821819        1.79115962E-02   3.43702524E-03
   5556.2304452541266        1.96619499E-02   3.50008812E-03
   5557.8026832622600        2.09203921E-02   3.49699892E-03
   5559.3750023674866        1.26188565E-02   3.34596820E-03
   5560.9474024307110        1.28996512E-02   3.35616083E-03
   5562.5198833128397        1.21693350E-02   3.33687430E-03
   5564.0924448747764        2.38725618E-02   3.55852372E-03
   5565.6650869774248        2.05112789E-02   3.53058940E-03
   5567.2378094816913        1.97877623E-02   3.47071304E-03
   5568.8106122484805        1.92831140E-02   3.44050862E-03
   5570.3834951386971        1.91225950E-02   3.44908400E-03
   5571.9564580132446        1.71613637E-02   3.42310336E-03
   5573.5295007330305        2.40827482E-02   3.78335570E-03
   5575.1026231589558        1.29653504E-02   6.45557558E-03
   5576.6758251519286        1.02566145E-02   8.05091299E-03
   5578.2491065728527        2.89986301E-02   8.45440663E-03
   5579.8224672826327        2.15847213E-02   7.36160297E-03
   5581.3959071421732        1.99642573E-02   4.50401753E-03
   5582.9694260123797        2.16267109E-02   3.68706044E-03
   5584.5430237541568        1.93838235E-02   3.48841469E-03
   5586.1167002284083        1.61709748E-02   3.36483936E-03
   5587.6904552960395        8.68005585E-03   3.20276455E-03
   5589.2642888179562        1.91061553E-02   3.40139819E-03
   5590.8382006550637        2.17756610E-02   3.48435878E-03
   5592.4121906682631        1.51165370E-02   3.38353822E-03
   5593.9862587184625        1.20396204E-02   3.27585731E-03
   5595.5604046665667        1.94424652E-02   3.53161944E-03
   5597.1346283734783        1.82690136E-02   3.47543764E-03
   5598.7089297001048        2.20818017E-02   3.56187858E-03
   5600.2833085073498        2.65028439E-02   3.65140219E-03
   5601.8577646561171        1.98508259E-02   3.47944093E-03
   5603.4322980073121        1.85715910E-02   3.51774669E-03
   5605.0069084218403        1.67090707E-02   3.46991490E-03
   5606.5815957606064        1.72935277E-02   3.54259461E-03
   5608.1563598845132        2.12740283E-02   3.61853582E-03
   5609.7312006544698        1.75855588E-02   3.52279772E-03
   5611.3061179313763        2.11136248E-02   3.63152754E-03
   5612.8811115761400        2.01988295E-02   3.55616934E-03
   5614.4561814496647        2.17397157E-02   3.53391678E-03
   5616.0313274128566        2.26819906E-02   3.60257248E-03
   5617.6065493266196        1.24991238E-02   3.29138245E-03
   5619.1818470518592        1.93145294E-02   3.50239337E-03
   5620.7572204494782        1.98096465E-02   3.51399556E-03
   5622.3326693803838        1.64926779E-02   3.48807103E-03
   5623.9081937054789        1.69618316E-02   3.47305229E-03
   5625.4837932856699        1.49162831E-02   3.41447443E-03
   5627.0594679818605        1.50611233E-02   3.46290763E-03
   5628.6352176549572        2.31392477E-02   3.68168252E-03
   5630.2110421658608        2.17316356E-02   3.66665260E-03
   5631.7869413754806        1.59723423E-02   3.52813513E-03
   5633.3629151447185        2.58311834E-02   3.70060187E-03
   5634.9389633344808        1.77819598E-02   3.47247534E-03
   5636.5150858056722        2.34657619E-02   3.65772215E-03
   5638.0912824191964        1.68491751E-02   3.51339811E-03
   5639.6675530359598        2.15018541E-02   3.61312786E-03
   5641.2438975168661        1.29386988E-02   3.41485022E-03
   5642.8203157228199        1.81829184E-02   3.56105762E-03
   5644.3968075147268        1.30868200E-02   3.39344935E-03
   5645.9733727534904        1.90240126E-02   3.59781925E-03
   5647.5500113000171        1.28650349E-02   3.42691387E-03
   5649.1267230152116        1.65303592E-02   3.53403902E-03
   5650.7035077599767        1.75783914E-02   3.53806419E-03
   5652.2803653952187        1.48413340E-02   3.53680737E-03
   5653.8572957818433        1.79064013E-02   3.54276132E-03
   5655.4342987807531        1.62200425E-02   3.47014633E-03
   5657.0113742528538        1.51032275E-02   3.42260511E-03
   5658.5885220590517        1.99146420E-02   3.58949765E-03
   5660.1657420602496        1.99725423E-02   3.56863113E-03
   5661.7430341173522        1.98059361E-02   3.59789049E-03
   5663.3203980912667        2.65072621E-02   3.76167730E-03
   5664.8978338428960        2.23331656E-02   3.67989903E-03
   5666.4753412331447        1.75965931E-02   3.55560589E-03
   5668.0529201229183        1.04714110E-02   3.37967998E-03
   5669.6305703731223        1.83692034E-02   3.60390078E-03
   5671.2082918446595        2.18095649E-02   3.67548130E-03
   5672.7860843984363        1.38951568E-02   3.47039523E-03
   5674.3639478953564        1.63267069E-02   3.59823904E-03
   5675.9418821963254        2.72846054E-02   3.83218378E-03
   5677.5198871622479        1.70387458E-02   3.61240446E-03
   5679.0979626540293        1.59821752E-02   3.52090877E-03
   5680.6761085325734        2.16071103E-02   3.70239187E-03
   5682.2543246587857        1.63091328E-02   3.55754048E-03
   5683.8326108935698        2.00732388E-02   3.59692331E-03
   5685.4109670978323        1.71275306E-02   3.56400735E-03
   5686.9893931324768        1.20769236E-02   3.47535615E-03
   5688.5678888584089        1.38302287E-02   3.46758543E-03
   5690.1464541365322        1.95217375E-02   3.62080475E-03
   5691.7250888277522        2.40490492E-02   3.75861395E-03
   5693.3037927929736        1.91047378E-02   3.66436411E-03
   5694.8825658931028        2.37495005E-02   3.83112091E-03
   5696.4614079890416        1.91437323E-02   3.67931044E-03
   5698.0403189416966        2.26178989E-02   3.72896995E-03
   5699.6192986119722        1.27965873E-02   3.50286439E-03
   5701.1983468607741        1.68190300E-02   3.59154609E-03
   5702.7774635490050        1.64463948E-02   3.55829857E-03
   5704.3566485375723        2.19033882E-02   3.75664001E-03
   5705.9359016873786        1.88672896E-02   3.57843540E-03
   5707.5152228593306        2.26802360E-02   3.68761830E-03
   5709.0946119143309        2.23582909E-02   3.66133964E-03
   5710.6740687132860        2.26706527E-02   3.70911765E-03
   5712.2535931171005        2.37290449E-02   3.76008824E-03
   5713.8331849866781        1.46265700E-02   3.51199810E-03
   5715.4128441829253        1.88301001E-02   3.64483474E-03
   5716.9925705667456        1.82916876E-02   3.68556986E-03
   5718.5723639990447        1.84813570E-02   3.67638352E-03
   5720.1522243407262        1.00587141E-02   3.48356413E-03
   5721.7321514526957        1.30909523E-02   3.57293547E-03
   5723.3121451958577        2.26307586E-02   3.77253070E-03
   5724.8922054311179        2.54582614E-02   3.86067433E-03
   5726.4723320193798        1.23768961E-02   3.49731743E-03
   5728.0525248215481        2.28540022E-02   3.84476339E-03
   5729.6327836985301        1.94529109E-02   3.74016725E-03
   5731.2131085112278        1.84372347E-02   3.71007784E-03
   5732.7934991205475        1.68897305E-02   3.62655357E-03
   5734.3739553873920        1.41659938E-02   3.64149921E-03
   5735.9544771726687        1.89596023E-02   3.72816878E-03
   5737.5350643372813        1.35653187E-02   3.60508123E-03
   5739.1157167421343        1.80754103E-02   3.67318373E-03
   5740.6964342481333        1.95630640E-02   3.74761503E-03
   5742.2772167161811        1.77559592E-02   3.65855312E-03
   5743.8580640071859        1.38403047E-02   3.61685199E-03
   5745.4389759820506        2.06237752E-02   3.73683847E-03
   5747.0199525016787        1.82045028E-02   3.72893084E-03
   5748.6009934269759        1.98349003E-02   3.75059363E-03
   5750.1820986188486        1.83957424E-02   3.67369899E-03
   5751.7632679381995        1.81234963E-02   3.67036974E-03
   5753.3445012459351        2.02545598E-02   3.72658577E-03
   5754.9257984029591        1.51512744E-02   3.58541519E-03
   5756.5071592701770        1.58216730E-02   3.60049657E-03
   5758.0885837084925        1.72205903E-02   3.65194632E-03
   5759.6700715788111        1.85436886E-02   3.70526034E-03
   5761.2516227420374        1.57787949E-02   3.62811727E-03
   5762.8332370590761        1.13439905E-02   3.44267651E-03
   5764.4149143908326        2.21773218E-02   3.80509836E-03
   5765.9966545982124        1.39212189E-02   3.64625989E-03
   5767.5784575421185        1.26590217E-02   3.55250156E-03
   5769.1603230834562        1.45744970E-02   3.64640541E-03
   5770.7422510831311        1.89991891E-02   3.77750909E-03
   5772.3242414020469        1.98271684E-02   3.77584691E-03
   5773.9062939011092        2.00955365E-02   3.75020900E-03
   5775.4884084412224        1.21512357E-02   3.56775057E-03
   5777.0705848832922        1.64206102E-02   3.67334043E-03
   5778.6528230882213        1.91168822E-02   3.71416775E-03
   5780.2351229169171        1.04096355E-02   3.49849020E-03
   5781.8174842302824        1.57777984E-02   3.63118877E-03
   5783.3999068892235        2.39948593E-02   3.80384992E-03
   5784.9823907546433        2.02841703E-02   3.74713447E-03
   5786.5649356874492        1.71430502E-02   3.67698446E-03
   5788.1475415485438        1.47195421E-02   3.65402829E-03
   5789.7302081988328        1.74801927E-02   3.65291280E-03
   5791.3129354992207        8.67053866E-03   3.49300168E-03
   5792.8957233106121        1.54388398E-02   3.61147756E-03
   5794.4785714939126        1.40071446E-02   3.64972418E-03
   5796.0614799100258        1.42291998E-02   3.61522567E-03
   5797.6444484198582        1.13082109E-02   3.56092467E-03
   5799.2274768843145        2.64514703E-02   3.93444020E-03
   5800.8105651642963        1.92030240E-02   3.78495245E-03
   5802.3937131207131        1.82619151E-02   3.75897344E-03
   5803.9769206144656        2.04751883E-02   3.79834208E-03
   5805.5601875064604        2.08840389E-02   3.86274024E-03
   5807.1435136576038        1.73425879E-02   3.67616746E-03
   5808.7268989287968        2.17722859E-02   3.83965066E-03
   5810.3103431809486        2.25103702E-02   3.89957591E-03
   5811.8938462749611        1.99184809E-02   3.84884933E-03
   5813.4774080717398        1.42726451E-02   3.68288299E-03
   5815.0610284321901        1.65320784E-02   3.71404900E-03
   5816.6447072172150        1.35542341E-02   3.67065938E-03
   5818.2284442877217        2.03977711E-02   3.87332239E-03
   5819.8122395046121        1.66384131E-02   3.77743668E-03
   5821.3960927287944        1.70413554E-02   3.74269928E-03
   5822.9800038211706        1.60171166E-02   3.76695814E-03
   5824.5639726426471        2.96630580E-02   4.06858185E-03
   5826.1479990541284        1.75377578E-02   3.79021955E-03
   5827.7320829165192        1.58519000E-02   3.73211829E-03
   5829.3162240907250        1.58848893E-02   3.79717024E-03
   5830.9004224376486        1.19305504E-02   3.62584228E-03
   5832.4846778181964        1.41726499E-02   3.71269695E-03
   5834.0689900932730        1.80730578E-02   3.80544364E-03
   5835.6533591237821        1.57949738E-02   3.77035979E-03
   5837.2377847706302        2.66796257E-02   4.04190272E-03
   5838.8222668947210        1.48953106E-02   3.71383177E-03
   5840.4068053569608        1.79633684E-02   3.82452738E-03
   5841.9914000182525        1.77772716E-02   3.81588400E-03
   5843.5760507395016        1.84288770E-02   3.87330935E-03
   5845.1607573816127        1.68039948E-02   3.78887192E-03
   5846.7455198054904        2.14418620E-02   3.86693608E-03
   5848.3303378720411        2.01981571E-02   3.88410222E-03
   5849.9152114421677        2.32346524E-02   3.93234147E-03
   5851.5001403767756        2.73959655E-02   4.01279144E-03
   5853.0851245367712        2.66406126E-02   4.03532991E-03
   5854.6701637830556        3.65953967E-02   4.28264216E-03
   5856.2552579765370        2.92407367E-02   4.04375652E-03
   5857.8404069781191        2.54164208E-02   3.95003287E-03
   5859.4256106487055        2.65431684E-02   4.00083046E-03
   5861.0108688492037        3.03897895E-02   4.12189588E-03
   5862.5961814405155        2.59320512E-02   4.07246919E-03
   5864.1815482835473        2.77417619E-02   4.05411189E-03
   5865.7669692392046        2.72155032E-02   4.18858323E-03
   5867.3524441683903        2.85220128E-02   4.14279103E-03
   5868.9379729320108        2.64712740E-02   4.12257155E-03
   5870.5235553909706        2.63268612E-02   4.10670927E-03
   5872.1091914061744        3.10700461E-02   4.17323504E-03
   5873.6948808385259        2.25422699E-02   4.03301511E-03
   5875.2806235489315        2.43483055E-02   4.02319059E-03
   5876.8664193982950        2.43326928E-02   4.01659776E-03
   5878.4522682475217        2.30609961E-02   3.99808167E-03
   5880.0381699575155        2.69204918E-02   4.07095160E-03
   5881.6241243891827        2.45845877E-02   4.03440604E-03
   5883.2101314034271        2.89958324E-02   4.08852752E-03
   5884.7961908611542        3.10442485E-02   4.19675792E-03
   5886.3823026232667        2.28581801E-02   4.07926738E-03
   5887.9684665506729        3.34973037E-02   4.59453464E-03
   5889.5546825042748        3.05489600E-02   4.67751687E-03
   5891.1409503449777        3.40026468E-02   4.67680627E-03
   5892.7272699336872        3.46683003E-02   4.54197777E-03
   5894.3136411313080        3.74019444E-02   4.55440814E-03
   5895.9000637987438        3.93673778E-02   4.61445143E-03
   5897.4865377969008        3.29398587E-02   4.50460939E-03
   5899.0730629866839        3.17537114E-02   4.31167753E-03
   5900.6596392289957        2.81053241E-02   4.12250962E-03
   5902.2462663847427        3.69579345E-02   4.36785026E-03
   5903.8329443148314        2.49055456E-02   4.09866543E-03
   5905.4196728801626        2.70559043E-02   4.10226313E-03
   5907.0064519416437        2.71628760E-02   4.11432888E-03
   5908.5932813601794        1.77555662E-02   3.95612838E-03
   5910.1801609966742        2.60394961E-02   4.14437894E-03
   5911.7670907120319        2.21771281E-02   4.02868493E-03
   5913.3540703671588        2.70093810E-02   4.15326469E-03
   5914.9410998229596        2.10016184E-02   4.05772543E-03
   5916.5281789403380        1.65434591E-02   3.92048899E-03
   5918.1153075801994        1.99635942E-02   3.99684999E-03
   5919.7024856034486        1.51157565E-02   3.84229631E-03
   5921.2897128709901        2.48602759E-02   4.11120662E-03
   5922.8769892437294        1.40929464E-02   3.81002109E-03
   5924.4643145825703        1.54399453E-02   3.90158128E-03
   5926.0516887484191        1.51776122E-02   3.88298789E-03
   5927.6391116021787        1.92438923E-02   3.96956131E-03
   5929.2265830047563        1.69829316E-02   3.90534685E-03
   5930.8141028170539        1.79815535E-02   3.98344360E-03
   5932.4016708999779        1.99904647E-02   4.05817479E-03
   5933.9892871144330        1.98773015E-02   4.06299205E-03
   5935.5769513213245        1.67766400E-02   3.98194371E-03
   5937.1646633815562        2.18395032E-02   4.08117007E-03
   5938.7524231560328        2.46267691E-02   4.12569661E-03
   5940.3402305056597        1.45583879E-02   3.92018957E-03
   5941.9280852913425        2.18801424E-02   4.00405144E-03
   5943.5159873739831        1.63294841E-02   3.93017149E-03
   5945.1039366144905        1.49600487E-02   3.94872017E-03
   5946.6919328737649        1.88709442E-02   3.95889347E-03
   5948.2799760127155        2.45638639E-02   4.10532579E-03
   5949.8680658922440        1.93549357E-02   3.98842804E-03
   5951.4562023732578        1.67660844E-02   3.98071762E-03
   5953.0443853166580        9.31511726E-03   3.77380964E-03
   5954.6326145833536        9.68305487E-03   3.80804716E-03
   5956.2208900342457        2.37413719E-02   4.12265956E-03
   5957.8092115302416        2.04074997E-02   4.03218623E-03
   5959.3975789322458        1.88332573E-02   3.99271492E-03
   5960.9859921011621        1.52258491E-02   3.96915339E-03
   5962.5744508978951        1.34727079E-02   3.91521445E-03
   5964.1629551833512        2.17959173E-02   4.13140841E-03
   5965.7515048184332        1.76796094E-02   4.01786761E-03
   5967.3400996640476        1.45341130E-02   3.89793399E-03
   5968.9287395810989        1.98683497E-02   4.06398857E-03
   5970.5174244304899        1.70855708E-02   4.02962137E-03
   5972.1061540731289        1.98520180E-02   4.09046514E-03
   5973.6949283699187        1.60020981E-02   3.98651278E-03
   5975.2837471817629        1.19887963E-02   3.91251314E-03
   5976.8726103695690        9.73848812E-03   3.87402996E-03
   5978.4615177942396        1.35077657E-02   3.95222474E-03
   5980.0504693166813        1.89838875E-02   4.03273385E-03
   5981.6394647977977        1.84427705E-02   4.07965016E-03
   5983.2285040984925        2.25743130E-02   4.10856539E-03
   5984.8175870796731        1.88459251E-02   4.07362776E-03
   5986.4067136022431        2.12387480E-02   4.04535793E-03
   5987.9958835271073        1.79989971E-02   4.02239989E-03
   5989.5850967151691        1.60556845E-02   3.99222551E-03
   5991.1743530273361        1.48761021E-02   4.01356071E-03
   5992.7636523245110        2.12849770E-02   4.11642762E-03
   5994.3529944675993        1.84074119E-02   4.01329948E-03
   5995.9423793175065        1.79201420E-02   4.05177427E-03
   5997.5318067351354        2.03950591E-02   4.10475256E-03
   5999.1212765813925        1.75433178E-02   4.08704532E-03
   6000.7107887171833        1.43536655E-02   3.97406146E-03
   6002.3003430034105        1.78715326E-02   4.03153105E-03
   6003.8899393009797        1.57593302E-02   4.05694963E-03
   6005.4795774707964        1.83427818E-02   4.01290460E-03
   6007.0692573737633        1.50583852E-02   3.98415234E-03
   6008.6589788707888        1.64416283E-02   4.01971070E-03
   6010.2487418227747        1.86353326E-02   4.07128502E-03
   6011.8385460906266        1.94056164E-02   4.10273578E-03
   6013.4283915352489        1.70512740E-02   3.97728477E-03
   6015.0182780175473        1.21308994E-02   3.96011071E-03
   6016.6082053984273        1.88219771E-02   4.05894453E-03
   6018.1981735387917        5.36999945E-03   3.72209656E-03
   6019.7881822995460        1.80502776E-02   3.99932032E-03
   6021.3782315415956        2.30000298E-02   4.17411607E-03
   6022.9683211258453        1.39482375E-02   3.99526116E-03
   6024.5584509131986        1.93983503E-02   4.11969190E-03
   6026.1486207645621        2.03470010E-02   4.17219149E-03
   6027.7388305408385        1.15563301E-02   3.94483609E-03
   6029.3290801029343        1.82887539E-02   4.16849181E-03
   6030.9193693117541        1.59373935E-02   4.06690408E-03
   6032.5096980282033        1.70249864E-02   4.11823345E-03
   6034.1000661131848        1.43433474E-02   4.04862314E-03
   6035.6904734276059        1.75496414E-02   4.15388029E-03
   6037.2809198323675        1.99809745E-02   4.20274260E-03
   6038.8714051883780        1.78538356E-02   4.15180251E-03
   6040.4619293565420        1.85141005E-02   4.14248090E-03
   6042.0524921977612        2.65239310E-02   4.37196949E-03
   6043.6430935729441        2.09020488E-02   4.17690817E-03
   6045.2337333429941        1.05528217E-02   4.00497718E-03
   6046.8244113688143        2.08980422E-02   4.24773805E-03
   6048.4151275113136        1.96798034E-02   4.18151915E-03
   6050.0058816313922        1.56756341E-02   4.16325638E-03
   6051.5966735899574        1.62082203E-02   4.16270690E-03
   6053.1875032479120        1.12739448E-02   3.99033772E-03
   6054.7783704661633        2.07937527E-02   4.24503349E-03
   6056.3692751056160        2.48440951E-02   4.33909614E-03
   6057.9602170271746        1.54453954E-02   4.07842081E-03
   6059.5511960917411        1.80281401E-02   4.24881792E-03
   6061.1422121602236        1.05796047E-02   3.99851520E-03
   6062.7332650935268        2.13677697E-02   4.28296626E-03
   6064.3243547525526        1.60602052E-02   4.16033017E-03
   6065.9154809982083        1.67200435E-02   4.16296488E-03
   6067.5066436913985        2.01111939E-02   4.28565545E-03
   6069.0978426930278        1.01866117E-02   3.97386914E-03
   6070.6890778640009        1.87602658E-02   4.25075600E-03
   6072.2803490652223        1.94104966E-02   4.23196331E-03
   6073.8716561575957        1.25522139E-02   4.14213352E-03
   6075.4629990020285        2.13140845E-02   4.32507787E-03
   6077.0543774594244        2.01351307E-02   4.29339707E-03
   6078.6457913906879        1.00269038E-02   4.03970806E-03
   6080.2372406567238        1.62647460E-02   4.17498313E-03
   6081.8287251184365        1.85259953E-02   4.22739424E-03
   6083.4202446367317        2.39208248E-02   4.36621858E-03
   6085.0117990725130        1.62210409E-02   4.22941474E-03
   6086.6033882866868        2.18608957E-02   4.37224517E-03
   6088.1950121401578        2.19009686E-02   4.31073597E-03
   6089.7866704938297        1.87142957E-02   4.25152853E-03
   6091.3783632086070        2.18580794E-02   4.35726391E-03
   6092.9700901453953        1.45633761E-02   4.14735358E-03
   6094.5618511650991        1.93774085E-02   4.31074901E-03
   6096.1536461286241        2.30594482E-02   4.43320815E-03
   6097.7454748968739        2.13452764E-02   4.38540755E-03
   6099.3373373307541        1.89232510E-02   4.27826820E-03
   6100.9292332911682        1.65646616E-02   4.26398637E-03
   6102.5211626390237        2.75336467E-02   4.49586147E-03
   6104.1131252352216        2.46472768E-02   4.39043250E-03
   6105.7051209406709        2.06540339E-02   4.35376493E-03
   6107.2971496162727        2.36854423E-02   4.45234543E-03
   6108.8892111229343        2.05663778E-02   4.38395888E-03
   6110.4813053215594        1.69507358E-02   4.29781293E-03
   6112.0734320730526        1.66059770E-02   4.31219721E-03
   6113.6655912383194        1.56995524E-02   4.29054257E-03
   6115.2577826782644        1.16354572E-02   4.16265195E-03
   6116.8500062537914        2.20332481E-02   4.45141084E-03
   6118.4422618258068        2.58026887E-02   4.49927477E-03
   6120.0345492552160        1.37998834E-02   4.22003586E-03
   6121.6268684029201        1.85580794E-02   4.28808248E-03
   6123.2192191298273        2.55416967E-02   4.50291159E-03
   6124.8116012968430        1.68142654E-02   4.28926805E-03
   6126.4040147648684        1.73754022E-02   4.40205866E-03
   6127.9964593948098        2.25203298E-02   4.50430112E-03
   6129.5889350475736        2.11860426E-02   4.47020959E-03
   6131.1814415840627        1.74758900E-02   4.33703978E-03
   6132.7739788651834        1.72167774E-02   4.32738615E-03
   6134.3665467518395        1.39432903E-02   4.25335299E-03
   6135.9591451049364        1.88625045E-02   4.34348453E-03
   6137.5517737853779        1.24023808E-02   4.25314391E-03
   6139.1444326540695        1.49898790E-02   4.20842692E-03
   6140.7371215719168        2.48245522E-02   4.59482195E-03
   6142.3298403998242        1.85072105E-02   4.42257943E-03
   6143.9225889986938        2.05336269E-02   4.48044017E-03
   6145.5153672294346        2.05211956E-02   4.50856239E-03
   6147.1081749529485        1.87356006E-02   4.43580979E-03
   6148.7010120301411        2.24258061E-02   4.52491036E-03
   6150.2938783219179        2.19550598E-02   4.52508032E-03
   6151.8867736891834        3.08789033E-02   4.67805285E-03
   6153.4796979928424        2.18974166E-02   4.57548164E-03
   6155.0726510937975        1.68567412E-02   4.37057065E-03
   6156.6656328529571        1.94141790E-02   4.52376390E-03
   6158.2586431312238        2.46120039E-02   4.64627147E-03
   6159.8516817895043        1.79933906E-02   4.38913004E-03
   6161.4447486887002        2.03557126E-02   4.40717023E-03
   6163.0378436897190        3.41394246E-02   4.72046575E-03
   6164.6309666534653        2.52504796E-02   4.57458431E-03
   6166.2241174408427        1.27836158E-02   4.31963662E-03
   6167.8172959127560        1.92928147E-02   4.46981378E-03
   6169.4105019301114        1.95967034E-02   4.54445183E-03
   6171.0037353538128        1.58237610E-02   4.39772056E-03
   6172.5969960447646        2.34951675E-02   4.69763763E-03
   6174.1902838638716        2.11286452E-02   4.57555847E-03
   6175.7835986720402        1.58423185E-02   4.45243670E-03
   6177.3769403301740        2.14944389E-02   4.59176349E-03
   6178.9703086991767        1.76682714E-02   4.54378175E-03
   6180.5637036399539        9.72975232E-03   4.36170772E-03
   6182.1571250134120        2.64061689E-02   4.73351637E-03
   6183.7505726804538        1.39654493E-02   4.50622849E-03
   6185.3440465019858        2.69038249E-02   4.76760603E-03
   6186.9375463389115        1.68267004E-02   4.46549058E-03
   6188.5310720521347        2.19565481E-02   4.65385057E-03
   6190.1246235025628        2.13275813E-02   4.66542458E-03
   6191.7182005510995        1.15460856E-02   4.42072190E-03
   6193.3118030586493        2.18871273E-02   4.66144690E-03
   6194.9054308861168        2.04131342E-02   4.67984704E-03
   6196.4990838944068        2.32158378E-02   4.73708473E-03
   6198.0927619444255        1.93129778E-02   4.64824773E-03
   6199.6864648970759        2.02991106E-02   4.71224356E-03
   6201.2801926132643        2.59436592E-02   4.87252465E-03
   6202.8739449538934        1.61449499E-02   4.59885038E-03
   6204.4677217798708        2.18809173E-02   4.82721440E-03
   6206.0615229520990        2.64291093E-02   4.89407172E-03
   6207.6553483314838        2.12357342E-02   4.80221817E-03
   6209.2491977789296        3.06323040E-02   4.98672575E-03
   6210.8430711553419        1.91827063E-02   4.70447168E-03
   6212.4369683216246        2.25766134E-02   4.82315477E-03
   6214.0308891386821        2.79202312E-02   4.96038096E-03
   6215.6248334674219        2.25903727E-02   4.84183943E-03
   6217.2188011687449        1.29459314E-02   4.55844495E-03
   6218.8127921035602        2.00733040E-02   4.88447165E-03
   6220.4068061327689        1.20584881E-02   4.68852138E-03
   6222.0008431172764        1.63625237E-02   4.74225264E-03
   6223.5949029179901        2.43680626E-02   4.95915068E-03
   6225.1889853958119        1.76413525E-02   4.77344962E-03
   6226.7830904116481        2.54548006E-02   5.00209955E-03
   6228.3772178264035        1.55233108E-02   4.71094856E-03
   6229.9713675009816        1.01768337E-02   4.51641018E-03
   6231.5655392962881        2.34709159E-02   4.95978212E-03
   6233.1597330732284        2.61177421E-02   5.15441503E-03
   6234.7539486927071        2.22933143E-02   5.15461946E-03
   6236.3481860156280        1.75098516E-02   4.97864513E-03
   6237.9424449028966        2.06003357E-02   5.04412223E-03
   6239.5367252154174        1.33984806E-02   4.85772965E-03
   6241.1310268140969        1.81566477E-02   4.97049792E-03
   6242.7253495598361        1.68748386E-02   4.95894998E-03
   6244.3196933135441        2.07780525E-02   4.97818133E-03
   6245.9140579361228        1.47377960E-02   4.78609838E-03
   6247.5084432884778        1.76291410E-02   4.90154373E-03
   6249.1028492315136        2.09076125E-02   5.09930169E-03
   6250.6972756261357        2.67963205E-02   5.13259089E-03
   6252.2917223332497        2.11415589E-02   4.99098143E-03
   6253.8861892137593        3.30064520E-02   5.31924702E-03
   6255.4806761285672        2.02009138E-02   5.08306036E-03
   6257.0751829385817        2.27885023E-02   5.28425677E-03
   6258.6697095047066        2.12700553E-02   5.20705758E-03
   6260.2642556878445        2.99746748E-02   5.40734222E-03
   6261.8588213489047        2.17615589E-02   5.18859364E-03
   6263.4534063487872        2.27450989E-02   5.20855561E-03
   6265.0480105483994        2.45151930E-02   5.28568169E-03
   6266.6426338086458        3.37162018E-02   5.53869223E-03
   6268.2372759904320        2.84337047E-02   5.40154194E-03
   6269.8319369546598        1.76331289E-02   5.11277234E-03
   6271.4266165622366        1.83026157E-02   5.16379159E-03
   6273.0213146740680        1.85595248E-02   5.14371367E-03
   6274.6160311510557        1.42822312E-02   5.09463390E-03
   6276.2107658541063        3.04733869E-02   5.51705342E-03
   6277.8055186441252        2.17377320E-02   5.17964968E-03
   6279.4002893820170        1.65036526E-02   5.08757075E-03
   6280.9950779286837        2.36513931E-02   5.31433756E-03
   6282.5898841450344        2.32718699E-02   5.34638576E-03
   6284.1847078919727        1.84954274E-02   5.36312023E-03
   6285.7795490304015        3.01593784E-02   5.70108788E-03
   6287.3744074212254        2.86361165E-02   5.71413245E-03
   6288.9692829253518        2.70557366E-02   5.59812319E-03
   6290.5641754036842        3.28421034E-02   5.71512245E-03
