   3855.2269254746634        2.48841774E-02   5.17060049E-03
   3856.6169678935025        1.97137576E-02   4.85374732E-03
   3858.0072495606555        2.32477728E-02   4.88226768E-03
   3859.3977703370265        2.79347822E-02   4.96673957E-03
   3860.7885300835205        2.10414566E-02   4.80836676E-03
   3862.1795286610427        2.83995792E-02   5.24632074E-03
   3863.5707659304976        2.16800161E-02   5.10631083E-03
   3864.9622417527899        1.86031051E-02   5.04225167E-03
   3866.3539559888241        1.72425434E-02   4.88837576E-03
   3867.7459084995062        2.33049169E-02   5.03562856E-03
   3869.1380991457399        2.11266279E-02   4.75983694E-03
   3870.5305277884304        1.81837045E-02   4.56520589E-03
   3871.9231942884826        2.26937048E-02   4.65075439E-03
   3873.3160985068016        2.48474907E-02   4.82942909E-03
   3874.7092403042911        2.96626110E-02   5.19269053E-03
   3876.1026195418572        2.60687210E-02   5.04861912E-03
   3877.4962360804038        2.73464452E-02   4.99284919E-03
   3878.8900897808362        1.93722025E-02   4.65834560E-03
   3880.2841805040589        2.84121502E-02   4.81706392E-03
   3881.6785081109770        2.68908963E-02   4.82757296E-03
   3883.0730724624955        2.97783744E-02   4.81914822E-03
   3884.4678734195186        2.13142205E-02   4.54404484E-03
   3885.8629108429518        2.88118757E-02   4.88746911E-03
   3887.2581845936988        3.07087488E-02   4.81283059E-03
   3888.6536945326657        1.87671967E-02   4.32988582E-03
   3890.0494405207569        2.38424465E-02   4.66516707E-03
   3891.4454224188767        2.71729920E-02   4.84249601E-03
   3892.8416400879300        1.96170285E-02   4.64781933E-03
   3894.2380933888226        2.69540288E-02   4.80406219E-03
   3895.6347821824588        1.83475297E-02   4.64049168E-03
   3897.0317063297425        2.64688004E-02   4.89832275E-03
   3898.4288656915796        1.88694317E-02   4.58522141E-03
   3899.8262601288748        2.29311530E-02   4.76308167E-03
   3901.2238895025325        2.60137152E-02   4.70035849E-03
   3902.6217536734575        2.83424947E-02   4.76836646E-03
   3904.0198525025544        2.92927846E-02   4.73600347E-03
   3905.4181858507291        2.61463840E-02   4.67246771E-03
   3906.8167535788857        2.16988530E-02   4.57874220E-03
   3908.2155555479289        2.15732493E-02   4.62343078E-03
   3909.6145916187638        2.39438359E-02   4.72727884E-03
   3911.0138616522945        2.15411820E-02   4.73883003E-03
   3912.4133655094265        2.02130824E-02   4.67072800E-03
   3913.8131030510649        4.23018821E-02   5.24768839E-03
   3915.2130741381143        1.98866967E-02   4.60434705E-03
   3916.6132786314788        2.21260209E-02   4.58780304E-03
   3918.0137163920635        2.24453676E-02   4.64016804E-03
   3919.4143872807740        2.76232902E-02   4.61408030E-03
   3920.8152911585148        2.18648408E-02   4.29887092E-03
   3922.2164278861896        2.12120675E-02   4.28445078E-03
   3923.6177973247045        2.28112210E-02   4.36583487E-03
   3925.0193993349640        2.77960841E-02   4.40422632E-03
   3926.4212337778727        2.47704890E-02   4.20090882E-03
   3927.8233005143356        2.56624557E-02   4.07860056E-03
   3929.2255994052571        2.74523348E-02   3.98127874E-03
   3930.6281303115425        2.56831497E-02   3.66262579E-03
   3932.0308930940969        1.84189063E-02   3.32163670E-03
   3933.4338876138245        2.25106534E-02   3.40044242E-03
   3934.8371137316299        2.05520280E-02   3.28739919E-03
   3936.2405713084181        1.61318928E-02   3.28760082E-03
   3937.6442602050947        2.31671184E-02   3.69323837E-03
   3939.0481802825634        2.76794713E-02   4.03837254E-03
   3940.4523314017301        1.76804140E-02   3.85171338E-03
   3941.8567134234986        2.00719312E-02   3.98522010E-03
   3943.2613262087743        2.31393334E-02   4.05477546E-03
   3944.6661696184619        2.25198027E-02   4.17623343E-03
   3946.0712435134660        2.85148937E-02   4.31195088E-03
   3947.4765477546916        2.95638256E-02   4.43136413E-03
   3948.8820822030439        2.77576819E-02   4.50147316E-03
   3950.2878467194273        2.64910329E-02   4.45937039E-03
   3951.6938411647466        3.43141519E-02   4.68222238E-03
   3953.1000653999063        2.22496372E-02   4.37910855E-03
   3954.5065192858119        3.42002697E-02   4.70192125E-03
   3955.9132026833672        2.92600989E-02   4.49941587E-03
   3957.3201154534786        3.16134430E-02   4.56459029E-03
   3958.7272574570497        2.50423811E-02   4.40936023E-03
   3960.1346285549853        2.76259426E-02   4.30949824E-03
   3961.5422286081907        2.19012182E-02   4.01593279E-03
   3962.9500574775707        3.34986486E-02   4.22444288E-03
   3964.3581150240293        2.98161115E-02   3.90784210E-03
   3965.7664011084726        2.47118361E-02   3.71267949E-03
   3967.1749155918051        2.57532243E-02   3.59251653E-03
   3968.5836583349305        2.89737433E-02   3.55623662E-03
   3969.9926291987545        1.93613078E-02   3.26683186E-03
   3971.4018280441824        1.94208156E-02   3.38460528E-03
   3972.8112547321180        1.69452503E-02   3.55122355E-03
   3974.2209091234668        2.42931545E-02   3.88195249E-03
   3975.6307910791329        2.51889750E-02   4.07262333E-03
   3977.0409004600219        2.26142425E-02   4.17000148E-03
   3978.4512371270384        2.70237736E-02   4.40871576E-03
   3979.8618009410866        2.74956785E-02   4.50018002E-03
   3981.2725917630719        1.88753847E-02   4.33033751E-03
   3982.6836094538990        2.64052264E-02   4.51900484E-03
   3984.0948538744733        2.95496769E-02   4.48659621E-03
   3985.5063248856986        2.75631808E-02   4.43881284E-03
   3986.9180223484800        2.62609273E-02   4.45539411E-03
   3988.3299461237229        2.81436574E-02   4.48557502E-03
   3989.7420960723312        1.68411434E-02   4.19642031E-03
   3991.1544720552106        2.04839762E-02   4.40196367E-03
   3992.5670739332654        2.59824190E-02   4.48830426E-03
   3993.9799015674007        1.85249206E-02   4.36198618E-03
   3995.3929548185206        1.59936603E-02   4.19427408E-03
   3996.8062335475306        2.22631544E-02   4.31149872E-03
   3998.2197376153354        1.61290504E-02   4.24241088E-03
   3999.6334668828399        1.90661345E-02   4.29644622E-03
   4001.0474212109489        2.38727275E-02   4.48473962E-03
   4002.4616004605668        2.76664179E-02   4.65104822E-03
   4003.8760044925989        1.42972777E-02   4.13554022E-03
   4005.2906331679501        2.13391837E-02   4.29127784E-03
   4006.7054863475241        2.27400269E-02   4.33817832E-03
   4008.1205638922274        3.51028517E-02   4.70693922E-03
   4009.5358656629633        2.66116671E-02   4.55056783E-03
   4010.9513915206376        2.67381575E-02   4.53962013E-03
   4012.3671413261545        1.84712708E-02   4.41251602E-03
   4013.7831149404196        1.84684470E-02   4.38221963E-03
   4015.1993122243371        2.10927892E-02   4.45625558E-03
   4016.6157330388119        2.74997484E-02   4.56434069E-03
   4018.0323772447487        3.02454736E-02   4.67676716E-03
   4019.4492447030520        2.15470623E-02   4.47643269E-03
   4020.8663352746275        1.72051266E-02   4.32906067E-03
   4022.2836488203798        1.62640214E-02   4.33043251E-03
   4023.7011852012133        3.23334150E-02   4.71605221E-03
   4025.1189442780328        2.41928548E-02   4.47118841E-03
   4026.5369259117438        2.11295988E-02   4.44164872E-03
   4027.9551299632499        2.47786194E-02   4.51849168E-03
   4029.3735562934571        3.02754808E-02   4.60594287E-03
   4030.7922047632696        6.76411856E-03   3.90955061E-03
   4032.2110752335925        1.74122788E-02   4.08235192E-03
   4033.6301675653308        2.04146542E-02   4.13637841E-03
   4035.0494816193882        1.89042781E-02   4.18387912E-03
   4036.4690172566707        2.31553372E-02   4.41829022E-03
   4037.8887743380828        2.15104632E-02   4.42970684E-03
   4039.3087527245293        2.40402725E-02   4.47000563E-03
   4040.7289522769147        2.62290649E-02   4.57367441E-03
   4042.1493728561441        1.47216031E-02   4.22860170E-03
   4043.5700143231225        2.35604290E-02   4.35552420E-03
   4044.9908765387540        1.96739547E-02   4.15460020E-03
   4046.4119593639439        2.37480700E-02   4.20672866E-03
   4047.8332626595975        2.08675694E-02   4.15920326E-03
   4049.2547862866190        2.34463103E-02   4.43136506E-03
   4050.6765301059131        1.32109709E-02   4.21756180E-03
   4052.0984939783852        2.37191971E-02   4.46134526E-03
   4053.5206777649391        1.94748808E-02   4.27982491E-03
   4054.9430813264812        2.10738182E-02   4.25145729E-03
   4056.3657045239142        2.04652306E-02   4.23260313E-03
   4057.7885472181447        2.03345194E-02   4.12841421E-03
   4059.2116092700771        1.17570218E-02   4.03013406E-03
   4060.6348905406157        2.39344817E-02   4.24744608E-03
   4062.0583908906660        1.80001855E-02   4.15847078E-03
   4063.4821101811322        2.21807733E-02   4.14194167E-03
   4064.9060482729196        2.43559517E-02   4.17655474E-03
   4066.3302050269326        2.12754942E-02   4.10698541E-03
   4067.7545803040762        3.01396754E-02   4.48052818E-03
   4069.1791739652549        1.73227508E-02   4.13358072E-03
   4070.6039858713743        2.08463892E-02   4.21452662E-03
   4072.0290158833386        1.64297037E-02   4.09778859E-03
   4073.4542638620524        2.50258241E-02   4.29752516E-03
   4074.8797296684206        2.12182198E-02   4.22361726E-03
   4076.3054131633489        2.55495515E-02   4.31072898E-03
   4077.7313142077414        2.82886308E-02   4.32480825E-03
   4079.1574326625027        2.20327079E-02   4.15341789E-03
   4080.5837683885379        2.37007514E-02   4.31696745E-03
   4082.0103212467525        2.30109747E-02   4.29263012E-03
   4083.4370910980501        2.05440912E-02   4.29052114E-03
   4084.8640778033359        1.65075753E-02   4.11037309E-03
   4086.2912812235149        1.76208373E-02   4.24076663E-03
   4087.7187012194922        2.34321300E-02   4.39858390E-03
   4089.1463376521720        2.31954046E-02   4.39088885E-03
   4090.5741903824592        1.94306672E-02   4.32506949E-03
   4092.0022592712589        1.84278060E-02   4.25516907E-03
   4093.4305441794759        1.79392155E-02   4.16607456E-03
   4094.8590449680150        2.05154605E-02   4.21562046E-03
   4096.2877614977815        2.65240297E-02   4.35572583E-03
   4097.7166936296790        2.88928151E-02   4.28395299E-03
   4099.1458412246129        2.55727451E-02   4.11762111E-03
   4100.5752041434880        1.76662114E-02   3.87096731E-03
   4102.0047822472088        2.48399042E-02   3.91910085E-03
   4103.4345753966818        1.93557367E-02   3.79143097E-03
   4104.8645834528097        2.18444783E-02   4.03494900E-03
   4106.2948062764981        2.31921822E-02   4.15992644E-03
   4107.7252437286515        2.62961257E-02   4.26576659E-03
   4109.1558956701756        2.18824353E-02   4.22692997E-03
   4110.5867619619739        1.82560962E-02   4.10377560E-03
   4112.0178424649530        1.43532204E-02   3.97639768E-03
   4113.4491370400165        2.40471605E-02   4.33828216E-03
   4114.8806455480690        2.79976707E-02   4.44014650E-03
   4116.3123678500160        2.15591602E-02   4.28433949E-03
   4117.7443038067622        3.25612538E-02   4.52416018E-03
   4119.1764532792113        2.80040223E-02   4.33819322E-03
   4120.6088161282705        3.07759643E-02   4.37076064E-03
   4122.0413922148418        2.52437592E-02   4.24418133E-03
   4123.4741813998326        2.60075219E-02   4.32827417E-03
   4124.9071835441455        2.98964921E-02   4.38793702E-03
   4126.3403985086870        1.65472757E-02   4.10910510E-03
   4127.7738261543609        1.96400173E-02   4.10590088E-03
   4129.2074663420717        2.12822966E-02   4.21788404E-03
   4130.6413189327259        2.02477407E-02   4.05766629E-03
   4132.0753837872271        2.67618895E-02   4.20498569E-03
   4133.5096607664809        1.77803803E-02   3.96984676E-03
   4134.9441497313892        2.34523136E-02   4.13928321E-03
   4136.3788505428611        2.64135841E-02   4.28536441E-03
   4137.8137630617985        2.25968864E-02   4.28025937E-03
   4139.2488871491078        2.85768881E-02   4.45125019E-03
   4140.6842226656927        2.22109836E-02   4.20119893E-03
   4142.1197694724588        2.23224536E-02   4.13135253E-03
   4143.5555274303106        2.11231988E-02   4.10586130E-03
   4144.9914964001518        2.75660697E-02   4.19023447E-03
   4146.4276762428890        1.97318364E-02   4.04623291E-03
   4147.8640668194266        1.57899652E-02   4.00842307E-03
   4149.3006679906684        2.30189003E-02   4.14854614E-03
   4150.7374796175209        2.25893520E-02   4.11259243E-03
   4152.1745015608867        2.13669818E-02   4.12821257E-03
   4153.6117336816733        2.39177290E-02   4.09603631E-03
   4155.0491758407834        1.90876480E-02   3.94833786E-03
   4156.4868278991216        2.74013318E-02   4.14365390E-03
   4157.9246897175954        2.28083935E-02   4.13399003E-03
   4159.3627611571064        3.30516025E-02   4.38014884E-03
   4160.8010420785613        2.86555998E-02   4.30197548E-03
   4162.2395323428636        2.15145238E-02   4.19206405E-03
   4163.6782318109199        2.09600925E-02   4.15187655E-03
   4165.1171403436347        2.74574645E-02   4.31190198E-03
   4166.5562578019108        1.99249443E-02   4.12955601E-03
   4167.9955840466555        2.12614089E-02   4.15886473E-03
   4169.4351189387708        2.61153635E-02   4.21556132E-03
   4170.8748623391648        2.79503670E-02   4.22830554E-03
   4172.3148141087395        2.73117125E-02   4.14488139E-03
   4173.7549741084022        2.35258508E-02   4.02511423E-03
   4175.1953421990556        2.61218082E-02   4.11072420E-03
   4176.6359182416054        2.64295060E-02   4.11919225E-03
   4178.0767020969561        2.64504608E-02   4.12732922E-03
   4179.5176936260141        1.83043275E-02   3.94266564E-03
   4180.9588926896822        2.32211258E-02   4.10466874E-03
   4182.4002991488651        1.21030342E-02   3.76960519E-03
   4183.8419128644691        2.80983001E-02   4.16541565E-03
   4185.2837336973989        1.83081776E-02   3.94078437E-03
   4186.7257615085573        1.89902224E-02   3.92536679E-03
   4188.1679961588525        2.42522266E-02   4.04289924E-03
   4189.6104375091854        2.98040137E-02   4.15328937E-03
   4191.0530854204644        2.41387971E-02   4.07612463E-03
   4192.4959397535913        2.13327110E-02   4.06708056E-03
   4193.9390003694734        2.22783275E-02   4.06487845E-03
   4195.3822671290136        1.83863845E-02   3.91694624E-03
   4196.8257398931182        2.67478786E-02   4.08058055E-03
   4198.2694185226901        2.48823464E-02   3.93944932E-03
   4199.7133028786366        2.64506377E-02   3.95239796E-03
   4201.1573928218613        2.14013420E-02   3.82181187E-03
   4202.6016882132681        2.58362982E-02   4.02085530E-03
   4204.0461889137641        2.33957209E-02   3.99087509E-03
   4205.4908947842523        2.45004185E-02   4.03966010E-03
   4206.9358056856363        2.31462587E-02   4.09040553E-03
   4208.3809214788243        2.04863865E-02   4.01066476E-03
   4209.8262420247183        2.01807432E-02   4.01051342E-03
   4211.2717671842247        1.84985865E-02   3.98329087E-03
   4212.7174968182480        2.20691133E-02   4.06094128E-03
   4214.1634307876930        1.80871077E-02   3.92674422E-03
   4215.6095689534632        2.51688194E-02   4.03373688E-03
   4217.0559111764651        2.30917875E-02   3.95737961E-03
   4218.5024573176033        2.34080981E-02   3.97069706E-03
   4219.9492072377816        2.45011132E-02   4.12745215E-03
   4221.3961607979054        2.69230548E-02   4.14221687E-03
   4222.8433178588803        2.66604591E-02   4.07270016E-03
   4224.2906782816099        2.68964693E-02   3.97924008E-03
   4225.7382419269998        2.86982730E-02   3.87563021E-03
   4227.1860086559536        2.46145967E-02   3.70155950E-03
   4228.6339783293779        2.35806890E-02   3.79210245E-03
   4230.0821508081763        2.50041373E-02   3.99357034E-03
   4231.5305259532543        2.45024674E-02   4.05470841E-03
   4232.9791036255156        2.36688219E-02   3.99782462E-03
   4234.4278836858666        1.89365651E-02   3.82490130E-03
   4235.8768659952111        2.05117427E-02   3.79575347E-03
   4237.3260504144537        2.20561270E-02   3.81255127E-03
   4238.7754368044998        2.47385576E-02   3.85399698E-03
   4240.2250250262541        2.42392402E-02   3.91902495E-03
   4241.6748149406203        2.15682667E-02   3.85693065E-03
   4243.1248064085057        2.23525576E-02   3.89617798E-03
   4244.5749992908131        2.09903978E-02   3.85256764E-03
   4246.0253934484481        2.29108967E-02   3.92287876E-03
   4247.4759887423152        1.39963999E-02   3.64251551E-03
   4248.9267850333190        2.15615761E-02   3.79666127E-03
   4250.3777821823651        2.45055612E-02   3.79956956E-03
   4251.8289800503571        2.43128613E-02   3.80361755E-03
   4253.2803784982016        2.39730235E-02   3.78733454E-03
   4254.7319773868021        2.37500891E-02   3.86990281E-03
   4256.1837765770633        2.72861421E-02   3.88409337E-03
   4257.6357759298899        2.65015755E-02   3.88673716E-03
   4259.0879753061872        2.11935993E-02   3.73945688E-03
   4260.5403745668609        1.23823779E-02   3.41910939E-03
   4261.9929735728138        2.35675592E-02   3.73688317E-03
   4263.4457721849521        1.97237823E-02   3.73334996E-03
   4264.8987702641816        2.41094325E-02   3.92153813E-03
   4266.3519676714050        2.86079571E-02   3.99195543E-03
   4267.8053642675277        1.77361108E-02   3.75900604E-03
   4269.2589599134544        2.32371893E-02   3.78093985E-03
   4270.7127544700916        2.24350505E-02   3.65425949E-03
   4272.1667477983419        1.97173152E-02   3.49029573E-03
   4273.6209397591110        1.76730622E-02   3.47255263E-03
   4275.0753302133044        2.46850159E-02   3.72858671E-03
   4276.5299190218248        1.73240174E-02   3.61977844E-03
   4277.9847060455795        2.87574679E-02   3.95066105E-03
   4279.4396911454724        2.06468143E-02   3.73028591E-03
   4280.8948741824070        2.17531323E-02   3.76002211E-03
   4282.3502550172907        1.99401528E-02   3.69540625E-03
   4283.8058335110263        2.23380383E-02   3.74779105E-03
   4285.2616095245203        2.35020258E-02   3.73804523E-03
   4286.7175829186754        2.11733226E-02   3.63878906E-03
   4288.1737535543962        2.18721684E-02   3.62104131E-03
   4289.6301212925910        2.51585990E-02   3.69218271E-03
   4291.0866859941607        1.64972581E-02   3.46830231E-03
   4292.5434475200127        2.20913440E-02   3.61808739E-03
   4294.0004057310507        2.75353566E-02   3.78650846E-03
   4295.4575604881793        2.20024399E-02   3.66650289E-03
   4296.9149116523040        2.57830191E-02   3.67490039E-03
   4298.3724590843303        2.23704223E-02   3.43857077E-03
   4299.8302026451611        2.43538767E-02   3.45236226E-03
   4301.2881421957018        1.89842768E-02   3.23613151E-03
   4302.7462775968579        2.39211991E-02   3.41756712E-03
   4304.2046087095341        2.32811216E-02   3.37953935E-03
   4305.6631353946350        2.21514162E-02   3.36465496E-03
   4307.1218575130652        2.05327701E-02   3.27386544E-03
   4308.5807749257292        3.23844142E-02   3.52269877E-03
   4310.0398874935327        2.41947509E-02   3.33260675E-03
   4311.4991950773810        1.85660236E-02   3.27597116E-03
   4312.9586975381771        1.80067234E-02   3.36685358E-03
   4314.4183947368265        2.19610799E-02   3.61965364E-03
   4315.8782865342355        2.06837133E-02   3.76027450E-03
   4317.3383727913069        1.96812470E-02   3.78492661E-03
   4318.7986533689464        1.52946105E-02   3.75995226E-03
   4320.2591281280593        2.01493725E-02   3.78539017E-03
   4321.7197969295485        1.78371705E-02   3.69030959E-03
   4323.1806596343213        2.58600023E-02   3.72309913E-03
   4324.6417161032814        2.74975374E-02   3.62275960E-03
   4326.1029661973325        2.41902433E-02   3.48682678E-03
   4327.5644097773811        2.43814923E-02   3.66545771E-03
   4329.0260467043317        2.28411518E-02   3.73408641E-03
   4330.4878768390890        2.17829123E-02   3.78976809E-03
   4331.9499000425567        2.44322568E-02   3.79801774E-03
   4333.4121161756411        2.85067428E-02   3.90362600E-03
   4334.8745250992461        2.41821464E-02   3.81053472E-03
   4336.3371266742779        2.31509618E-02   3.71887488E-03
   4337.7999207616385        2.34962329E-02   3.59648187E-03
   4339.2629072222362        2.35748999E-02   3.43277748E-03
   4340.7260859169737        2.32677907E-02   3.39306844E-03
   4342.1894567067548        1.71671156E-02   3.28207482E-03
   4343.6530194524876        1.98479202E-02   3.44525999E-03
   4345.1167740150740        1.65542979E-02   3.52342171E-03
   4346.5807202554197        2.00730190E-02   3.65104177E-03
   4348.0448580344300        2.29987763E-02   3.74307251E-03
   4349.5091872130097        1.98444780E-02   3.63695086E-03
   4350.9737076520632        1.83288921E-02   3.54265468E-03
   4352.4384192124953        2.66544074E-02   3.68895568E-03
   4353.9033217552114        1.75282825E-02   3.49575980E-03
   4355.3684151411153        1.75618771E-02   3.54792178E-03
   4356.8336992311115        2.62947530E-02   3.78741138E-03
   4358.2991738861074        2.34960243E-02   3.68780107E-03
   4359.7648389670039        2.07156204E-02   3.65019240E-03
   4361.2306943347094        2.51164138E-02   3.77884437E-03
   4362.6967398501274        2.47244202E-02   3.82690062E-03
   4364.1629753741618        2.15867888E-02   3.72825074E-03
   4365.6294007677188        2.43895277E-02   3.81707144E-03
   4367.0960158917032        1.79162510E-02   3.65113677E-03
   4368.5628206070178        1.96520891E-02   3.64496373E-03
   4370.0298147745698        1.92548428E-02   3.57422791E-03
   4371.4969982552639        2.65148450E-02   3.75059131E-03
   4372.9643709100028        1.76988728E-02   3.50772659E-03
   4374.4319325996930        2.56279744E-02   3.64617514E-03
   4375.8996831852382        2.08431836E-02   3.51729477E-03
   4377.3676225275449        1.96782183E-02   3.53519130E-03
   4378.8357504875166        2.00618953E-02   3.58222704E-03
   4380.3040669260581        1.98864471E-02   3.56740039E-03
   4381.7725717040748        2.72786263E-02   3.62140127E-03
   4383.2412646824714        2.09406074E-02   3.31171369E-03
   4384.7101457221534        1.98873188E-02   3.29034496E-03
   4386.1792146840235        1.88728180E-02   3.31300218E-03
   4387.6484714289882        2.26460677E-02   3.52003099E-03
   4389.1179158179511        2.33545247E-02   3.58186685E-03
   4390.5875477118198        1.90098975E-02   3.44127999E-03
   4392.0573669714959        1.77003406E-02   3.49315419E-03
   4393.5273734578859        2.39204206E-02   3.63669754E-03
   4394.9975670318927        2.59350762E-02   3.67255672E-03
   4396.4679475544244        2.37622336E-02   3.62920924E-03
   4397.9385148863830        2.13770606E-02   3.59074143E-03
   4399.4092688886749        2.66711246E-02   3.71269369E-03
   4400.8802094222046        1.96693074E-02   3.51066026E-03
   4402.3513363478760        2.07514353E-02   3.49250040E-03
   4403.8226495265935        2.05791295E-02   3.46724433E-03
   4405.2941488192646        1.97336972E-02   3.44883115E-03
   4406.7658340867920        2.63339765E-02   3.55175789E-03
   4408.2377051900812        1.86550152E-02   3.51285725E-03
   4409.7097619900369        1.47599606E-02   3.43456562E-03
   4411.1820043475636        1.48916021E-02   3.51371500E-03
   4412.6544321235651        2.43965052E-02   3.73360352E-03
   4414.1270451789496        2.07508933E-02   3.59337847E-03
   4415.5998433746181        2.13614404E-02   3.56799830E-03
   4417.0728265714779        1.77646410E-02   3.46577936E-03
   4418.5459946304327        2.09458992E-02   3.58815142E-03
   4420.0193474123880        2.28847247E-02   3.71153513E-03
   4421.4928847782476        1.94481425E-02   3.61914141E-03
   4422.9666065889169        2.00829115E-02   3.63611663E-03
   4424.4405127053014        1.32452743E-02   3.44274798E-03
   4425.9146029883050        2.11520661E-02   3.58771044E-03
   4427.3888772988330        2.09007710E-02   3.61938705E-03
   4428.8633354977892        1.76746100E-02   3.58302915E-03
   4430.3379774460791        2.44240016E-02   3.67999030E-03
   4431.8128030046082        1.31404120E-02   3.37278121E-03
   4433.2878120342812        1.44673446E-02   3.40519357E-03
   4434.7630043960016        2.05098856E-02   3.48958280E-03
   4436.2383799506742        2.03720536E-02   3.56683997E-03
   4437.7139385592063        2.38222536E-02   3.64555581E-03
   4439.1896800825007        2.90672053E-02   3.80874332E-03
   4440.6656043814619        2.60792542E-02   3.74393840E-03
   4442.1417113169955        2.70370785E-02   3.68601549E-03
   4443.6180007500061        1.84162389E-02   3.52313765E-03
   4445.0944725413992        1.89180132E-02   3.48927197E-03
   4446.5711265520786        2.16667727E-02   3.63624445E-03
   4448.0479626429496        1.46550648E-02   3.50562762E-03
   4449.5249806749171        2.16528419E-02   3.65244993E-03
   4451.0021805088854        2.02608872E-02   3.62447207E-03
   4452.4795620057603        2.55565513E-02   3.70140024E-03
   4453.9571250264462        2.53588445E-02   3.65583622E-03
   4455.4348694318469        2.88924910E-02   3.70606524E-03
   4456.9127950828688        2.64201630E-02   3.58547433E-03
   4458.3909018404147        2.39909701E-02   3.54053196E-03
   4459.8691895653919        1.67085025E-02   3.40503664E-03
   4461.3476581187033        2.44572423E-02   3.57929035E-03
   4462.8263073612543        1.99843403E-02   3.55152483E-03
   4464.3051371539495        2.22113095E-02   3.59182921E-03
   4465.7841473576946        3.46386768E-02   3.87188909E-03
   4467.2633378333931        2.39100661E-02   3.67469387E-03
   4468.7427084419523        1.85509864E-02   3.54335457E-03
   4470.2222590442725        1.90529693E-02   3.52391507E-03
   4471.7019895012636        2.81151570E-02   3.78171261E-03
   4473.1818996738266        1.89433545E-02   3.62590700E-03
   4474.6619894228688        2.58938931E-02   3.80118447E-03
   4476.1422586092931        2.03979053E-02   3.67097789E-03
   4477.6227070940058        2.45937183E-02   3.76948202E-03
   4479.1033347379107        2.94624157E-02   3.82013363E-03
   4480.5841414019133        2.49758065E-02   3.68424552E-03
   4482.0651269469181        2.22921092E-02   3.59417568E-03
   4483.5462912338298        2.65401676E-02   3.74336983E-03
   4485.0276341235540        2.30334904E-02   3.69711453E-03
   4486.5091554769942        2.59955600E-02   3.79247894E-03
   4487.9908551550552        2.45260801E-02   3.72219598E-03
   4489.4727330186442        2.78901160E-02   3.72603000E-03
   4490.9547889286623        2.31196303E-02   3.67073528E-03
   4492.4370227460176        2.42076088E-02   3.70926643E-03
   4493.9194343316140        1.85945593E-02   3.58345290E-03
   4495.4020235463549        2.34813802E-02   3.67283775E-03
   4496.8847902511461        2.40154825E-02   3.70056625E-03
   4498.3677343068930        2.30564624E-02   3.67278303E-03
   4499.8508555745002        2.28541810E-02   3.69029166E-03
   4501.3341539148714        1.97138302E-02   3.67227849E-03
   4502.8176291889131        2.20039915E-02   3.67574859E-03
   4504.3012812575289        2.48881001E-02   3.76198441E-03
   4505.7851099816235        1.98298022E-02   3.73274786E-03
   4507.2691152221023        1.96913872E-02   3.65513377E-03
   4508.7532968398700        2.56567355E-02   3.81725468E-03
   4510.2376546958321        2.74348389E-02   3.84836039E-03
   4511.7221886508914        2.60280482E-02   3.76785011E-03
   4513.2068985659553        1.90942381E-02   3.59611586E-03
   4514.6917843019264        1.63649265E-02   3.53782345E-03
   4516.1768457197104        2.07031853E-02   3.60561954E-03
   4517.6620826802127        2.43744440E-02   3.71168950E-03
   4519.1474950443371        1.14113921E-02   3.39595717E-03
   4520.6330826729891        2.03964282E-02   3.63187934E-03
   4522.1188454270732        2.24190447E-02   3.68989585E-03
   4523.6047831674932        2.72196904E-02   3.77289555E-03
   4525.0908957551565        2.76049115E-02   3.77293210E-03
   4526.5771830509666        2.03837473E-02   3.51241138E-03
   4528.0636449158274        2.37098597E-02   3.57230892E-03
   4529.5502812106442        1.57673918E-02   3.35882534E-03
   4531.0370917963228        2.29276326E-02   3.60215222E-03
   4532.5240765337676        1.75655000E-02   3.41623882E-03
   4534.0112352838814        2.47058216E-02   3.59365926E-03
   4535.4985679075717        2.67671645E-02   3.69853457E-03
   4536.9860742657429        2.63847429E-02   3.67859285E-03
   4538.4737542192970        1.70834344E-02   3.52887693E-03
   4539.9616076291431        3.45553756E-02   3.93432751E-03
   4541.4496343561841        2.56064869E-02   3.71942320E-03
   4542.9378342613236        2.39103511E-02   3.69669823E-03
   4544.4262072054680        2.36449130E-02   3.67083214E-03
   4545.9147530495211        1.79881323E-02   3.50313447E-03
   4547.4034716543883        2.25249771E-02   3.61491344E-03
   4548.8923628809744        1.68658271E-02   3.46263452E-03
   4550.3814265901847        2.30836961E-02   3.60498065E-03
   4551.8706626429221        2.10125316E-02   3.52643081E-03
   4553.3600709000948        2.21555568E-02   3.57547053E-03
   4554.8496512226038        2.07008943E-02   3.51067469E-03
   4556.3394034713565        1.86767224E-02   3.52843967E-03
   4557.8293275072556        2.20118966E-02   3.59251583E-03
   4559.3194231912094        1.55794881E-02   3.54490941E-03
   4560.8096903841188        2.18746252E-02   3.65714286E-03
   4562.3001289468912        2.88118180E-02   3.79657885E-03
   4563.7907387404293        2.18950380E-02   3.60869546E-03
   4565.2815196256406        2.08909381E-02   3.55961500E-03
   4566.7724714634278        1.62481405E-02   3.49851488E-03
   4568.2635941146955        1.89347155E-02   3.57712456E-03
   4569.7548874403510        2.56863926E-02   3.67745990E-03
   4571.2463513012972        2.29224376E-02   3.62185156E-03
   4572.7379855584377        1.68764070E-02   3.47047811E-03
   4574.2297900726799        2.61585750E-02   3.66267259E-03
   4575.7217647049274        2.68761329E-02   3.74609977E-03
   4577.2139093160858        2.40157731E-02   3.66401253E-03
   4578.7062237670589        1.86692290E-02   3.50959902E-03
   4580.1987079187511        1.71217564E-02   3.44422483E-03
   4581.6913616320689        2.22539399E-02   3.49812955E-03
   4583.1841847679152        2.66217347E-02   3.60662490E-03
   4584.6771771871972        1.88287441E-02   3.47900507E-03
   4586.1703387508178        1.35311885E-02   3.31657520E-03
   4587.6636693196824        2.23064944E-02   3.54964170E-03
   4589.1571687546948        1.68072190E-02   3.46792070E-03
   4590.6508369167614        2.10801736E-02   3.54454434E-03
   4592.1446736667867        2.26482078E-02   3.57795600E-03
   4593.6386788656746        2.30644848E-02   3.54796415E-03
   4595.1328523743314        2.71416046E-02   3.60462256E-03
   4596.6271940536599        1.78423505E-02   3.41967726E-03
   4598.1217037645674        2.07328293E-02   3.48921702E-03
   4599.6163813679559        2.18648221E-02   3.50715430E-03
   4601.1112267247327        2.20811032E-02   3.53881111E-03
   4602.6062396958005        2.53683515E-02   3.60008702E-03
   4604.1014201420658        2.16452833E-02   3.49821849E-03
   4605.5967679244332        1.78427286E-02   3.43829999E-03
   4607.0922829038063        3.01958788E-02   3.75226513E-03
   4608.5879649410917        2.21249573E-02   3.55016300E-03
   4610.0838138971922        2.16862690E-02   3.56508512E-03
   4611.5798296330149        2.98522580E-02   3.74307972E-03
   4613.0760120094619        2.19208132E-02   3.50619107E-03
   4614.5723608874405        2.32087541E-02   3.53890215E-03
   4616.0688761278534        1.69463903E-02   3.43847531E-03
   4617.5655575916080        2.55160406E-02   3.62542388E-03
   4619.0624051396062        2.10997295E-02   3.49874422E-03
   4620.5594186327544        2.58826502E-02   3.59286694E-03
   4622.0565979319581        1.95928682E-02   3.47942789E-03
   4623.5539428981210        2.00938638E-02   3.47261201E-03
   4625.0514533921469        2.06037685E-02   3.54511291E-03
   4626.5491292749430        2.41430309E-02   3.59882624E-03
   4628.0469704074130        1.99633595E-02   3.47181759E-03
   4629.5449766504626        2.40436420E-02   3.61567619E-03
   4631.0431478649934        2.27846913E-02   3.54854809E-03
   4632.5414839119148        2.07569227E-02   3.46829696E-03
   4634.0399846521277        2.17495076E-02   3.52714024E-03
   4635.5386499465394        2.89399512E-02   3.69014684E-03
   4637.0374796560536        1.97545160E-02   3.48272221E-03
   4638.5364736415759        2.18434334E-02   3.47794709E-03
   4640.0356317640089        1.58245657E-02   3.32467817E-03
   4641.5349538842611        2.24134289E-02   3.45849129E-03
   4643.0344398632342        1.70703307E-02   3.40313115E-03
   4644.5340895618347        1.87489651E-02   3.44259874E-03
   4646.0339028409671        2.00716238E-02   3.41440551E-03
   4647.5338795615344        1.84121933E-02   3.31594702E-03
   4649.0340195844437        2.76568756E-02   3.56203807E-03
   4650.5343227705989        1.89178400E-02   3.37415212E-03
   4652.0347889809063        2.62482837E-02   3.59094678E-03
   4653.5354180762679        1.89699363E-02   3.40568414E-03
   4655.0362099175909        1.98570620E-02   3.40918615E-03
   4656.5371643657791        2.13255398E-02   3.45545658E-03
   4658.0382812817370        2.28318442E-02   3.51767847E-03
   4659.5395605263702        1.90627556E-02   3.47683183E-03
   4661.0410019605833        2.27737762E-02   3.55317397E-03
   4662.5426054452801        1.53816612E-02   3.33307660E-03
   4664.0443708413677        2.28237920E-02   3.47105577E-03
   4665.5462980097482        2.21772194E-02   3.40996706E-03
   4667.0483868113288        2.22914889E-02   3.36924661E-03
   4668.5506371070123        2.58504171E-02   3.42183304E-03
   4670.0530487577053        2.46452373E-02   3.47336731E-03
   4671.5556216243112        2.46207248E-02   3.49339377E-03
   4673.0583555677349        2.27060001E-02   3.46587319E-03
   4674.5612504488827        2.39697732E-02   3.50931985E-03
   4676.0643061286582        1.90401878E-02   3.41749797E-03
   4677.5675224679662        2.25594416E-02   3.48743540E-03
   4679.0708993277121        2.44703311E-02   3.52809182E-03
   4680.5744365687988        1.91877894E-02   3.33671179E-03
   4682.0781340521335        2.33997796E-02   3.51059437E-03
   4683.5819916386208        2.39613354E-02   3.49268108E-03
   4685.0860091891636        2.52357684E-02   3.53519432E-03
   4686.5901865646701        2.95908116E-02   3.63963563E-03
   4688.0945236260413        2.33732052E-02   3.52176698E-03
   4689.5990202341836        2.52161995E-02   3.53280641E-03
   4691.1036762500025        1.94092803E-02   3.39980866E-03
   4692.6084915344027        2.65018661E-02   3.58497421E-03
   4694.1134659482877        2.21739709E-02   3.50023434E-03
   4695.6185993525633        2.80376766E-02   3.58285382E-03
   4697.1238916081347        2.66196411E-02   3.60389473E-03
   4698.6293425759059        2.81318035E-02   3.56288254E-03
   4700.1349521167822        2.36526672E-02   3.46962246E-03
   4701.6407200916674        1.46322204E-02   3.23687983E-03
   4703.1466463614679        2.02741474E-02   3.35836527E-03
   4704.6527307870865        2.66311839E-02   3.49351065E-03
   4706.1589732294315        2.38927994E-02   3.47702927E-03
   4707.6653735494028        2.66740080E-02   3.53482342E-03
   4709.1719316079098        2.82086469E-02   3.53411702E-03
   4710.6786472658550        2.36597210E-02   3.54138250E-03
   4712.1855203841433        2.06893366E-02   3.39583098E-03
   4713.6925508236800        1.69617981E-02   3.34508903E-03
   4715.1997384453698        2.15024799E-02   3.41726327E-03
   4716.7070831101182        2.68498976E-02   3.58035788E-03
   4718.2145846788280        1.86097734E-02   3.47480155E-03
   4719.7222430124048        1.77404229E-02   3.40697542E-03
   4721.2300579717548        2.01388765E-02   3.47819435E-03
   4722.7380294177819        1.50749180E-02   3.37573467E-03
   4724.2461572113907        2.06650980E-02   3.52196838E-03
   4725.7544412134866        2.02832520E-02   3.46795795E-03
   4727.2628812849734        1.87517349E-02   3.40344198E-03
   4728.7714772867566        1.47290919E-02   3.31014814E-03
   4730.2802290797408        1.78978406E-02   3.34153371E-03
   4731.7891365248315        2.11666729E-02   3.41194100E-03
   4733.2981994829333        2.76330076E-02   3.57772433E-03
   4734.8074178149509        2.33973656E-02   3.47755267E-03
   4736.3167913817879        2.58568935E-02   3.52761429E-03
   4737.8263200443507        2.40208060E-02   3.53866280E-03
   4739.3360036635431        2.56762318E-02   3.54274176E-03
   4740.8458421002706        2.62858383E-02   3.57021904E-03
   4742.3558352154378        1.94505919E-02   3.47764301E-03
   4743.8659828699492        2.87605934E-02   3.64006544E-03
   4745.3762849247105        2.25596372E-02   3.51239135E-03
   4746.8867412406244        2.06915438E-02   3.52161145E-03
   4748.3973516785982        2.21736114E-02   3.52028734E-03
   4749.9081160995356        1.64868999E-02   3.35920323E-03
   4751.4190343643422        2.03912016E-02   3.46228341E-03
   4752.9301063339217        2.04354748E-02   3.44538339E-03
   4754.4413318691786        2.04807017E-02   3.43452231E-03
   4755.9527108310194        1.87924467E-02   3.36816208E-03
   4757.4642430803478        2.20036451E-02   3.47520947E-03
   4758.9759284780685        2.23682653E-02   3.51370499E-03
   4760.4877668850868        1.76198538E-02   3.38671496E-03
   4761.9997581623074        2.46309098E-02   3.53699643E-03
   4763.5119021706350        2.01692302E-02   3.39541887E-03
   4765.0241987709742        2.25036778E-02   3.42494133E-03
   4766.5366478242304        2.50178240E-02   3.49088944E-03
   4768.0492491913083        1.94427203E-02   3.41681950E-03
   4769.5620027331124        2.18187775E-02   3.49404593E-03
   4771.0749083105475        2.08363347E-02   3.45162628E-03
   4772.5879657845171        1.72440782E-02   3.41513660E-03
   4774.1011750159296        2.13760938E-02   3.46827181E-03
   4775.6145358656868        2.71465052E-02   3.65219032E-03
   4777.1280481946933        2.03843936E-02   3.51402489E-03
   4778.6417118638556        2.71267761E-02   3.65397544E-03
   4780.1555267340791        1.92905031E-02   3.44906934E-03
   4781.6694926662658        1.62494648E-02   3.38454102E-03
   4783.1836095213230        1.76631529E-02   3.39935045E-03
   4784.6978771601543        1.79302748E-02   3.38542415E-03
   4786.2122954436645        2.09395792E-02   3.45508941E-03
   4787.7268642327599        2.30511818E-02   3.48693691E-03
   4789.2415833883433        2.13879999E-02   3.44594242E-03
   4790.7564527713193        2.45757550E-02   3.55594628E-03
   4792.2714722425962        1.92615129E-02   3.47071211E-03
   4793.7866416630750        1.94099098E-02   3.46863503E-03
   4795.3019608936620        2.11718138E-02   3.55763920E-03
   4796.8174297952610        1.99248865E-02   3.47433961E-03
   4798.3330482287793        1.95232481E-02   3.47283203E-03
   4799.8488160551196        1.89054087E-02   3.43454070E-03
   4801.3647331351867        2.07534041E-02   3.45361722E-03
   4802.8807993298869        1.69606451E-02   3.39284656E-03
   4804.3970145001231        2.31545288E-02   3.54362885E-03
   4805.9133785068016        2.06645466E-02   3.44896386E-03
   4807.4298912108261        1.80098768E-02   3.40289949E-03
   4808.9465524731031        2.10577380E-02   3.44721624E-03
   4810.4633621545354        1.57630220E-02   3.33570782E-03
   4811.9803201160303        1.34087773E-02   3.31253652E-03
   4813.4974262184896        1.55885490E-02   3.40467226E-03
   4815.0146803228199        1.61544643E-02   3.39701516E-03
   4816.5320822899257        1.97844487E-02   3.47729144E-03
   4818.0496319807107        1.96581017E-02   3.47498432E-03
   4819.5673292560823        9.44544747E-03   3.26516759E-03
   4821.0851739769441        2.01824661E-02   3.50509002E-03
   4822.6031660041999        1.84917804E-02   3.44355404E-03
   4824.1213051987543        1.58292428E-02   3.33597674E-03
   4825.6395914215145        1.35089243E-02   3.31615633E-03
   4827.1580245333835        1.53118344E-02   3.34805809E-03
   4828.6766043952666        1.92056447E-02   3.44935269E-03
   4830.1953308680677        1.94057431E-02   3.44097614E-03
   4831.7142038126931        1.81161053E-02   3.40453512E-03
   4833.2332230900465        2.13311408E-02   3.44905327E-03
   4834.7523885610335        2.09277980E-02   3.43965041E-03
   4836.2717000865587        2.57338118E-02   3.57095152E-03
   4837.7911575275257        2.00431999E-02   3.48326238E-03
   4839.3107607448419        1.52329840E-02   3.31720454E-03
   4840.8305095994101        2.44176537E-02   3.50017939E-03
   4842.3504039521358        2.49788053E-02   3.54269845E-03
   4843.8704436639227        2.22302694E-02   3.46978242E-03
   4845.3906285956773        2.28635781E-02   3.50003899E-03
   4846.9109586083032        2.10177004E-02   3.47480015E-03
   4848.4314335627059        2.39219069E-02   3.49881686E-03
   4849.9520533197901        2.72163507E-02   3.54053965E-03
   4851.4728177404604        3.00646275E-02   3.65238986E-03
   4852.9937266856205        1.73908472E-02   3.30422213E-03
   4854.5147800161785        2.09315028E-02   3.37464642E-03
   4856.0359775930356        3.06806788E-02   3.56486696E-03
   4857.5573192770980        2.13782173E-02   3.27146729E-03
   4859.0788049292714        1.89123321E-02   3.18325218E-03
   4860.6004344104604        2.05261428E-02   3.09059699E-03
   4862.1222075815676        2.12557688E-02   3.06541892E-03
   4863.6441243035006        2.48047505E-02   3.24180815E-03
   4865.1661844371629        2.69157793E-02   3.40434909E-03
   4866.6883878434592        2.68096551E-02   3.47845326E-03
   4868.2107343832949        2.10925695E-02   3.33704357E-03
   4869.7332239175748        2.04717964E-02   3.28789256E-03
   4871.2558563072025        2.32827403E-02   3.35146696E-03
   4872.7786314130853        2.27292459E-02   3.30793881E-03
   4874.3015490961252        2.21635178E-02   3.32339201E-03
   4875.8246092172285        2.38746796E-02   3.42945522E-03
   4877.3478116373008        2.69741192E-02   3.50289815E-03
   4878.8711562172439        2.55939737E-02   3.50025157E-03
   4880.3946428179661        2.51985453E-02   3.49763874E-03
   4881.9182713003711        2.19594855E-02   3.45086702E-03
   4883.4420415253617        2.62851994E-02   3.51687474E-03
   4884.9659533538461        1.91739146E-02   3.34718265E-03
   4886.4900066467262        1.65098310E-02   3.22214863E-03
   4888.0142012649085        1.27385203E-02   3.16986977E-03
   4889.5385370692975        1.76259484E-02   3.24525731E-03
   4891.0630139207969        1.37112001E-02   3.10648000E-03
   4892.5876316803133        1.90687347E-02   3.29483859E-03
   4894.1123902087502        1.89305618E-02   3.37008922E-03
   4895.6372893670132        1.29969520E-02   3.29163414E-03
   4897.1623290160060        2.32057478E-02   3.51893203E-03
   4898.6875090166359        1.46006495E-02   3.30595020E-03
   4900.2128292298048        2.30264738E-02   3.47450073E-03
   4901.7382895164183        1.92786679E-02   3.41506000E-03
   4903.2638897373818        1.90493967E-02   3.35786119E-03
   4904.7896297535999        2.01343521E-02   3.39891110E-03
   4906.3155094259773        1.82985160E-02   3.36774322E-03
   4907.8415286154195        1.82369109E-02   3.33795650E-03
   4909.3676871828311        2.28629261E-02   3.41849797E-03
   4910.8939849891158        2.49560755E-02   3.46088083E-03
   4912.4204218951791        2.11645141E-02   3.36718699E-03
   4913.9469977619256        2.43277047E-02   3.47938761E-03
   4915.4737124502617        1.82017833E-02   3.35221435E-03
   4917.0005658210903        2.15481874E-02   3.44465859E-03
   4918.5275577353168        1.54297156E-02   3.16522084E-03
   4920.0546880538459        1.79226901E-02   3.17538949E-03
   4921.5819566375831        2.53674928E-02   3.34318983E-03
   4923.1093633474311        2.39360742E-02   3.33080697E-03
   4924.6369080442983        2.27024555E-02   3.36711737E-03
   4926.1645905890864        1.88825615E-02   3.29519436E-03
   4927.6924108427011        1.92075316E-02   3.38713033E-03
   4929.2203686660487        2.54455134E-02   3.52803525E-03
   4930.7484639200320        2.34988183E-02   3.48004350E-03
   4932.2766964655566        2.51993425E-02   3.50829191E-03
   4933.8050661635270        2.41619255E-02   3.46475490E-03
   4935.3335728748480        2.41177157E-02   3.42212594E-03
   4936.8622164604258        2.02550795E-02   3.31393373E-03
   4938.3909967811633        2.37843748E-02   3.36529827E-03
   4939.9199136979669        2.02848390E-02   3.30606638E-03
   4941.4489670717385        2.03108061E-02   3.36610829E-03
   4942.9781567633872        2.54073273E-02   3.51056620E-03
   4944.5074826338141        2.07770988E-02   3.39282886E-03
   4946.0369445439273        2.12509781E-02   3.42629105E-03
   4947.5665423546288        1.38860801E-02   3.23765818E-03
   4949.0962759268250        2.48991158E-02   3.49373231E-03
   4950.6261451214195        2.13046540E-02   3.44612054E-03
   4952.1561497993189        9.13531147E-03   3.13611585E-03
   4953.6862898214258        2.01674700E-02   3.41087580E-03
   4955.2165650486468        1.84205119E-02   3.29291914E-03
   4956.7469753418854        1.69551075E-02   3.22642247E-03
   4958.2775205620483        2.23543141E-02   3.34591861E-03
   4959.8082005700371        1.99492164E-02   3.33374087E-03
   4961.3390152267602        2.04644818E-02   3.38583533E-03
   4962.8699643931204        1.93579551E-02   3.42940073E-03
   4964.4010479300232        1.88868139E-02   3.37480591E-03
   4965.9322656983732        2.08146106E-02   3.39336926E-03
   4967.4636175590749        2.19024606E-02   3.38304206E-03
   4968.9951033730331        2.89438367E-02   3.53445997E-03
   4970.5267230011532        1.75885670E-02   3.29694245E-03
   4972.0584763043398        1.83904525E-02   3.37009504E-03
   4973.5903631434967        2.24829428E-02   3.42892669E-03
   4975.1223833795302        2.22153924E-02   3.44426883E-03
   4976.6545368733450        2.34600548E-02   3.47036473E-03
   4978.1868234858448        1.88652836E-02   3.35539738E-03
   4979.7192430779351        1.26586352E-02   3.19418288E-03
   4981.2517955105213        2.01947242E-02   3.30007868E-03
   4982.7844806445073        2.14968603E-02   3.27543542E-03
   4984.3172983407976        1.69018209E-02   3.17348540E-03
   4985.8502484602986        1.53004257E-02   3.18439282E-03
   4987.3833308639132        2.49855500E-02   3.44358641E-03
   4988.9165454125477        1.89021286E-02   3.39752831E-03
   4990.4498919671059        2.11535934E-02   3.39296227E-03
   4991.9833703884924        2.47361977E-02   3.43560707E-03
   4993.5169805376136        2.50123423E-02   3.47755756E-03
   4995.0507222753731        2.77411900E-02   3.53758410E-03
   4996.5845954626766        2.44935304E-02   3.47953592E-03
   4998.1185999604277        2.93553341E-02   3.55262985E-03
   4999.6527356295319        2.67050955E-02   3.54242348E-03
   5001.1870023308948        2.26579122E-02   3.37606180E-03
   5002.7213999254191        2.15344187E-02   3.34689673E-03
   5004.2559282740112        3.15125547E-02   3.54374829E-03
   5005.7905872375759        2.71822289E-02   3.43227806E-03
   5007.3253766770176        2.56540496E-02   3.42017622E-03
   5008.8602964532402        2.19118595E-02   3.35463509E-03
   5010.3953464271508        1.84033569E-02   3.31908208E-03
   5011.9305264596524        2.16256473E-02   3.34188063E-03
   5013.4658364116503        1.89767610E-02   3.28346156E-03
   5015.0012761440494        1.94293913E-02   3.25100147E-03
   5016.5368455177550        2.43096370E-02   3.38098174E-03
   5018.0725443936708        1.81385390E-02   3.27645103E-03
   5019.6083726327015        3.07309087E-02   3.53002176E-03
   5021.1443300957535        2.40713283E-02   3.42066027E-03
   5022.6804166437305        1.92649290E-02   3.32422857E-03
   5024.2166321375371        2.41544675E-02   3.43854609E-03
   5025.7529764380797        2.35269070E-02   3.45780887E-03
   5027.2894494062612        2.19501723E-02   3.38648702E-03
   5028.8260509029878        2.70973984E-02   3.54301720E-03
   5030.3627807891617        2.84185354E-02   3.55021446E-03
   5031.8996389256909        2.42592990E-02   3.52532486E-03
   5033.4366251734800        2.89124809E-02   3.57934413E-03
   5034.9737393934320        3.22700143E-02   3.63858859E-03
   5036.5109814464531        2.05387585E-02   3.39271687E-03
   5038.0483511934463        1.87577400E-02   3.34667484E-03
   5039.5858484953187        2.32095346E-02   3.37470556E-03
   5041.1234732129733        2.21391302E-02   3.35612171E-03
   5042.6612252073155        2.69629788E-02   3.46591184E-03
   5044.1991043392509        2.35787034E-02   3.47119430E-03
   5045.7371104696840        2.82571670E-02   3.58820986E-03
   5047.2752434595186        2.90534459E-02   3.60897859E-03
   5048.8135031696611        2.33688708E-02   3.45252384E-03
   5050.3518894610143        1.89681090E-02   3.33521469E-03
   5051.8904021944845        2.07791198E-02   3.35997343E-03
   5053.4290412309765        1.94911156E-02   3.36990505E-03
   5054.9678064313939        1.55643886E-02   3.31117166E-03
   5056.5066976566432        1.81809701E-02   3.40552535E-03
   5058.0457147676289        2.91545764E-02   3.65605741E-03
   5059.5848576252547        2.35138554E-02   3.54256784E-03
   5061.1241260904262        1.36877624E-02   3.30434111E-03
   5062.6635200240480        2.79794317E-02   3.63274780E-03
   5064.2030392870247        2.08030380E-02   3.45531199E-03
   5065.7426837402618        2.06196029E-02   3.42614832E-03
   5067.2824532446630        2.33411938E-02   3.46906437E-03
   5068.8223476611347        2.20089257E-02   3.43616051E-03
   5070.3623668505797        2.27230322E-02   3.47468886E-03
   5071.9025106739045        2.09568068E-02   3.45438137E-03
   5073.4427789920137        2.14158446E-02   3.45422840E-03
   5074.9831716658118        2.49042735E-02   3.52503965E-03
   5076.5236885562026        1.81865189E-02   3.41549795E-03
   5078.0643295240934        1.95150264E-02   3.38596525E-03
   5079.6050944303861        1.66194011E-02   3.25021544E-03
   5081.1459831359871        2.25411747E-02   3.39222513E-03
   5082.6869955018010        2.34331992E-02   3.43350321E-03
   5084.2281313887333        2.00663600E-02   3.41771450E-03
   5085.7693906576878        2.44372506E-02   3.50324530E-03
   5087.3107731695691        2.27875523E-02   3.52578843E-03
   5088.8522787852826        2.10778154E-02   3.50269419E-03
   5090.3939073657330        2.24483348E-02   3.50677432E-03
   5091.9356587718257        2.36109067E-02   3.54799186E-03
   5093.4775328644655        2.07035430E-02   3.50127951E-03
   5095.0195295045560        1.51310004E-02   3.34205758E-03
   5096.5616485530027        2.27790847E-02   3.50461411E-03
   5098.1038898707102        1.73661970E-02   3.33700166E-03
   5099.6462533185841        2.02090349E-02   3.39777255E-03
   5101.1887387575289        1.75049640E-02   3.37929372E-03
   5102.7313460484484        2.62396559E-02   3.60440160E-03
   5104.2740750522489        1.91951953E-02   3.46004614E-03
   5105.8169256298343        2.38470621E-02   3.52487504E-03
   5107.3598976421090        1.81957278E-02   3.34199262E-03
   5108.9029909499786        2.28701252E-02   3.47438012E-03
   5110.4462054143487        1.89548247E-02   3.37601150E-03
   5111.9895408961220        1.89313814E-02   3.40504153E-03
   5113.5329972562040        2.18131300E-02   3.51770292E-03
   5115.0765743555012        1.77410636E-02   3.40738427E-03
   5116.6202720549172        1.98384579E-02   3.46925668E-03
   5118.1640902153567        1.81598496E-02   3.48141463E-03
   5119.7080286977243        1.49284340E-02   3.33965686E-03
   5121.2520873629255        2.00020354E-02   3.46354302E-03
   5122.7962660718649        2.15652194E-02   3.44205298E-03
   5124.3405646854462        2.19042171E-02   3.44503578E-03
   5125.8849830645759        1.78039819E-02   3.33382585E-03
   5127.4295210701575        1.83120072E-02   3.38088395E-03
   5128.9741785630968        2.21961923E-02   3.42246774E-03
   5130.5189554042981        2.66890526E-02   3.60590639E-03
   5132.0638514546663        2.18861997E-02   3.46688484E-03
   5133.6088665751058        3.33235450E-02   3.72279715E-03
   5135.1540006265222        1.90373063E-02   3.39253782E-03
   5136.6992534698202        1.74080096E-02   3.39534180E-03
   5138.2446249659042        2.41055321E-02   3.47793754E-03
   5139.7901149756799        2.54738443E-02   3.48450919E-03
   5141.3357233600509        1.60626527E-02   3.31990980E-03
   5142.8814499799219        1.96352322E-02   3.40546179E-03
   5144.4272946961983        2.35901643E-02   3.51372315E-03
   5145.9732573697856        2.15967800E-02   3.44424369E-03
   5147.5193378615877        1.94719452E-02   3.42601934E-03
   5149.0655360325100        2.77651269E-02   3.60922189E-03
   5150.6118517434561        2.16740333E-02   3.47199989E-03
   5152.1582848553326        1.85856875E-02   3.44686490E-03
   5153.7048352290431        2.48486735E-02   3.52502335E-03
   5155.2515027254931        1.85009521E-02   3.42638255E-03
   5156.7982872055854        2.56391093E-02   3.59410397E-03
   5158.3451885302275        2.24371571E-02   3.54687637E-03
   5159.8922065603238        2.94760130E-02   3.67721682E-03
   5161.4393411567780        2.39319913E-02   3.55348759E-03
   5162.9865921804958        2.46508606E-02   3.58306384E-03
   5164.5339594923807        1.95821356E-02   3.31747835E-03
   5166.0814429533375        2.40890868E-02   3.37184686E-03
   5167.6290424242743        2.16646008E-02   3.30440211E-03
   5169.1767577660930        2.54110601E-02   3.33314342E-03
   5170.7245888396974        2.50280481E-02   3.33643588E-03
   5172.2725355059947        2.41907388E-02   3.27976746E-03
   5173.8205976258887        1.68269258E-02   3.18032061E-03
   5175.3687750602849        1.67855136E-02   3.27444286E-03
   5176.9170676700869        2.71128826E-02   3.61846830E-03
   5178.4654753162013        2.52635591E-02   3.59751494E-03
   5180.0139978595307        3.23648937E-02   3.75697808E-03
   5181.5626351609808        2.50942223E-02   3.45468638E-03
   5183.1113870814579        2.53683850E-02   3.38378665E-03
   5184.6602534818639        2.37792134E-02   3.27739236E-03
   5186.2092342231072        2.33564246E-02   3.35387047E-03
   5187.7583291660894        2.19183024E-02   3.48399137E-03
   5189.3075381717172        2.66919713E-02   3.61660449E-03
   5190.8568611008950        3.09922304E-02   3.65414633E-03
   5192.4062978145266        1.66828856E-02   3.39365308E-03
   5193.9558481735176        2.69802865E-02   3.53850774E-03
   5195.5055120387733        2.17604116E-02   3.56279779E-03
   5197.0552892711976        2.04239897E-02   3.58963641E-03
   5198.6051797316959        2.69878339E-02   3.76716815E-03
   5200.1551832811738        2.42010280E-02   3.75408842E-03
   5201.7052997805349        2.84085628E-02   3.77401221E-03
   5203.2555290906830        2.03049723E-02   3.50399176E-03
   5204.8058710725254        1.36741353E-02   3.33045586E-03
   5206.3563255869658        2.61028260E-02   3.59664881E-03
   5207.9068924949088        1.99271645E-02   3.40897706E-03
   5209.4575716572590        2.13666987E-02   3.48271779E-03
   5211.0083629349210        2.07872409E-02   3.50916269E-03
   5212.5592661888013        1.23427818E-02   3.34126758E-03
   5214.1102812798026        2.47900747E-02   3.58349248E-03
   5215.6614080688323        1.85119361E-02   3.49767623E-03
   5217.2126464167914        1.85064077E-02   3.44052305E-03
   5218.7639961845889        1.91782378E-02   3.45535856E-03
   5220.3154572331259        2.47160159E-02   3.63151240E-03
   5221.8670294233107        1.82447787E-02   3.47992615E-03
   5223.4187126160459        2.52706949E-02   3.63800302E-03
   5224.9705066722363        2.19841637E-02   3.49971838E-03
   5226.5224114527873        2.34707315E-02   3.49005964E-03
   5228.0744268186036        2.05618273E-02   3.44853383E-03
   5229.6265526305897        2.13019717E-02   3.47446185E-03
   5231.1787887496521        2.32229214E-02   3.54251498E-03
   5232.7311350366926        2.06839405E-02   3.46877379E-03
   5234.2835913526187        1.58823896E-02   3.37523269E-03
   5235.8361575583340        2.09561605E-02   3.49261006E-03
   5237.3888335147431        2.53839791E-02   3.64746829E-03
   5238.9416190827515        1.93386190E-02   3.57690919E-03
   5240.4945141232638        2.54372377E-02   3.68255400E-03
   5242.0475184971847        1.73358005E-02   3.52096162E-03
   5243.6006320654178        2.11961307E-02   3.54567007E-03
   5245.1538546888714        2.23679449E-02   3.57556134E-03
   5246.7071862284465        1.99931487E-02   3.55265103E-03
   5248.2606265450495        2.50000842E-02   3.64095857E-03
   5249.8141754995859        1.90703627E-02   3.51622445E-03
   5251.3678329529594        2.11343598E-02   3.55230505E-03
   5252.9215987660755        2.11254042E-02   3.56999109E-03
   5254.4754727998379        2.11022031E-02   3.54434620E-03
   5256.0294549151531        2.24416535E-02   3.60966357E-03
   5257.5835449729248        2.61265356E-02   3.72331077E-03
   5259.1377428340584        2.78353468E-02   3.77883157E-03
   5260.6920483594586        1.49189103E-02   3.43289715E-03
   5262.2464614100290        2.27749012E-02   3.54325981E-03
   5263.8009818466753        2.94350404E-02   3.61180538E-03
   5265.3556095303029        1.83459744E-02   3.34257190E-03
   5266.9103443218164        2.26770286E-02   3.43206595E-03
   5268.4651860821205        2.43555252E-02   3.47406045E-03
   5270.0201346721187        2.41072364E-02   3.48696020E-03
   5271.5751899527177        2.04128586E-02   3.43070319E-03
   5273.1303517848228        2.40103789E-02   3.55423312E-03
   5274.6856200293360        2.42947042E-02   3.60235153E-03
   5276.2409945471636        3.22680324E-02   3.83002008E-03
   5277.7964751992113        2.66672503E-02   3.69626749E-03
   5279.3520618463826        1.57003049E-02   3.47881252E-03
   5280.9077543495832        1.35643883E-02   3.41832452E-03
   5282.4635525697176        2.28591766E-02   3.59658292E-03
   5284.0194563676905        1.83970220E-02   3.48274712E-03
   5285.5754656044073        1.79128721E-02   3.46780173E-03
   5287.1315801407709        1.56858321E-02   3.51952715E-03
   5288.6877998376885        2.38044560E-02   3.68529651E-03
   5290.2441245560640        2.45419946E-02   3.73863219E-03
   5291.8005541568009        1.84130128E-02   3.60408006E-03
   5293.3570885008075        2.39148587E-02   3.69915925E-03
   5294.9137274489840        2.44493783E-02   3.69756226E-03
   5296.4704708622394        2.12029126E-02   3.55065987E-03
   5298.0273186014756        2.53188163E-02   3.71108786E-03
   5299.5842705275991        1.89440828E-02   3.48129473E-03
   5301.1413265015135        1.91503707E-02   3.58300190E-03
   5302.6984863841244        2.70147491E-02   3.77532211E-03
   5304.2557500363364        2.22841445E-02   3.67264031E-03
   5305.8131173190550        2.45772898E-02   3.74623155E-03
   5307.3705880931839        2.26282720E-02   3.67098465E-03
   5308.9281622196286        2.36674622E-02   3.72950546E-03
   5310.4858395592928        1.78399105E-02   3.66485049E-03
   5312.0436199730830        2.08502393E-02   3.70103354E-03
   5313.6015033219028        1.82137582E-02   3.61800706E-03
   5315.1594894666587        2.06649620E-02   3.63346096E-03
   5316.7175782682525        2.40539927E-02   3.71456053E-03
   5318.2757695875916        2.52883025E-02   3.74384038E-03
   5319.8340632855798        1.77297872E-02   3.60556273E-03
   5321.3924592231215        2.48835497E-02   3.77379893E-03
   5322.9509572611232        2.24877130E-02   3.69711127E-03
   5324.5095572604887        2.36098692E-02   3.70846246E-03
   5326.0682590821216        2.12307163E-02   3.59502574E-03
   5327.6270625869283        1.87305342E-02   3.48651921E-03
   5329.1859676358135        1.79449636E-02   3.46673164E-03
   5330.7449740896818        1.73556954E-02   3.52214323E-03
   5332.3040818094369        2.15785895E-02   3.68873030E-03
   5333.8632906559851        2.03317367E-02   3.68226320E-03
   5335.4226004902312        2.54640914E-02   3.79881472E-03
   5336.9820111730778        2.23359317E-02   3.74504598E-03
   5338.5415225654333        2.52452660E-02   3.76840821E-03
   5340.1011345281995        2.47959308E-02   3.71505576E-03
   5341.6608469222829        2.23593283E-02   3.64713115E-03
   5343.2206596085880        2.11982168E-02   3.62863136E-03
   5344.7805724480195        2.37230044E-02   3.73547780E-03
   5346.3405853014810        2.16629840E-02   3.68103269E-03
   5347.9006980298791        1.55972941E-02   3.50102619E-03
   5349.4609104941173        2.30643619E-02   3.70212574E-03
   5351.0212225551013        2.24081594E-02   3.68102081E-03
   5352.5816340737356        2.13648584E-02   3.73214041E-03
   5354.1421449109257        2.53655445E-02   3.79534881E-03
   5355.7027549275754        2.54141614E-02   3.84708913E-03
   5357.2634639845901        2.39389054E-02   3.78452218E-03
   5358.8242719428736        2.27551181E-02   3.79383378E-03
   5360.3851786633322        2.17416026E-02   3.74747533E-03
   5361.9461840068698        2.54736934E-02   3.81766679E-03
   5363.5072878343917        2.76654642E-02   3.82414297E-03
   5365.0684900068018        2.04692055E-02   3.64642614E-03
   5366.6297903850063        2.52176039E-02   3.74675007E-03
   5368.1911888299082        2.48084459E-02   3.73097439E-03
   5369.7526852024148        1.97194889E-02   3.57408402E-03
   5371.3142793634288        1.64859127E-02   3.47941858E-03
   5372.8759711738549        2.03556828E-02   3.64709436E-03
   5374.4377604946003        1.81930885E-02   3.62204527E-03
   5375.9996471865661        2.11929400E-02   3.74059519E-03
   5377.5616311106614        1.94319580E-02   3.72404326E-03
   5379.1237121277882        1.93469040E-02   3.68880783E-03
   5380.6858900988509        1.73182562E-02   3.65284644E-03
   5382.2481648847570        2.11350005E-02   3.72320763E-03
   5383.8105363464092        1.93469636E-02   3.67860263E-03
   5385.3730043447113        1.51708676E-02   3.57830431E-03
   5386.9355687405714        1.34211630E-02   3.54786520E-03
   5388.4982293948915        1.68138202E-02   3.60533549E-03
   5390.0609861685789        2.58256905E-02   3.82845337E-03
   5391.6238389225355        2.12806556E-02   3.70604475E-03
   5393.1867875176677        2.48591993E-02   3.78291099E-03
   5394.7498318148801        1.40219200E-02   3.52579681E-03
   5396.3129716750782        2.37975139E-02   3.73817887E-03
   5397.8762069591658        2.11083237E-02   3.66843608E-03
   5399.4395375280483        2.51079500E-02   3.76055134E-03
   5401.0029632426304        1.76639687E-02   3.63337202E-03
   5402.5664839638166        1.75556559E-02   3.59901320E-03
   5404.1300995525125        1.67011227E-02   3.51148006E-03
   5405.6938098696219        2.18692441E-02   3.65767349E-03
   5407.2576147760501        1.46621820E-02   3.48588056E-03
   5408.8215141327019        2.02904828E-02   3.62171023E-03
   5410.3855078004817        2.24034861E-02   3.72204720E-03
   5411.9495956402952        2.63777096E-02   3.80338891E-03
   5413.5137775130470        1.64303128E-02   3.60721862E-03
   5415.0780532796416        2.02715304E-02   3.64921987E-03
   5416.6424228009828        1.98484994E-02   3.72229493E-03
   5418.2068859379779        2.09074132E-02   3.68900993E-03
   5419.7714425515287        2.42571756E-02   3.82402749E-03
   5421.3360925025427        2.45725065E-02   3.82575439E-03
   5422.9008356519225        2.06545349E-02   3.71624553E-03
   5424.4656718605756        1.96588021E-02   3.72961536E-03
   5426.0306009894048        1.93872061E-02   3.68662365E-03
   5427.5956228993155        2.08290052E-02   3.70974047E-03
   5429.1607374512123        2.62349397E-02   3.84380040E-03
   5430.7259445059990        2.48629134E-02   3.78679135E-03
   5432.2912439245829        2.98139583E-02   3.90273728E-03
   5433.8566355678659        2.10037790E-02   3.73435323E-03
   5435.4221192967561        2.08936818E-02   3.67059722E-03
   5436.9876949721556        2.36222707E-02   3.79800121E-03
   5438.5533624549698        2.21824646E-02   3.78643069E-03
   5440.1191216061043        1.81918256E-02   3.73153761E-03
   5441.6849722864636        2.38392688E-02   3.88784427E-03
   5443.2509143569514        2.02178024E-02   3.76907340E-03
   5444.8169476784742        2.10947953E-02   3.70444986E-03
   5446.3830721119366        2.10445318E-02   3.70184472E-03
   5447.9492875182414        2.72909626E-02   3.84197896E-03
   5449.5155937582967        2.02479921E-02   3.76142096E-03
   5451.0819906930046        1.72785446E-02   3.73404846E-03
   5452.6484781832705        1.31386882E-02   3.60143557E-03
   5454.2150560900009        2.60729194E-02   3.85023467E-03
   5455.7817242740985        1.42554501E-02   3.52847250E-03
   5457.3484825964688        1.58694740E-02   3.58944992E-03
   5458.9153309180165        1.78651102E-02   3.73243075E-03
   5460.4822690996471        2.36646086E-02   3.84603254E-03
   5462.0492970022642        2.22104881E-02   3.78409238E-03
   5463.6164144867735        1.94993652E-02   3.72532476E-03
   5465.1836214140794        2.26068124E-02   3.77463899E-03
   5466.7509176450885        2.41846070E-02   3.84275941E-03
   5468.3183030407026        1.93263516E-02   3.74764903E-03
   5469.8857774618282        1.83081403E-02   3.74525250E-03
   5471.4533407693707        2.43658368E-02   3.79963033E-03
   5473.0209928242339        2.18209513E-02   3.78837320E-03
   5474.5887334873223        2.12465059E-02   3.76013853E-03
   5476.1565626195425        1.81299988E-02   3.64233204E-03
   5477.7244800817962        1.61308385E-02   3.60681093E-03
   5479.2924857349908        2.19395645E-02   3.74653027E-03
   5480.8605794400301        2.59817224E-02   3.88660631E-03
   5482.4287610578203        2.77250167E-02   3.93160200E-03
   5483.9970304492645        1.50566623E-02   3.61114508E-03
   5485.5653874752679        1.91394743E-02   3.77727533E-03
   5487.1338319967354        2.15896256E-02   3.80602037E-03
   5488.7023638745723        2.74903793E-02   3.97937279E-03
   5490.2709829696832        2.15566345E-02   3.78364651E-03
   5491.8396891429720        1.95771921E-02   3.78500717E-03
   5493.4084822553450        1.93163455E-02   3.72716156E-03
   5494.9773621677068        2.25794334E-02   3.82363680E-03
   5496.5463287409602        2.55037062E-02   3.89190856E-03
   5498.1153818360126        2.84164436E-02   3.99973476E-03
   5499.6845213137676        2.23605521E-02   3.85624100E-03
   5501.2537470351299        2.21072342E-02   3.83012742E-03
   5502.8230588610049        1.96370613E-02   3.74306738E-03
   5504.3924566522974        2.73265913E-02   3.94018507E-03
   5505.9619402699100        1.59361381E-02   3.63737601E-03
   5507.5315095747510        2.04167310E-02   3.82796489E-03
   5509.1011644277241        2.61609014E-02   3.94086633E-03
   5510.6709046897322        1.93882957E-02   3.79526289E-03
   5512.2407302216825        1.91901699E-02   3.73510621E-03
   5513.8106408844778        2.47024707E-02   3.84038454E-03
   5515.3806365390255        2.18085237E-02   3.84636899E-03
   5516.9507170462284        2.32910868E-02   3.87915666E-03
   5518.5208822669911        1.47727299E-02   3.67509783E-03
   5520.0911320622190        2.15829760E-02   3.85215716E-03
   5521.6614662928177        1.87078677E-02   3.83913633E-03
   5523.2318848196910        2.65346393E-02   3.97262443E-03
   5524.8023875037443        2.51964405E-02   3.92938685E-03
   5526.3729742058831        1.90157741E-02   3.75090982E-03
   5527.9436447870094        2.34628227E-02   3.84545908E-03
   5529.5143991080304        2.52079759E-02   3.87544581E-03
   5531.0852370298508        1.91012230E-02   3.82042280E-03
   5532.6561584133751        1.85674708E-02   3.76620935E-03
   5534.2271631195072        2.87667736E-02   4.00505587E-03
   5535.7982510091533        2.34653708E-02   3.92224407E-03
   5537.3694219432182        2.02456657E-02   3.81244766E-03
   5538.9406757826046        1.73168760E-02   3.81089188E-03
   5540.5120123882207        1.97317302E-02   3.82940355E-03
   5542.0834316209684        2.64978018E-02   4.00194153E-03
   5543.6549333417543        2.23153494E-02   3.89933633E-03
   5545.2265174114818        2.24660784E-02   3.94986803E-03
   5546.7981836910567        2.78218687E-02   4.02949518E-03
   5548.3699320413825        1.47223240E-02   3.70418141E-03
   5549.9417623233667        2.35789493E-02   3.94402351E-03
   5551.5136743979119        1.72291696E-02   3.79549246E-03
   5553.0856681259238        2.55786870E-02   4.01022192E-03
   5554.6577433683060        2.52809487E-02   3.98241915E-03
   5556.2298999859649        1.81491412E-02   3.82474787E-03
   5557.8021378398043        2.11653672E-02   3.90270911E-03
   5559.3744567907297        1.72043350E-02   3.77931958E-03
   5560.9468566996447        1.62045602E-02   3.74865741E-03
   5562.5193374274550        3.03986724E-02   4.10172343E-03
   5564.0918988350668        1.48198111E-02   3.70905804E-03
   5565.6645407833812        2.34929360E-02   3.93088674E-03
   5567.2372631333064        1.83112789E-02   3.81413731E-03
   5568.8100657457471        1.46249598E-02   3.70023097E-03
   5570.3829484816060        1.67099684E-02   3.77120613E-03
   5571.9559112017896        1.61153376E-02   3.77867580E-03
   5573.5289537672024        1.77608505E-02   3.99397220E-03
   5575.1020760387473        1.52834773E-03   6.92389812E-03
   5576.6752778773316        2.45919824E-02   9.14751273E-03
   5578.2485591438599        2.53601577E-02   9.41073988E-03
   5579.8219196992368        9.49589442E-03   8.13902728E-03
   5581.3953594043651        2.22345497E-02   5.10263862E-03
   5582.9688781201521        2.39425078E-02   4.09856671E-03
   5584.5424757075025        1.74433030E-02   3.83565575E-03
   5586.1161520273181        1.37193408E-02   3.68279614E-03
   5587.6899069405081        2.88858376E-02   3.98948463E-03
   5589.2637403079734        1.88810583E-02   3.76296160E-03
   5590.8376519906233        1.81862339E-02   3.78432940E-03
   5592.4116418493577        2.19268221E-02   3.88129591E-03
   5593.9857097450831        1.75211448E-02   3.78153659E-03
   5595.5598555387069        2.06476133E-02   3.91616393E-03
   5597.1340790911299        1.83022320E-02   3.80607694E-03
   5598.7083802632596        2.09877267E-02   3.89212323E-03
   5600.2827589160006        1.69010255E-02   3.79705452E-03
   5601.8572149102565        1.93630643E-02   3.80995707E-03
   5603.4317481069329        2.77272165E-02   4.05683927E-03
   5605.0063583669344        1.73851624E-02   3.85034992E-03
   5606.5810455511664        2.32165586E-02   4.04678471E-03
   5608.1558095205319        1.68214813E-02   3.87865887E-03
   5609.7306501359390        1.86155681E-02   3.88845964E-03
   5611.3055672582896        2.46284120E-02   4.00517741E-03
   5612.8805607484892        2.37134062E-02   3.95983318E-03
   5614.4556304674425        1.69297252E-02   3.77823180E-03
   5616.0307762760549        2.29426306E-02   3.94755322E-03
   5617.6059980352320        2.26131119E-02   3.90673149E-03
   5619.1812956058766        2.24731434E-02   3.96900577E-03
   5620.7566688488951        2.45233942E-02   4.00470570E-03
   5622.3321176251911        1.93225257E-02   3.91776580E-03
   5623.9076417956703        2.09468529E-02   3.93443136E-03
   5625.4832412212381        1.79217272E-02   3.82277742E-03
   5627.0589157627974        2.04306860E-02   3.95519985E-03
   5628.6346652812554        1.65015012E-02   3.87841836E-03
   5630.2104896375131        2.24198643E-02   4.00986755E-03
   5631.7863886924806        1.39721716E-02   3.85507336E-03
   5633.3623623070580        2.39407606E-02   4.05229442E-03
   5634.9384103421526        2.00953651E-02   3.94763099E-03
   5636.5145326586689        1.86155196E-02   3.87094100E-03
   5638.0907291175108        2.05559526E-02   3.99443833E-03
   5639.6669995795846        1.60124898E-02   3.85261420E-03
   5641.2433439057950        2.39169803E-02   4.04169364E-03
   5642.8197619570446        1.54491514E-02   3.83864879E-03
   5644.3962535942401        2.25097667E-02   3.98131646E-03
   5645.9728186782859        1.66226085E-02   3.88888479E-03
   5647.5494570700866        2.15761289E-02   4.01488179E-03
   5649.1261686305479        2.71356404E-02   4.15201019E-03
   5650.7029532205734        2.12235954E-02   4.01981222E-03
   5652.2798107010685        1.97046865E-02   3.98996985E-03
   5653.8567409329389        2.11910401E-02   4.00293851E-03
   5655.4337437770873        2.27672998E-02   3.99700692E-03
   5657.0108190944202        2.09923536E-02   3.93492170E-03
   5658.5879667458430        1.95452776E-02   3.92776867E-03
   5660.1651865922577        1.63011365E-02   3.83605505E-03
   5661.7424784945706        2.00055540E-02   3.99120431E-03
   5663.3198423136882        2.01751906E-02   3.97725310E-03
   5664.8972779105134        2.54969895E-02   4.10316093E-03
   5666.4747851459515        2.51952168E-02   4.10056394E-03
   5668.0523638809073        1.96980089E-02   3.97972250E-03
   5669.6300139762861        2.20545605E-02   4.02669935E-03
   5671.2077352929919        2.19336450E-02   4.07359935E-03
   5672.7855276919299        2.25441195E-02   4.07535071E-03
   5674.3633910340041        2.26638932E-02   4.12135059E-03
   5675.9413251801207        2.21611429E-02   4.08802228E-03
   5677.5193299911834        2.37394366E-02   4.14110161E-03
   5679.0974053280979        2.22212691E-02   4.04113904E-03
   5680.6755510517687        1.96212325E-02   4.05618409E-03
   5682.2537670231004        1.41760316E-02   3.82310525E-03
   5683.8320531029976        1.89067572E-02   3.99611704E-03
   5685.4104091523659        2.08188668E-02   4.02547605E-03
   5686.9888350321098        2.24489477E-02   4.05150326E-03
   5688.5673306031340        2.29726583E-02   4.08266019E-03
   5690.1458957263430        1.84570346E-02   3.98248620E-03
   5691.7245302626416        1.80890076E-02   3.96987190E-03
   5693.3032340729342        2.07444094E-02   4.05094819E-03
   5694.8820070181282        2.22329386E-02   4.09231987E-03
   5696.4608489591255        2.11591944E-02   4.05070186E-03
   5698.0397597568317        1.89853851E-02   4.03220113E-03
   5699.6187392721522        2.35878415E-02   4.12083231E-03
   5701.1977873659916        2.05993429E-02   4.00110846E-03
   5702.7769038992546        2.14723479E-02   4.08666907E-03
   5704.3560887328458        2.21872535E-02   4.08126321E-03
   5705.9353417276707        1.87098254E-02   3.92610393E-03
   5707.5146627446329        2.06538755E-02   4.03607218E-03
   5709.0940516446381        1.95019264E-02   3.93655244E-03
   5710.6735082885907        1.79591589E-02   3.92207364E-03
   5712.2530325373973        2.03541890E-02   4.01720265E-03
   5713.8326242519597        2.35227831E-02   4.03042929E-03
   5715.4122832931844        2.09526680E-02   4.04046196E-03
   5716.9920095219768        2.39703301E-02   4.17312514E-03
   5718.5718027992398        1.22255059E-02   3.89887323E-03
   5720.1516629858797        2.40679141E-02   4.19822894E-03
   5721.7315899428013        1.72328763E-02   4.02982254E-03
   5723.3115835309081        2.12435946E-02   4.10967041E-03
   5724.8916436111067        2.36106291E-02   4.23798198E-03
   5726.4717700443007        2.21941117E-02   4.13310388E-03
   5728.0519626913956        2.01386865E-02   4.13137395E-03
   5729.6322214132961        1.47453137E-02   3.98547063E-03
   5731.2125460709067        1.57591999E-02   4.01069270E-03
   5732.7929365251321        1.19061908E-02   3.86768021E-03
   5734.3733926368768        1.84631366E-02   4.04192274E-03
   5735.9539142670474        2.43128072E-02   4.21094429E-03
   5737.5345012765465        2.78135668E-02   4.24378272E-03
   5739.1151535262798        1.97728425E-02   4.10247780E-03
   5740.6958708771526        1.50586907E-02   4.02163994E-03
   5742.2766531900688        1.62966251E-02   3.96041060E-03
   5743.8575003259348        2.59099454E-02   4.21300484E-03
   5745.4384121456542        1.54245785E-02   3.96296429E-03
   5747.0193885101316        1.71717685E-02   4.05276287E-03
   5748.6004292802718        1.79770719E-02   4.06655157E-03
   5750.1815343169801        2.55863667E-02   4.22606245E-03
   5751.7627034811603        2.45628804E-02   4.13430016E-03
   5753.3439366337197        2.74440069E-02   4.21646377E-03
   5754.9252336355612        2.59350240E-02   4.22443775E-03
   5756.5065943475902        1.66948717E-02   4.02566930E-03
   5758.0880186307104        2.15353705E-02   4.10053506E-03
   5759.6695063458274        1.43473139E-02   3.95165384E-03
   5761.2510573538466        2.25888602E-02   4.12506890E-03
   5762.8326715156709        1.70613769E-02   3.94636206E-03
   5764.4143486922076        1.57800503E-02   4.02643578E-03
   5765.9960887443613        1.73852965E-02   4.06084489E-03
   5767.5778915330347        1.31994756E-02   3.93334031E-03
   5769.1597569191345        1.77710149E-02   4.09588311E-03
   5770.7416847635641        1.97305586E-02   4.11959318E-03
   5772.3236749272291        2.84044128E-02   4.31397092E-03
   5773.9057272710352        2.54702289E-02   4.20994312E-03
   5775.4878416558859        2.13160589E-02   4.17170813E-03
   5777.0700179426858        1.94942709E-02   4.09849547E-03
   5778.6522559923396        1.54218646E-02   4.00629034E-03
   5780.2345556657547        2.19818559E-02   4.10988880E-03
   5781.8169168238319        2.34385282E-02   4.13510390E-03
   5783.3993393274804        1.99619476E-02   4.02785093E-03
   5784.9818230376013        2.24143658E-02   4.10824595E-03
   5786.5643678151018        1.92256775E-02   4.03589336E-03
   5788.1469735208848        2.13965792E-02   4.14709514E-03
   5789.7296400158566        1.57483779E-02   3.97279114E-03
   5791.3123671609219        2.28161924E-02   4.12358576E-03
   5792.8951548169844        1.96484961E-02   4.07289993E-03
   5794.4780028449495        1.66730564E-02   4.04818263E-03
   5796.0609111057229        2.59856079E-02   4.24927240E-03
   5797.6438794602082        2.43847780E-02   4.24173381E-03
   5799.2269077693118        2.16931403E-02   4.14767442E-03
   5800.8099958939347        1.22017181E-02   3.92834796E-03
   5802.3931436949870        1.68092512E-02   4.05196287E-03
   5803.9763510333696        2.19083969E-02   4.22527594E-03
   5805.5596177699890        1.37255155E-02   4.01564967E-03
   5807.1429437657498        1.68502070E-02   4.02464811E-03
   5808.7263288815557        1.42966304E-02   3.99583159E-03
   5810.3097729783140        1.25770923E-02   3.96788772E-03
   5811.8932759169275        2.65066419E-02   4.29676333E-03
   5813.4768375583008        1.81749109E-02   4.10035299E-03
   5815.0604577633403        1.83114968E-02   4.05855570E-03
   5816.6441363929489        1.65546425E-02   4.08373028E-03
   5818.2278733080329        1.75193213E-02   4.11382830E-03
   5819.8116683694961        1.68046020E-02   4.08420805E-03
   5821.3955214382440        2.25136857E-02   4.24335105E-03
   5822.9794323751812        2.12185252E-02   4.20490699E-03
   5824.5634010412132        3.05499341E-02   4.39566514E-03
   5826.1474272972437        2.52230652E-02   4.26438218E-03
   5827.7315110041782        1.45602431E-02   4.05215891E-03
   5829.3156520229222        1.69991720E-02   4.08091070E-03
   5830.8998502143786        2.24436466E-02   4.26258845E-03
   5832.4841054394537        1.88555773E-02   4.15797066E-03
   5834.0684175590513        1.80222355E-02   4.15022485E-03
   5835.6527864340760        1.37181561E-02   4.02028533E-03
   5837.2372119254351        3.32260542E-02   4.48213890E-03
   5838.8216938940304        1.32640004E-02   4.01291298E-03
   5840.4062322007685        1.99882183E-02   4.14819969E-03
   5841.9908267065548        2.12012660E-02   4.22147475E-03
   5843.5754772722921        2.43545529E-02   4.32246458E-03
   5845.1601837588851        1.87357347E-02   4.13845759E-03
   5846.7449460272410        2.81058922E-02   4.45061922E-03
   5848.3297639382627        2.20693015E-02   4.22852393E-03
   5849.9146373528556        2.34481953E-02   4.27302811E-03
   5851.4995661319244        1.76613666E-02   4.10961220E-03
   5853.0845501363756        2.79191323E-02   4.33728378E-03
   5854.6695892271100        2.78904345E-02   4.35291277E-03
   5856.2546832650360        3.44641358E-02   4.46016807E-03
   5857.8398321110571        3.73710170E-02   4.47798101E-03
   5859.4250356260773        2.49618739E-02   4.25463822E-03
   5861.0102936710045        3.14614475E-02   4.44655446E-03
   5862.5956061067391        3.29080522E-02   4.48797969E-03
   5864.1809727941891        2.38799099E-02   4.31189779E-03
   5865.7663935942592        3.00984364E-02   4.50644502E-03
   5867.3518683678521        2.86256410E-02   4.45107929E-03
   5868.9373969758744        2.80442666E-02   4.48217755E-03
   5870.5229792792306        3.19314450E-02   4.54642018E-03
   5872.1086151388263        2.34689154E-02   4.38029785E-03
   5873.6943044155641        3.01061869E-02   4.47577797E-03
   5875.2800469703507        2.97677536E-02   4.51263506E-03
   5876.8658426640895        3.12235504E-02   4.47034650E-03
   5878.4516913576872        3.47944386E-02   4.56327572E-03
   5880.0375929120464        2.37215143E-02   4.34406800E-03
   5881.6235471880746        3.84256132E-02   4.64456668E-03
   5883.2095540466726        2.84304377E-02   4.38673235E-03
   5884.7956133487496        3.02287601E-02   4.42303205E-03
   5886.3817249552076        3.63511592E-02   4.68667271E-03
   5887.9678887269538        2.34061442E-02   4.69895545E-03
   5889.5541045248901        2.95323115E-02   4.96542873E-03
   5891.1403722099221        3.57643180E-02   5.05328039E-03
   5892.7266916429562        3.36999856E-02   4.82804654E-03
   5894.3130626848970        3.24609019E-02   4.78634099E-03
   5895.8994851966463        3.62639278E-02   4.84053604E-03
   5897.4859590391125        2.33583823E-02   4.56326269E-03
   5899.0724840732000        2.68978123E-02   4.50994587E-03
   5900.6590601598109        2.80093718E-02   4.33773408E-03
   5902.2456871598524        3.75839174E-02   4.59889043E-03
   5903.8323649342301        1.79817453E-02   4.24619205E-03
   5905.4190933438449        2.80916039E-02   4.42538783E-03
   5907.0058722496060        2.89674662E-02   4.45510773E-03
   5908.5927015124162        2.05038898E-02   4.25686548E-03
   5910.1795809931800        2.00497508E-02   4.27999580E-03
   5911.7665105528022        3.22777592E-02   4.48097801E-03
   5913.3534900521890        3.50109860E-02   4.62686084E-03
   5914.9405193522443        1.78775825E-02   4.22278186E-03
   5916.5275983138727        2.15981733E-02   4.29608952E-03
   5918.1147267979786        1.70191340E-02   4.22132621E-03
   5919.7019046654686        1.84338596E-02   4.18274570E-03
   5921.2891317772455        1.70311425E-02   4.22747526E-03
   5922.8764079942157        1.65892914E-02   4.17644856E-03
   5924.4637331772810        1.58950798E-02   4.17312933E-03
   5926.0511071873516        2.04189587E-02   4.26793704E-03
   5927.6385298853274        1.23746786E-02   4.12963657E-03
   5929.2260011321159        1.83424763E-02   4.20902297E-03
   5930.8135207886207        1.99372787E-02   4.25643474E-03
   5932.4010887157465        1.81082524E-02   4.22109058E-03
   5933.9887047743987        1.08989049E-02   4.07843525E-03
   5935.5763688254819        1.74326580E-02   4.28450340E-03
   5937.1640807299018        2.13490445E-02   4.31952393E-03
   5938.7518403485610        2.00761147E-02   4.27065417E-03
   5940.3396475423669        2.69371327E-02   4.43416322E-03
   5941.9275021722224        2.59660501E-02   4.37999889E-03
   5943.5154040990328        2.62452457E-02   4.43116901E-03
   5945.1033531837047        2.41827480E-02   4.42136778E-03
   5946.6913492871390        2.05712561E-02   4.29092394E-03
   5948.2793922702449        2.24656072E-02   4.33829473E-03
   5949.8674819939242        2.23413873E-02   4.29551024E-03
   5951.4556183190844        2.06969492E-02   4.31739073E-03
   5953.0438011066262        1.30243273E-02   4.17154375E-03
   5954.6320302174581        2.28466503E-02   4.39982070E-03
   5956.2203055124819        2.22441070E-02   4.43461491E-03
   5957.8086268526067        1.21089844E-02   4.11009509E-03
   5959.3969940987336        2.28364225E-02   4.33817226E-03
   5960.9854071117697        1.11295721E-02   4.08205483E-03
   5962.5738657526172        2.66891196E-02   4.46521817E-03
   5964.1623698821822        2.08071433E-02   4.32752725E-03
   5965.7509193613705        1.90942716E-02   4.26083198E-03
   5967.3395140510856        2.24849917E-02   4.35452629E-03
   5968.9281538122341        2.21676864E-02   4.36168117E-03
   5970.5168385057177        1.98854953E-02   4.31567850E-03
   5972.1055679924439        1.55346710E-02   4.23565414E-03
   5973.6943421333172        1.53258303E-02   4.24178177E-03
   5975.2831607892413        2.86197327E-02   4.54765698E-03
   5976.8720238211217        1.88459139E-02   4.33158921E-03
   5978.4609310898632        2.22013462E-02   4.41370066E-03
   5980.0498824563701        1.90630611E-02   4.28718980E-03
   5981.6388777815482        2.12940983E-02   4.34178486E-03
   5983.2279169263011        1.78965032E-02   4.25917516E-03
   5984.8169997515351        2.93182321E-02   4.52252151E-03
   5986.4061261181541        1.77148320E-02   4.19121142E-03
   5987.9952958870626        2.59573702E-02   4.46407590E-03
   5989.5845089191653        2.06744801E-02   4.27873246E-03
   5991.1737650753676        1.21173467E-02   4.15276550E-03
   5992.7630642165750        1.95868853E-02   4.38266760E-03
   5994.3524062036913        1.78111512E-02   4.29409556E-03
   5995.9417908976211        2.27779932E-02   4.36639227E-03
   5997.5312181592699        1.55726150E-02   4.21513198E-03
   5999.1206878495423        2.05835085E-02   4.34589013E-03
   6000.7101998293438        1.89009923E-02   4.31630434E-03
   6002.2997539595781        1.28142424E-02   4.18081693E-03
   6003.8893501011507        2.16924381E-02   4.35079075E-03
   6005.4789881149654        1.64608676E-02   4.28262260E-03
   6007.0686678619277        1.78641714E-02   4.24424047E-03
   6008.6583892029430        1.88977085E-02   4.24943026E-03
   6010.2481519989160        1.43248411E-02   4.23207693E-03
   6011.8379561107495        1.25466865E-02   4.21271799E-03
   6013.4278013993508        2.01693941E-02   4.32942808E-03
   6015.0176877256235        1.75070502E-02   4.20900155E-03
   6016.6076149504734        2.10052468E-02   4.33840742E-03
   6018.1975829348048        1.87834110E-02   4.30001225E-03
   6019.7875915395207        1.31364521E-02   4.15970059E-03
   6021.3776406255292        2.69128084E-02   4.44480218E-03
   6022.9677300537332        2.21837275E-02   4.36633173E-03
   6024.5578596850364        1.37578379E-02   4.20402177E-03
   6026.1480293803470        1.91982239E-02   4.33530193E-03
   6027.7382390005660        2.70073768E-02   4.54639178E-03
   6029.3284884066006        1.61134582E-02   4.30497061E-03
   6030.9187774593556        2.06806306E-02   4.37928084E-03
   6032.5091060197346        2.12386288E-02   4.46218532E-03
   6034.0994739486441        2.17582434E-02   4.41943668E-03
   6035.6898811069877        1.64890308E-02   4.30871360E-03
   6037.2803273556692        1.87056158E-02   4.40225750E-03
   6038.8708125555959        1.77126341E-02   4.29329183E-03
   6040.4613365676714        1.80386156E-02   4.35293792E-03
   6042.0518992527986        1.75888464E-02   4.35565645E-03
   6043.6425004718858        2.56707612E-02   4.50760219E-03
   6045.2331400858357        1.90245379E-02   4.39408096E-03
   6046.8238179555528        1.71135645E-02   4.35976591E-03
   6048.4145339419447        2.14969330E-02   4.41781804E-03
   6050.0052879059122        2.28689201E-02   4.50017815E-03
   6051.5960797083626        1.86837409E-02   4.36215987E-03
   6053.1869092101997        1.89322699E-02   4.37355088E-03
   6054.7777762723290        2.01406628E-02   4.40911250E-03
   6056.3686807556560        1.34735899E-02   4.25148616E-03
   6057.9596225210853        2.26387549E-02   4.52774251E-03
   6059.5506014295188        2.28818189E-02   4.53272695E-03
   6061.1416173418647        1.59323961E-02   4.31027729E-03
   6062.7326701190286        2.15699449E-02   4.40613413E-03
   6064.3237596219105        2.61570625E-02   4.58306121E-03
   6065.9148857114187        1.99359786E-02   4.44214325E-03
   6067.5060482484587        2.20326912E-02   4.47757775E-03
   6069.0972470939332        1.59939956E-02   4.35756007E-03
   6070.6884821087478        1.48973735E-02   4.36056359E-03
   6072.2797531538081        1.38485935E-02   4.36914200E-03
   6073.8710600900158        2.05539875E-02   4.47115395E-03
   6075.4624027782802        2.33286899E-02   4.50905552E-03
   6077.0537810795040        1.79662779E-02   4.44139214E-03
   6078.6451948545919        2.23173201E-02   4.46430733E-03
   6080.2366439644493        2.26242766E-02   4.50349879E-03
   6081.8281282699791        2.30454449E-02   4.50417260E-03
   6083.4196476320885        2.79654469E-02   4.62942524E-03
   6085.0112019116805        2.53850799E-02   4.61910153E-03
   6086.6027909696622        1.43435132E-02   4.35299380E-03
   6088.1944146669357        1.95011478E-02   4.39840229E-03
   6089.7860728644082        2.44868025E-02   4.55409475E-03
   6091.3777654229825        1.81887131E-02   4.39000223E-03
   6092.9694922035651        2.20355801E-02   4.54953965E-03
   6094.5612530670596        1.91518702E-02   4.52380860E-03
   6096.1530478743716        3.03014982E-02   4.73790662E-03
   6097.7448764864048        2.22240798E-02   4.53920895E-03
   6099.3367387640656        1.59368087E-02   4.34245868E-03
   6100.9286345682576        2.70888451E-02   4.67259577E-03
   6102.5205637598865        2.58606393E-02   4.56304755E-03
   6104.1125261998550        1.37634343E-02   4.28421842E-03
   6105.7045217490713        2.09088102E-02   4.52459650E-03
   6107.2965502684374        1.60298198E-02   4.43058275E-03
   6108.8886116188605        1.95373017E-02   4.48194193E-03
   6110.4807056612426        1.99320521E-02   4.50091343E-03
   6112.0728322564901        2.19796058E-02   4.62513976E-03
   6113.6649912655084        2.48852987E-02   4.65821521E-03
   6115.2571825492014        1.61265172E-02   4.40502865E-03
   6116.8494059684735        1.10847391E-02   4.35153674E-03
   6118.4416613842313        1.87998898E-02   4.50039981E-03
   6120.0339486573785        2.70334668E-02   4.65702172E-03
   6121.6262676488186        1.65181011E-02   4.37146751E-03
   6123.2186182194582        1.55788818E-02   4.41665854E-03
   6124.8110002302028        2.54156999E-02   4.66960715E-03
   6126.4034135419552        1.48700513E-02   4.42752289E-03
   6127.9958580156199        2.19186228E-02   4.63773496E-03
   6129.5883335121043        7.31288642E-03   4.22013924E-03
   6131.1808398923104        1.68014988E-02   4.44140239E-03
   6132.7733770171453        1.90842599E-02   4.56117699E-03
   6134.3659447475129        2.89473664E-02   4.76882374E-03
   6135.9585429443177        1.82607193E-02   4.49799653E-03
   6137.5511714684635        1.84456874E-02   4.49157320E-03
   6139.1438301808585        2.35329084E-02   4.59705060E-03
   6140.7365189424045        2.77936757E-02   4.79981955E-03
   6142.3292376140080        2.53894702E-02   4.81045619E-03
   6143.9219860565718        1.93655714E-02   4.57634078E-03
   6145.5147641310023        2.06518080E-02   4.63821786E-03
   6147.1075716982041        1.90122854E-02   4.53524850E-03
   6148.7004086190827        2.27464251E-02   4.67457110E-03
   6150.2932747545410        2.56517977E-02   4.78199776E-03
   6151.8861699654854        1.47370100E-02   4.48100548E-03
   6153.4790941128203        2.51689553E-02   4.75558406E-03
   6155.0720470574488        2.93365959E-02   4.78765881E-03
   6156.6650286602799        1.98418703E-02   4.64804797E-03
   6158.2580387822136        2.14309245E-02   4.66749398E-03
   6159.8510772841582        2.44773868E-02   4.67396528E-03
   6161.4441440270175        2.62942072E-02   4.67197457E-03
   6163.0372388716960        1.69817805E-02   4.49895719E-03
   6164.6303616790983        2.37379111E-02   4.68155323E-03
   6166.2235123101300        2.45381221E-02   4.71959030E-03
   6167.8166906256947        1.86464563E-02   4.65809321E-03
   6169.4098964866989        2.05736086E-02   4.61695483E-03
   6171.0031297540454        2.47035772E-02   4.74248594E-03
   6172.5963902886406        1.80622116E-02   4.59173275E-03
   6174.1896779513881        2.29814779E-02   4.73521091E-03
   6175.7829926031945        2.08162107E-02   4.79035825E-03
   6177.3763341049635        1.41072869E-02   4.59663477E-03
   6178.9697023175995        2.72352304E-02   4.85082297E-03
   6180.5630971020064        1.40297636E-02   4.58135596E-03
   6182.1565183190924        2.20988896E-02   4.83091921E-03
   6183.7499658297593        2.35324334E-02   4.81335772E-03
   6185.3434394949136        2.39595026E-02   4.82939743E-03
   6186.9369391754581        1.27274198E-02   4.56443103E-03
   6188.5304647322992        2.40348261E-02   4.77783242E-03
   6190.1240160263424        1.78889781E-02   4.67413198E-03
   6191.7175929184905        1.73879433E-02   4.68924129E-03
   6193.3111952696499        2.65449807E-02   4.86864988E-03
   6194.9048229407254        1.98757742E-02   4.83421050E-03
   6196.4984757926195        1.61169544E-02   4.68230667E-03
   6198.0921536862406        2.14659963E-02   4.85675968E-03
   6199.6858564824906        2.04104036E-02   4.80085332E-03
   6201.2795840422768        1.75086036E-02   4.73727053E-03
   6202.8733362265002        2.58822441E-02   4.98699490E-03
   6204.4671128960708        1.89526565E-02   4.85274289E-03
   6206.0609139118887        2.11202912E-02   4.85147210E-03
   6207.6547391348613        2.42311303E-02   4.97954851E-03
   6209.2485884258922        1.90132931E-02   4.83633857E-03
   6210.8424616458879        2.49141417E-02   5.04799793E-03
   6212.4363586557511        1.04301013E-02   4.57384996E-03
   6214.0302793163874        1.63640343E-02   4.78440896E-03
   6215.6242234887031        1.68955140E-02   4.77505103E-03
   6217.2181910336003        2.46926788E-02   4.94355569E-03
   6218.8121818119871        1.94352493E-02   4.99079563E-03
   6220.4061956847645        2.47661043E-02   5.01958700E-03
   6222.0002325128398        2.90150680E-02   5.14290622E-03
   6223.5942921571177        2.71791145E-02   5.08987159E-03
   6225.1883744785027        2.21264940E-02   4.97852080E-03
   6226.7824793378995        1.58493835E-02   4.82912548E-03
   6228.3766065962118        1.66328941E-02   4.79031773E-03
   6229.9707561143468        2.28490140E-02   4.98479418E-03
   6231.5649277532075        1.46737816E-02   4.76433896E-03
   6233.1591213736992        1.74922682E-02   4.99939267E-03
   6234.7533368367267        3.97555418E-02   5.59738232E-03
   6236.3475740031954        1.11876661E-02   4.87997476E-03
   6237.9418327340090        2.30587646E-02   5.17351646E-03
   6239.5361128900731        2.61588152E-02   5.13813552E-03
   6241.1304143322932        2.87715159E-02   5.26993209E-03
   6242.7247369215720        1.96050201E-02   5.10297017E-03
   6244.3190805188169        2.70521268E-02   5.18027553E-03
   6245.9134449849298        2.50544678E-02   5.16976882E-03
   6247.5078301808180        1.19082537E-02   4.81842132E-03
   6249.1022359673852        1.70498919E-02   4.95668221E-03
   6250.6966622055361        3.19432616E-02   5.31758927E-03
   6252.2911087561761        2.01626904E-02   4.99132508E-03
   6253.8855754802107        2.72286776E-02   5.22828288E-03
   6255.4800622385419        2.87040584E-02   5.39800525E-03
   6257.0745688920770        1.54157504E-02   5.11677377E-03
   6258.6690953017205        3.06731388E-02   5.48725249E-03
   6260.2636413283763        2.29554567E-02   5.28455526E-03
   6261.8582068329515        1.81097295E-02   5.18076960E-03
   6263.4527916763473        2.31635757E-02   5.27958758E-03
   6265.0473957194708        2.13745832E-02   5.22070844E-03
   6266.6420188232269        1.84984971E-02   5.18716406E-03
   6268.2366608485199        1.75864100E-02   5.16074477E-03
   6269.8313216562537        2.56266836E-02   5.40514803E-03
   6271.4260011073347        2.60074083E-02   5.35626709E-03
   6273.0206990626684        3.00936028E-02   5.50362328E-03
   6274.6154153831567        2.30345018E-02   5.29290456E-03
   6276.2101499297059        1.71612836E-02   5.17807761E-03
   6277.8049025632208        2.70398762E-02   5.35939587E-03
   6279.3996731446077        2.68876217E-02   5.34197874E-03
   6280.9944615347686        3.50281298E-02   5.54857077E-03
   6282.5892675946106        2.25950964E-02   5.29206870E-03
   6284.1840911850386        3.14826295E-02   5.63855423E-03
   6285.7789321669552        1.97092313E-02   5.55157568E-03
   6287.3737904012660        1.58698205E-02   5.44772577E-03
   6288.9686657488764        2.90391203E-02   5.67213958E-03
   6290.5635580706921        1.60023291E-02   5.37217921E-03
