   3855.2263025202037        2.17145216E-02   5.66641428E-03
   3856.6163447144299        1.98006928E-02   5.40025765E-03
   3858.0066261569314        2.60073654E-02   5.45099750E-03
   3859.3971467086121        1.46795325E-02   4.97630239E-03
   3860.7879062303778        2.29494013E-02   5.38600516E-03
   3862.1789045831324        2.40139086E-02   5.57488808E-03
   3863.5701416277816        3.06922756E-02   5.88804996E-03
   3864.9616172252295        1.97135061E-02   5.52208303E-03
   3866.3533312363811        2.39888635E-02   5.57736447E-03
   3867.7452835221416        1.80624574E-02   5.31438598E-03
   3869.1374739434159        2.21019574E-02   5.29510202E-03
   3870.5299023611078        2.58265659E-02   5.35991462E-03
   3871.9225686361228        2.00444236E-02   4.96726716E-03
   3873.3154726293669        1.39271645E-02   4.87477006E-03
   3874.7086142017429        3.59557122E-02   5.86575037E-03
   3876.1019932141567        2.84550376E-02   5.64184180E-03
   3877.4956095275134        2.11186931E-02   5.24899131E-03
   3878.8894630027171        2.08639596E-02   5.10579068E-03
   3880.2835535006730        1.89569946E-02   4.92738280E-03
   3881.6778808822860        2.50325594E-02   5.16771618E-03
   3883.0724450084608        2.28717737E-02   5.11840591E-03
   3884.4672457401020        2.03849245E-02   4.98887384E-03
   3885.8622829381156        2.77493652E-02   5.22015663E-03
   3887.2575564634049        1.80419851E-02   4.80603380E-03
   3888.6530661768752        1.86376255E-02   4.73434012E-03
   3890.0488119394317        1.73131917E-02   4.82375454E-03
   3891.4447936119795        2.32947264E-02   5.09252120E-03
   3892.8410110554223        2.41265595E-02   5.17966039E-03
   3894.2374641306660        1.79086123E-02   4.97824512E-03
   3895.6341526986157        2.12314557E-02   5.11779869E-03
   3897.0310766201746        2.58747041E-02   5.27065946E-03
   3898.4282357562488        3.20917740E-02   5.42020472E-03
   3899.8256299677432        2.92646792E-02   5.34269260E-03
   3901.2232591155621        3.32167782E-02   5.30675659E-03
   3902.6211230606104        2.94291507E-02   5.16637089E-03
   3904.0192216637934        2.01965254E-02   4.78245458E-03
   3905.4175547860150        1.99153312E-02   4.75348160E-03
   3906.8161222881813        2.36983038E-02   4.97953175E-03
   3908.2149240311965        2.64303554E-02   5.07647498E-03
   3909.6139598759651        1.31832510E-02   4.81916917E-03
   3911.0132296833922        9.80769936E-03   4.86547314E-03
   3912.4127333143829        2.07698923E-02   5.06707653E-03
   3913.8124706298418        1.39748715E-02   4.94458666E-03
   3915.2124414906739        3.33062932E-02   5.36165107E-03
   3916.6126457577839        1.82903465E-02   4.83892113E-03
   3918.0130832920759        2.34731212E-02   4.94769821E-03
   3919.4137539544563        3.08310390E-02   5.03662881E-03
   3920.8146576058289        1.63896885E-02   4.51042596E-03
   3922.2157941070986        2.52935849E-02   4.66105435E-03
   3923.6171633191707        3.33904028E-02   4.94475523E-03
   3925.0187651029491        2.31202319E-02   4.61536134E-03
   3926.4205993193395        2.66856961E-02   4.57295356E-03
   3927.8226658292469        2.96569373E-02   4.50948486E-03
   3929.2249644935750        1.70410965E-02   3.96441668E-03
   3930.6274951732303        2.86469739E-02   4.09312965E-03
   3932.0302577291159        2.88876444E-02   3.89892724E-03
   3933.4332520221378        2.45958921E-02   4.66137473E-03
   3934.8364779132003        1.52949542E-02   4.26505134E-03
   3936.2399352632083        2.42802650E-02   3.72222369E-03
   3937.6436239330669        1.99167188E-02   3.84608540E-03
   3939.0475437836803        1.65639594E-02   3.97934206E-03
   3940.4516946759545        2.44038012E-02   4.33167908E-03
   3941.8560764707931        1.43342456E-02   4.16650577E-03
   3943.2606890291017        1.75924078E-02   4.21666540E-03
   3944.6655322117854        2.94177048E-02   4.60725883E-03
   3946.0706058797477        2.28032451E-02   4.53537330E-03
   3947.4759098938944        2.12537199E-02   4.49312339E-03
   3948.8814441151303        2.07325984E-02   4.66875546E-03
   3950.2872084043606        2.28561368E-02   4.68273647E-03
   3951.6932026224895        2.15976778E-02   4.65289224E-03
   3953.0994266304219        3.38584818E-02   4.99201426E-03
   3954.5058802890626        2.31254045E-02   4.71773185E-03
   3955.9125634593165        2.52738930E-02   4.73697204E-03
   3957.3194760020888        2.72320025E-02   4.71238699E-03
   3958.7266177782840        2.14823186E-02   4.64414945E-03
   3960.1339886488072        2.90136579E-02   4.67501674E-03
   3961.5415884745626        2.30795741E-02   4.41728253E-03
   3962.9494171164556        2.14751083E-02   4.20491071E-03
   3964.3574744353909        2.07236372E-02   3.94801423E-03
   3965.7657602922732        2.61091031E-02   3.98924341E-03
   3967.1742745480078        2.27067657E-02   3.70477280E-03
   3968.5830170634990        2.42598373E-02   3.62827210E-03
   3969.9919876996519        2.13990360E-02   3.48166679E-03
   3971.4011863173714        1.96530093E-02   3.67440097E-03
   3972.8106127775618        2.80253757E-02   4.12780186E-03
   3974.2202669411286        2.31760368E-02   4.14315797E-03
   3975.6301486689767        2.61501446E-02   4.40076459E-03
   3977.0402578220101        2.57350430E-02   4.53959638E-03
   3978.4505942611345        1.91340409E-02   4.55924543E-03
   3979.8611578472537        1.63757931E-02   4.50162450E-03
   3981.2719484412737        2.82076467E-02   4.89269989E-03
   3982.6829659040991        2.16931086E-02   4.70353290E-03
   3984.0942100966345        2.41112001E-02   4.65728436E-03
   3985.5056808797844        2.29021758E-02   4.66427580E-03
   3986.9173781144541        2.11258233E-02   4.64463932E-03
   3988.3293016615485        2.46176589E-02   4.76577645E-03
   3989.7414513819717        1.41324690E-02   4.47936589E-03
   3991.1538271366294        2.00121589E-02   4.67025861E-03
   3992.5664287864265        1.98113080E-02   4.69042081E-03
   3993.9792561922668        2.88794450E-02   4.94361529E-03
   3995.3923092150562        1.66061092E-02   4.61429777E-03
   3996.8055877156985        2.04549357E-02   4.63014375E-03
   3998.2190915550996        1.77671444E-02   4.58708312E-03
   3999.6328205941636        1.68313012E-02   4.61367983E-03
   4001.0467746937961        2.19994485E-02   4.75887349E-03
   4002.4609537149008        2.09660586E-02   4.81193606E-03
   4003.8753575183837        2.76914798E-02   4.79785865E-03
   4005.2899859651493        1.04974611E-02   4.35200008E-03
   4006.7048389161018        2.39488557E-02   4.68014367E-03
   4008.1199162321468        2.49314271E-02   4.73904470E-03
   4009.5352177741884        2.24062763E-02   4.80993232E-03
   4010.9507434031325        1.90606974E-02   4.76384209E-03
   4012.3664929798824        1.95506383E-02   4.76182811E-03
   4013.7824663653446        1.60348434E-02   4.68841521E-03
   4015.1986634204231        2.80387755E-02   4.94148815E-03
   4016.6150840060222        2.27304809E-02   4.76315618E-03
   4018.0317279830479        2.53159944E-02   4.83635021E-03
   4019.4485952124041        2.11093873E-02   4.78130020E-03
   4020.8656855549966        1.84626244E-02   4.73117502E-03
   4022.2829988717294        2.87431367E-02   4.96177236E-03
   4023.7005350235072        2.23801285E-02   4.75751795E-03
   4025.1182938712354        1.91283524E-02   4.73071821E-03
   4026.5362752758188        1.92072801E-02   4.72536497E-03
   4027.9544790981618        2.06524897E-02   4.80191223E-03
   4029.3729051991700        3.14511098E-02   4.99838032E-03
   4030.7915534397471        2.77210083E-02   4.75002825E-03
   4032.2104236807991        2.18608156E-02   4.51428350E-03
   4033.6295157832305        1.18272798E-02   4.22169315E-03
   4035.0488296079452        1.44942459E-02   4.38792771E-03
   4036.4683650158490        2.82163583E-02   4.87615913E-03
   4037.8881218678471        3.28866839E-02   5.03982324E-03
   4039.3081000248435        2.52061021E-02   4.88832407E-03
   4040.7282993477429        1.79484840E-02   4.68196813E-03
   4042.1487196974513        2.38055624E-02   4.75651165E-03
   4043.5693609348723        3.20738256E-02   4.79683094E-03
   4044.9902229209110        2.12899018E-02   4.47837217E-03
   4046.4113055164726        2.57343035E-02   4.53837030E-03
   4047.8326085824619        1.95503980E-02   4.41265386E-03
   4049.2541319797838        2.24172901E-02   4.70823888E-03
   4050.6758755693427        2.34755203E-02   4.73295152E-03
   4052.0978392120437        1.20168375E-02   4.45238873E-03
   4053.5200227687915        1.26068629E-02   4.43191547E-03
   4054.9424261004915        1.61769763E-02   4.42234566E-03
   4056.3650490680475        2.71317773E-02   4.67500836E-03
   4057.7878915323649        2.61282660E-02   4.64786729E-03
   4059.2109533543489        2.28883624E-02   4.66766953E-03
   4060.6342343949041        2.38854792E-02   4.63951100E-03
   4062.0577345149354        2.02460159E-02   4.51851916E-03
   4063.4814535753467        1.77511945E-02   4.36919369E-03
   4064.9053914370443        1.94997080E-02   4.30358108E-03
   4066.3295479609319        2.33957581E-02   4.44629276E-03
   4067.7539230079151        1.03446608E-02   4.34947433E-03
   4069.1785164388984        1.71073936E-02   4.45226580E-03
   4070.6033281147866        2.18395274E-02   4.55746008E-03
   4072.0283578964845        2.05496158E-02   4.49039275E-03
   4073.4536056448969        2.86541283E-02   4.65604989E-03
   4074.8790712209284        1.44753186E-02   4.40616114E-03
   4076.3047544854849        2.50971317E-02   4.60234238E-03
   4077.7306552994701        2.39205696E-02   4.45287302E-03
   4079.1567735237895        2.73825526E-02   4.60535102E-03
   4080.5831090193474        2.96820272E-02   4.76456108E-03
   4082.0096616470496        2.09487099E-02   4.61150520E-03
   4083.4364312677999        2.30997913E-02   4.66068415E-03
   4084.8634177425029        2.14726944E-02   4.56370879E-03
   4086.2906209320645        1.99625473E-02   4.50779358E-03
   4087.7180406973894        1.76712293E-02   4.55286773E-03
   4089.1456768993817        3.11776530E-02   4.87322221E-03
   4090.5735293989464        2.32422184E-02   4.72493051E-03
   4092.0015980569888        1.54970940E-02   4.49170219E-03
   4093.4298827344137        2.76239868E-02   4.75955009E-03
   4094.8583832921258        2.89450642E-02   4.69081150E-03
   4096.2870995910298        1.95926465E-02   4.42978367E-03
   4097.7160314920302        2.01644916E-02   4.39081248E-03
   4099.1451788560325        1.98866017E-02   4.25382005E-03
   4100.5745415439415        1.79124437E-02   4.07764222E-03
   4102.0041194166615        2.31048875E-02   4.17878991E-03
   4103.4339123350983        1.97354108E-02   4.10332670E-03
   4104.8639201601554        2.07895581E-02   4.28532343E-03
   4106.2941427527385        2.17695590E-02   4.42817388E-03
   4107.7245799737511        2.25037411E-02   4.49747732E-03
   4109.1552316841016        1.96199752E-02   4.44995798E-03
   4110.5860977446910        2.77663339E-02   4.57290839E-03
   4112.0171780164255        8.87586921E-03   4.16970858E-03
   4113.4484723602109        2.26752404E-02   4.55064932E-03
   4114.8799806369498        1.90144517E-02   4.52751713E-03
   4116.3117027075486        1.76296756E-02   4.51683160E-03
   4117.7436384329130        2.98630912E-02   4.75539919E-03
   4119.1757876739457        2.55364887E-02   4.61014034E-03
   4120.6081502915540        1.71175469E-02   4.37882822E-03
   4122.0407261466398        2.27648262E-02   4.46186448E-03
   4123.4735151001096        1.68008450E-02   4.45598969E-03
   4124.9065170128688        2.12972276E-02   4.54746466E-03
   4126.3397317458212        1.55446129E-02   4.34909342E-03
   4127.7731591598713        1.65891107E-02   4.33410518E-03
   4129.2067991159256        1.95453502E-02   4.45516920E-03
   4130.6406514748869        1.95443872E-02   4.40446567E-03
   4132.0747160976616        1.63524579E-02   4.26137308E-03
   4133.5089928451553        2.10860856E-02   4.32805205E-03
   4134.9434815782688        2.42345277E-02   4.46667336E-03
   4136.3781821579123        2.11081449E-02   4.43457905E-03
   4137.8130944449858        1.81821007E-02   4.50586667E-03
   4139.2482183003985        1.16462996E-02   4.36620088E-03
   4140.6835535850514        2.24510226E-02   4.53800429E-03
   4142.1191001598518        2.43097562E-02   4.46116459E-03
   4143.5548578857042        2.12396868E-02   4.32428392E-03
   4144.9908266235116        2.42004432E-02   4.37195506E-03
   4146.4270062341802        2.81123929E-02   4.53625107E-03
   4147.8633965786157        2.61833593E-02   4.54174588E-03
   4149.2999975177227        1.60735417E-02   4.29914705E-03
   4150.7368089124038        2.41090823E-02   4.46986035E-03
   4152.1738306235666        1.99104175E-02   4.37739026E-03
   4153.6110625121146        2.75696013E-02   4.46732901E-03
   4155.0485044389525        2.71993671E-02   4.47577145E-03
   4156.4861562649858        3.18908468E-02   4.52306494E-03
   4157.9240178511191        2.59310734E-02   4.49059857E-03
   4159.3620890582561        1.36562642E-02   4.21808334E-03
   4160.8003697473041        2.26822142E-02   4.44751047E-03
   4162.2388597791651        2.31866110E-02   4.50864993E-03
   4163.6775590147463        2.81907972E-02   4.67071775E-03
   4165.1164673149515        1.61730088E-02   4.39548166E-03
   4166.5555845406852        2.53297649E-02   4.50931629E-03
   4167.9949105528540        1.67872012E-02   4.33837762E-03
   4169.4344452123596        2.73599718E-02   4.53798473E-03
   4170.8741883801094        2.81699225E-02   4.56241798E-03
   4172.3141399170072        2.68729702E-02   4.46007261E-03
   4173.7542996839584        2.03871746E-02   4.24434245E-03
   4175.1946675418667        2.98859105E-02   4.47076838E-03
   4176.6352433516386        2.46902797E-02   4.35202289E-03
   4178.0760269741777        2.08052974E-02   4.28740215E-03
   4179.5170182703896        1.44309439E-02   4.20729211E-03
   4180.9582171011789        1.85965654E-02   4.22061654E-03
   4182.3996233274493        2.42994297E-02   4.33835573E-03
   4183.8412368101071        2.60279439E-02   4.40586824E-03
   4185.2830574100572        2.61246692E-02   4.35385993E-03
   4186.7250849882030        2.82988455E-02   4.38175723E-03
   4188.1673194054520        2.10775137E-02   4.21755156E-03
   4189.6097605227051        2.19045430E-02   4.27656341E-03
   4191.0524082008706        1.59638748E-02   4.18140087E-03
   4192.4952623008512        2.28807218E-02   4.38387692E-03
   4193.9383226835535        2.25406997E-02   4.37566638E-03
   4195.3815892098810        1.36858346E-02   4.13758541E-03
   4196.8250617407393        2.37915665E-02   4.30863071E-03
   4198.2687401370313        2.72182729E-02   4.26900061E-03
   4199.7126242596651        1.72685012E-02   4.00287518E-03
   4201.1567139695426        2.89507434E-02   4.24825447E-03
   4202.6010091275712        1.82443503E-02   4.15006327E-03
   4204.0455095946545        1.95842404E-02   4.16051596E-03
   4205.4902152316963        3.21533382E-02   4.48933197E-03
   4206.9351258996021        1.90433394E-02   4.27285908E-03
   4208.3802414592783        2.00680457E-02   4.32167621E-03
   4209.8255617716268        2.00356785E-02   4.29419009E-03
   4211.2710866975558        1.77592579E-02   4.27747192E-03
   4212.7168160979681        1.54581610E-02   4.20578616E-03
   4214.1627498337684        2.05039587E-02   4.24712105E-03
   4215.6088877658622        9.27284826E-03   3.95139307E-03
   4217.0552297551531        2.39844322E-02   4.26735077E-03
   4218.5017756625484        3.08795646E-02   4.46338952E-03
   4219.9485253489511        3.48618291E-02   4.58335085E-03
   4221.3954786752656        2.53739618E-02   4.45449445E-03
   4222.8426355023994        2.07907129E-02   4.26951889E-03
   4224.2899956912543        2.34073028E-02   4.20178054E-03
   4225.7375591027367        2.33877022E-02   3.96765769E-03
   4227.1853255977503        1.34791853E-02   3.66893690E-03
   4228.6332950372016        1.51398592E-02   3.80028086E-03
   4230.0814672819934        2.33911052E-02   4.18382557E-03
   4231.5298421930329        2.13056728E-02   4.23517171E-03
   4232.9784196312239        2.74534002E-02   4.33511799E-03
   4234.4271994574710        2.62540430E-02   4.27793479E-03
   4235.8761815326779        1.99388526E-02   4.01374698E-03
   4237.3253657177520        1.77014563E-02   4.00603935E-03
   4238.7747518735960        1.98930930E-02   4.00692038E-03
   4240.2243398611154        2.75503714E-02   4.24939115E-03
   4241.6741295412148        2.22524721E-02   4.17110836E-03
   4243.1241207748008        2.31867600E-02   4.17362340E-03
   4244.5743134227760        2.32155900E-02   4.22356790E-03
   4246.0247073460459        2.05194801E-02   4.10446525E-03
   4247.4753024055153        2.59876773E-02   4.19768691E-03
   4248.9260984620896        2.59043537E-02   4.15145280E-03
   4250.3770953766734        2.10985299E-02   3.95721011E-03
   4251.8282930101705        1.84554011E-02   3.92064266E-03
   4253.2796912234880        2.95212697E-02   4.21436690E-03
   4254.7312898775290        2.12278683E-02   4.07242170E-03
   4256.1830888331979        1.79629885E-02   3.95996915E-03
   4257.6350879514011        2.13337820E-02   4.06462373E-03
   4259.0872870930416        2.08545122E-02   4.03847033E-03
   4260.5396861190256        2.21534204E-02   3.92872514E-03
   4261.9922848902588        2.49305218E-02   4.01124731E-03
   4263.4450832676439        2.06588190E-02   4.02727351E-03
   4264.8980811120873        9.98608675E-03   3.86112160E-03
   4266.3512782844928        1.81949232E-02   4.04604711E-03
   4267.8046746457658        2.23984011E-02   4.12541721E-03
   4269.2582700568100        3.20431218E-02   4.24102508E-03
   4270.7120643785329        2.40022354E-02   3.92244244E-03
   4272.1660574718371        1.95659325E-02   3.75403720E-03
   4273.6202491976273        2.56338324E-02   3.87445837E-03
   4275.0746394168100        1.77736301E-02   3.78188118E-03
   4276.5292279902878        2.32283603E-02   4.00765659E-03
   4277.9840147789691        2.35943608E-02   4.06368449E-03
   4279.4389996437549        2.17384901E-02   4.01506387E-03
   4280.8941824455505        2.15614345E-02   3.99702322E-03
   4282.3495630452635        1.84169002E-02   3.91603587E-03
   4283.8051413037965        2.09419671E-02   3.95592675E-03
   4285.2609170820560        2.35427953E-02   4.15298017E-03
   4286.7168902409448        2.40883231E-02   4.07355186E-03
   4288.1730606413676        1.77889541E-02   3.76465893E-03
   4289.6294281442324        1.78445708E-02   3.76950973E-03
   4291.0859926104404        1.08110905E-02   3.63056874E-03
   4292.5427539008988        1.74773969E-02   3.77400080E-03
   4293.9997118765104        2.25016456E-02   3.92966578E-03
   4295.4568663981827        1.91472359E-02   3.83040798E-03
   4296.9142173268183        1.76215898E-02   3.74225969E-03
   4298.3717645233237        2.18445044E-02   3.69542069E-03
   4299.8295078486017        2.31459141E-02   3.64715722E-03
   4301.2874471635587        1.75452288E-02   3.39602586E-03
   4302.7455823290993        2.25252770E-02   3.57987825E-03
   4304.2039132061282        3.07272468E-02   3.80249741E-03
   4305.6624396555499        1.89811550E-02   3.46437912E-03
   4307.1211615382699        2.15050951E-02   3.55234812E-03
   4308.5800787151911        1.79728605E-02   3.39846057E-03
   4310.0391910472217        1.62037499E-02   3.31439823E-03
   4311.4984983952645        2.17040349E-02   3.57008493E-03
   4312.9580006202241        1.55763263E-02   3.49465641E-03
   4314.4176975830060        2.62460355E-02   3.92835867E-03
   4315.8775891445157        2.25813948E-02   4.05590003E-03
   4317.3376751656560        1.60811152E-02   3.93302459E-03
   4318.7979555073334        2.14759298E-02   4.16976353E-03
   4320.2584300304516        1.86694376E-02   4.05386323E-03
   4321.7190985959160        2.60345656E-02   4.14924463E-03
   4323.1799610646331        1.93908028E-02   3.80834099E-03
   4324.6410172975047        2.34130993E-02   3.76222073E-03
   4326.1022671554374        2.51405202E-02   3.75887775E-03
   4327.5637104993357        1.51299536E-02   3.67529388E-03
   4329.0253471901051        2.28981283E-02   3.98580125E-03
   4330.4871770886493        2.37688534E-02   4.08928329E-03
   4331.9492000558730        1.77870207E-02   3.99597781E-03
   4333.4114159526825        2.29620244E-02   4.06568963E-03
   4334.8738246399807        2.07298025E-02   3.98510275E-03
   4336.3364259786749        2.62330100E-02   4.04173508E-03
   4337.7992198296679        1.42865507E-02   3.57157527E-03
   4339.2622060538661        1.69036891E-02   3.51475901E-03
   4340.7253845121722        2.12179888E-02   3.61111411E-03
   4342.1887550654928        2.05333456E-02   3.56114679E-03
   4343.6523175747325        1.23148058E-02   3.52131296E-03
   4345.1160719007949        1.97206140E-02   3.83622479E-03
   4346.5800179045864        1.85877550E-02   3.88296857E-03
   4348.0441554470108        1.77245680E-02   3.87125951E-03
   4349.5084843889736        2.57359669E-02   4.05719085E-03
   4350.9730045913802        2.12368853E-02   3.90267326E-03
   4352.4377159151336        2.25524846E-02   3.88682564E-03
   4353.9026182211401        2.90116798E-02   3.97556322E-03
   4355.3677113703043        2.53963117E-02   3.99996573E-03
   4356.8329952235299        1.69775411E-02   3.79901309E-03
   4358.2984696417243        2.88702939E-02   4.06063348E-03
   4359.7641344857884        2.50212569E-02   4.06860095E-03
   4361.2299896166305        2.04351470E-02   3.93653568E-03
   4362.6960348951543        2.10623369E-02   3.99625022E-03
   4364.1622701822644        2.09200811E-02   4.00303351E-03
   4365.6286953388662        2.67208107E-02   4.10435256E-03
   4367.0953102258654        2.00939272E-02   3.95728601E-03
   4368.5621147041629        1.22799342E-02   3.69944330E-03
   4370.0291086346679        1.78232510E-02   3.82329710E-03
   4371.4962918782840        1.58350524E-02   3.73951229E-03
   4372.9636642959149        2.15937700E-02   3.84088280E-03
   4374.4312257484662        1.29775675E-02   3.61743825E-03
   4375.8989760968425        1.22413933E-02   3.59570188E-03
   4377.3669152019493        2.14341450E-02   3.86763294E-03
   4378.8350429246902        1.72445159E-02   3.76329245E-03
   4380.3033591259709        1.62045658E-02   3.78481951E-03
   4381.7718636666968        1.39024109E-02   3.56325833E-03
   4383.2405564077717        1.52183659E-02   3.42436763E-03
   4384.7094372101010        2.79006194E-02   3.72721371E-03
   4386.1785059345884        2.83900499E-02   3.76296532E-03
   4387.6477624421404        1.42041100E-02   3.59466881E-03
   4389.1172065936607        2.07270496E-02   3.76337417E-03
   4390.5868382500557        2.40982063E-02   3.84612055E-03
   4392.0566572722282        2.27614157E-02   3.85931577E-03
   4393.5266635210846        1.35501493E-02   3.65531142E-03
   4394.9968568575277        1.73096806E-02   3.74208018E-03
   4396.4672371424640        2.17902549E-02   3.85567732E-03
   4397.9378042367989        2.13232394E-02   3.88850761E-03
   4399.4085580014362        1.73886269E-02   3.77308764E-03
   4400.8794982972804        1.95719786E-02   3.78050329E-03
   4402.3506249852371        2.28838790E-02   3.81863141E-03
   4403.8219379262100        2.28824634E-02   3.81721579E-03
   4405.2934369811055        2.50624735E-02   3.82713857E-03
   4406.7651220108282        1.78313106E-02   3.68954474E-03
   4408.2369928762819        2.24517081E-02   3.86289461E-03
   4409.7090494383719        2.00407356E-02   3.84353939E-03
   4411.1812915580031        2.70211231E-02   4.04079119E-03
   4412.6537190960807        2.15793848E-02   3.94089706E-03
   4414.1263319135096        1.87178329E-02   3.83051182E-03
   4415.5991298711933        2.22330857E-02   3.87728750E-03
   4417.0721128300383        2.04193816E-02   3.79510131E-03
   4418.5452806509484        2.86072660E-02   4.04947903E-03
   4420.0186331948289        1.53606012E-02   3.84416594E-03
   4421.4921703225837        2.35979278E-02   3.98105988E-03
   4422.9658918951191        1.72712058E-02   3.87071050E-03
   4424.4397977733397        2.28038337E-02   3.94832389E-03
   4425.9138878181493        2.48373654E-02   3.98630602E-03
   4427.3881618904534        1.84324477E-02   3.85504565E-03
   4428.8626198511565        1.55939078E-02   3.81545653E-03
   4430.3372615611643        1.58240944E-02   3.84863745E-03
   4431.8120868813803        2.56437939E-02   3.97190126E-03
   4433.2870956727102        1.49787674E-02   3.70722567E-03
   4434.7622877960594        1.94146521E-02   3.73191782E-03
   4436.2376631123307        2.14005169E-02   3.87633196E-03
   4437.7132214824314        2.21944433E-02   3.88351316E-03
   4439.1889627672654        1.97505783E-02   3.90408817E-03
   4440.6648868277362        1.66929346E-02   3.84394452E-03
   4442.1409935247502        2.01958157E-02   3.81302065E-03
   4443.6172827192122        1.88947674E-02   3.85021488E-03
   4445.0937542720258        2.30829194E-02   3.90491425E-03
   4446.5704080440983        1.93973333E-02   3.91667336E-03
   4448.0472438963316        2.46658120E-02   4.03298298E-03
   4449.5242616896321        1.91178322E-02   3.90519225E-03
   4451.0014612849045        2.33440474E-02   3.98046803E-03
   4452.4788425430534        2.86021903E-02   4.09021927E-03
   4453.9564053249842        2.22431216E-02   3.89651838E-03
   4455.4341494916007        1.38813788E-02   3.62659479E-03
   4456.9120749038084        2.37081610E-02   3.80978291E-03
   4458.3901814225119        1.93513669E-02   3.75099364E-03
   4459.8684689086167        2.27931291E-02   3.82174249E-03
   4461.3469372230275        2.04382874E-02   3.76786385E-03
   4462.8255862266478        1.78050604E-02   3.73707036E-03
   4464.3044157803834        2.14363988E-02   3.86430649E-03
   4465.7834257451395        2.58501973E-02   4.01815632E-03
   4467.2626159818210        2.58105025E-02   3.97613877E-03
   4468.7419863513323        2.41272934E-02   3.94669967E-03
   4470.2215367145773        2.29762848E-02   3.94392014E-03
   4471.7012669324622        1.69307142E-02   3.87262553E-03
   4473.1811768658918        2.55859811E-02   4.04203264E-03
   4474.6612663757705        2.68268306E-02   4.15169355E-03
   4476.1415353230022        1.74015835E-02   3.93755501E-03
   4477.6219835684933        2.53655314E-02   4.12359880E-03
   4479.1026109731492        2.82315649E-02   4.07537352E-03
   4480.5834173978728        3.03246360E-02   4.05727746E-03
   4482.0644027035687        2.56564692E-02   3.95098235E-03
   4483.5455667511442        2.59174202E-02   4.03670920E-03
   4485.0269094015021        3.42967026E-02   4.23774123E-03
   4486.5084305155478        2.52269637E-02   4.06357460E-03
   4487.9901299541852        2.31142640E-02   4.02956549E-03
   4489.4720075783216        2.28607897E-02   3.92855145E-03
   4490.9540632488597        2.29940861E-02   3.98245594E-03
   4492.4362968267051        2.69054957E-02   4.04931093E-03
   4493.9187081727632        2.33583525E-02   4.01463173E-03
   4495.4012971479369        2.33705100E-02   3.92994424E-03
   4496.8840636131326        2.42099464E-02   3.98719031E-03
   4498.3670074292550        2.57725455E-02   4.07869741E-03
   4499.8501284572085        2.17194911E-02   3.97992786E-03
   4501.3334265578987        3.27044241E-02   4.20700712E-03
   4502.8169015922304        2.07103118E-02   3.98233626E-03
   4504.3005534211061        2.49787476E-02   4.14396357E-03
   4505.7843819054342        1.74030960E-02   4.00286913E-03
   4507.2683869061175        2.25004628E-02   4.06991225E-03
   4508.7525682840605        2.08702162E-02   4.05951263E-03
   4510.2369259001689        1.28458841E-02   3.84251191E-03
   4511.7214596153472        2.77971011E-02   4.12953040E-03
   4513.2061692905017        1.78329814E-02   3.93223856E-03
   4514.6910547865346        2.40962058E-02   4.07091575E-03
   4516.1761159643520        2.12014951E-02   3.96711100E-03
   4517.6613526848587        1.99228190E-02   3.96359386E-03
   4519.1467648089601        2.17702817E-02   3.97308124E-03
   4520.6323521975610        2.89664194E-02   4.11757594E-03
   4522.1181147115649        1.57367885E-02   3.87517246E-03
   4523.6040522118774        2.45520510E-02   4.02296614E-03
   4525.0901645594031        2.06257384E-02   3.94788291E-03
   4526.5764516150484        2.13268064E-02   3.83782433E-03
   4528.0629132397171        1.90827791E-02   3.76449083E-03
   4529.5495492943128        1.74953267E-02   3.72506212E-03
   4531.0363596397419        2.15025283E-02   3.85186612E-03
   4532.5233441369091        1.68012232E-02   3.73882568E-03
   4534.0105026467172        2.24092938E-02   3.87673965E-03
   4535.4978350300744        2.44968720E-02   3.91346216E-03
   4536.9853411478834        2.20996551E-02   3.89351626E-03
   4538.4730208610490        2.33169459E-02   3.99965094E-03
   4539.9608740304766        1.89181436E-02   3.97104491E-03
   4541.4489005170717        2.01455876E-02   3.93660832E-03
   4542.9371001817381        2.01758835E-02   3.89785017E-03
   4544.4254728853803        2.36588866E-02   3.97457881E-03
   4545.9140184889038        2.45383438E-02   3.99068464E-03
   4547.4027368532134        2.47764010E-02   3.98392044E-03
   4548.8916278392144        2.03168429E-02   3.83365899E-03
   4550.3806913078115        1.81887876E-02   3.83500080E-03
   4551.8699271199075        2.25877631E-02   3.90147488E-03
   4553.3593351364107        2.45651435E-02   3.91329033E-03
   4554.8489152182228        2.29471307E-02   3.90576757E-03
   4556.3386672262513        3.14081423E-02   4.08933265E-03
   4557.8285910213990        2.74580382E-02   4.05875640E-03
   4559.3186864645713        1.89285316E-02   3.98044568E-03
   4560.8089534166738        2.68305168E-02   4.13739076E-03
   4562.2993917386102        1.63890924E-02   3.86092230E-03
   4563.7900012912860        3.12820263E-02   4.09715762E-03
   4565.2807819356058        2.25099567E-02   3.92760755E-03
   4566.7717335324742        2.33937036E-02   4.01330693E-03
   4568.2628559427967        2.80975681E-02   4.10085497E-03
   4569.7541490274789        2.11024228E-02   3.94164072E-03
   4571.2456126474235        2.40285210E-02   3.94971715E-03
   4572.7372466635361        1.70614645E-02   3.83645389E-03
   4574.2290509367213        1.69255380E-02   3.82230897E-03
   4575.7210253278854        2.11759824E-02   3.97305097E-03
   4577.2131696979322        2.35443227E-02   3.98059934E-03
   4578.7054839077673        2.20563132E-02   3.92215373E-03
   4580.1979678182934        2.19881833E-02   3.89558636E-03
   4581.6906212904178        2.04508938E-02   3.79172945E-03
   4583.1834441850433        1.90134849E-02   3.77328834E-03
   4584.6764363630773        2.10175402E-02   3.83292162E-03
   4586.1695976854226        1.95515789E-02   3.77831818E-03
   4587.6629280129837        2.32659429E-02   3.92033905E-03
   4589.1564272066662        2.43474059E-02   3.93745303E-03
   4590.6500951273756        1.63364690E-02   3.79610690E-03
   4592.1439316360165        1.23888673E-02   3.68092651E-03
   4593.6379365934927        2.12032385E-02   3.84275918E-03
   4595.1321098607104        1.70238726E-02   3.70930391E-03
   4596.6264512985726        1.98589992E-02   3.79966525E-03
   4598.1209607679866        2.96587069E-02   3.99770588E-03
   4599.6156381298551        1.65023133E-02   3.72841815E-03
   4601.1104832450837        2.46302485E-02   3.90208606E-03
   4602.6054959745779        2.10578982E-02   3.83594166E-03
   4604.1006761792414        2.37904359E-02   3.86899081E-03
   4605.5960237199788        2.31340099E-02   3.87845421E-03
   4607.0915384576974        2.21999604E-02   3.85174341E-03
   4608.5872202532992        2.61969808E-02   3.96079337E-03
   4610.0830689676905        2.09602173E-02   3.89566715E-03
   4611.5790844617759        1.29304882E-02   3.69840418E-03
   4613.0752665964601        2.83583645E-02   3.96240270E-03
   4614.5716152326477        2.35702861E-02   3.86565179E-03
   4616.0681302312432        2.18935367E-02   3.90084111E-03
   4617.5648114531541        1.34721668E-02   3.66821024E-03
   4619.0616587592813        2.15096343E-02   3.86135792E-03
   4620.5586720105312        1.76959690E-02   3.75712896E-03
   4622.0558510678102        2.54758280E-02   3.94310383E-03
   4623.5531957920221        2.58178599E-02   3.96498432E-03
   4625.0507060440696        1.99379530E-02   3.85171012E-03
   4626.5483816848609        2.56072283E-02   3.96808702E-03
   4628.0462225752999        2.53021568E-02   3.93576082E-03
   4629.5442285762902        2.23926716E-02   3.92025243E-03
   4631.0423995487372        2.10786257E-02   3.83795006E-03
   4632.5407353535456        2.08151005E-02   3.81545606E-03
   4634.0392358516210        1.83490310E-02   3.78165510E-03
   4635.5379009038670        1.76984128E-02   3.73922521E-03
   4637.0367303711910        1.98537465E-02   3.77603737E-03
   4638.5357241144948        2.50363089E-02   3.83371697E-03
   4640.0348819946839        1.98301282E-02   3.75129236E-03
   4641.5342038726649        2.11036410E-02   3.76661029E-03
   4643.0336896093404        1.26408217E-02   3.66874319E-03
   4644.5333390656169        1.92312468E-02   3.75708472E-03
   4646.0331521023991        1.37659777E-02   3.59002105E-03
   4647.5331285805905        2.46444307E-02   3.79070849E-03
   4649.0332683610968        1.80012900E-02   3.69776646E-03
   4650.5335713048225        1.66014899E-02   3.65649210E-03
   4652.0340372726732        1.91437453E-02   3.75175267E-03
   4653.5346661255535        2.10876651E-02   3.78309912E-03
   4655.0354577243679        1.34319589E-02   3.60165257E-03
   4656.5364119300211        1.70086157E-02   3.69063369E-03
   4658.0375286034177        1.49423080E-02   3.67286569E-03
   4659.5388076054642        1.48196528E-02   3.69828311E-03
   4661.0402487970632        2.35552173E-02   3.92002845E-03
   4662.5418520391213        2.24963780E-02   3.85331502E-03
   4664.0436171925430        1.76060293E-02   3.67637491E-03
   4665.5455441182312        1.87634919E-02   3.63218412E-03
   4667.0476326770940        2.33697239E-02   3.74219823E-03
   4668.5498827300335        2.36608703E-02   3.68500664E-03
   4670.0522941379559        2.40680669E-02   3.78467701E-03
   4671.5548667617659        2.33570579E-02   3.76818446E-03
   4673.0576004623681        2.88016945E-02   3.92457284E-03
   4674.5604951006671        2.36412529E-02   3.85181070E-03
   4676.0635505375685        1.91329531E-02   3.77228367E-03
   4677.5667666339759        2.14561056E-02   3.81215103E-03
   4679.0701432507958        2.42939610E-02   3.83223617E-03
   4680.5736802489309        2.09890790E-02   3.69554060E-03
   4682.0773774892878        2.03740336E-02   3.74958897E-03
   4683.5812348327709        1.63761675E-02   3.68573004E-03
   4685.0852521402840        2.00480837E-02   3.76424845E-03
   4686.5894292727344        2.44297106E-02   3.87346488E-03
   4688.0937660910249        2.29326356E-02   3.84289143E-03
   4689.5982624560611        2.22635474E-02   3.78104160E-03
   4691.1029182287466        3.52608189E-02   4.02221736E-03
   4692.6077332699879        2.17974782E-02   3.80131160E-03
   4694.1127074406886        2.48276498E-02   3.89850116E-03
   4695.6178406017543        2.33399719E-02   3.82302864E-03
   4697.1231326140905        2.20656842E-02   3.85741191E-03
   4698.6285833386000        2.46731956E-02   3.81654617E-03
   4700.1341926361893        2.52241939E-02   3.81783070E-03
   4701.6399603677619        1.95750147E-02   3.64177721E-03
   4703.1458863942244        2.87503656E-02   3.85153596E-03
   4704.6519705764804        2.14351732E-02   3.75048374E-03
   4706.1582127754345        2.20465325E-02   3.73484474E-03
   4707.6646128519924        1.72159355E-02   3.63765890E-03
   4709.1711706670594        2.18890794E-02   3.76457442E-03
   4710.6778860815384        1.91368721E-02   3.71578569E-03
   4712.1847589563358        1.52109731E-02   3.64458887E-03
   4713.6917891523553        2.03285869E-02   3.75697576E-03
   4715.1989765305043        1.82731990E-02   3.67851439E-03
   4716.7063209516846        2.01475285E-02   3.75422440E-03
   4718.2138222768017        2.03116760E-02   3.81504279E-03
   4719.7214803667612        2.06183717E-02   3.85971391E-03
   4721.2292950824685        1.72375552E-02   3.74460150E-03
   4722.7372662848265        1.46613969E-02   3.76075669E-03
   4724.2453938347408        2.06783935E-02   3.84177221E-03
   4725.7536775931185        1.56326778E-02   3.74680245E-03
   4727.2621174208607        2.24996991E-02   3.82918213E-03
   4728.7707131788748        2.59595904E-02   3.88470711E-03
   4730.2794647280643        2.00308859E-02   3.71922529E-03
   4731.7883719293350        2.09237710E-02   3.71078937E-03
   4733.2974346435913        1.57354176E-02   3.64961242E-03
   4734.8066527317387        2.62898356E-02   3.90629377E-03
   4736.3160260546811        1.92481037E-02   3.70464404E-03
   4737.8255544733238        1.60460155E-02   3.72271403E-03
   4739.3352378485706        1.65148806E-02   3.72062204E-03
   4740.8450760413280        2.07489766E-02   3.81087791E-03
   4742.3550689125004        1.85044371E-02   3.79059510E-03
   4743.8652163229917        2.12697871E-02   3.82848224E-03
   4745.3755181337074        1.92365143E-02   3.78471450E-03
   4746.8859742055520        2.01936308E-02   3.80730047E-03
   4748.3965843994301        1.92394946E-02   3.82640096E-03
   4749.9073485762474        2.01187190E-02   3.81510006E-03
   4751.4182665969092        1.82587355E-02   3.77931911E-03
   4752.9293383223194        2.57757958E-02   3.86506063E-03
   4754.4405636133824        1.88324265E-02   3.70889017E-03
   4755.9519423310039        2.30760165E-02   3.79591156E-03
   4757.4634743360884        1.93234216E-02   3.73822055E-03
   4758.9751594895397        1.71146672E-02   3.73058347E-03
   4760.4869976522650        1.64079592E-02   3.69038410E-03
   4761.9989886851681        2.55103931E-02   3.86630092E-03
   4763.5111324491527        1.64929442E-02   3.65153281E-03
   4765.0234288051242        1.88285969E-02   3.69202136E-03
   4766.5358776139883        1.95254013E-02   3.71014094E-03
   4768.0484787366495        2.10412703E-02   3.79898190E-03
   4769.5612320340124        1.89165920E-02   3.78737226E-03
   4771.0741373669816        1.64710525E-02   3.70955630E-03
   4772.5871945964609        2.17317864E-02   3.82868527E-03
   4774.1004035833585        1.93602499E-02   3.79817840E-03
   4775.6137641885762        2.13628933E-02   3.87127558E-03
   4777.1272762730196        2.31232326E-02   3.91280884E-03
   4778.6409396975932        2.00881418E-02   3.84917832E-03
   4780.1547543232036        2.13871822E-02   3.82327894E-03
   4781.6687200107535        1.61409210E-02   3.74644063E-03
   4783.1828366211494        2.02778559E-02   3.81156383E-03
   4784.6971040152939        1.60481930E-02   3.73490388E-03
   4786.2115220540945        2.43316032E-02   3.86781828E-03
   4787.7260905984549        1.87799670E-02   3.75455199E-03
   4789.2408095092796        1.44206611E-02   3.65540572E-03
   4790.7556786474725        1.96727365E-02   3.77388392E-03
   4792.2706978739416        2.09559370E-02   3.84967099E-03
   4793.7858670495889        2.51784679E-02   3.92860174E-03
   4795.3011860353199        1.98004637E-02   3.85168800E-03
   4796.8166546920393        1.26146702E-02   3.68325063E-03
   4798.3322728806534        1.02727199E-02   3.61773232E-03
   4799.8480404620650        1.26722334E-02   3.64492228E-03
   4801.3639572971797        2.63918750E-02   3.91790364E-03
   4802.8800232469030        2.93420553E-02   3.99022596E-03
   4804.3962381721385        1.94462091E-02   3.79211456E-03
   4805.9126019337928        2.56593581E-02   3.91272316E-03
   4807.4291143927685        1.35317063E-02   3.65569815E-03
   4808.9457754099731        1.30885262E-02   3.62790050E-03
   4810.4625848463093        1.44894021E-02   3.70308361E-03
   4811.9795425626826        1.59753133E-02   3.70040350E-03
   4813.4966484199977        1.84939150E-02   3.77449812E-03
   4815.0139022791591        2.12009139E-02   3.82104586E-03
   4816.5313040010724        1.36451265E-02   3.68698500E-03
   4818.0488534466422        1.98068544E-02   3.87106300E-03
   4819.5665504767730        1.58269517E-02   3.76393413E-03
   4821.0843949523705        1.77782848E-02   3.76276043E-03
   4822.6023867343383        1.45292524E-02   3.71704577E-03
   4824.1205256835819        1.84150897E-02   3.73676769E-03
   4825.6388116610060        1.23569928E-02   3.64471506E-03
   4827.1572445275160        1.83861163E-02   3.75263696E-03
   4828.6758241440166        1.83206499E-02   3.79655790E-03
   4830.1945503714114        2.74363738E-02   3.94998863E-03
   4831.7134230706070        1.03157545E-02   3.57948709E-03
   4833.2324421025069        1.81626901E-02   3.72978672E-03
   4834.7516073280158        1.21784415E-02   3.60392127E-03
   4836.2709186080410        1.80844441E-02   3.74223827E-03
   4837.7903758034836        1.60702076E-02   3.67405196E-03
   4839.3099787752517        1.85695272E-02   3.74506204E-03
   4840.8297273842472        2.20262203E-02   3.79688875E-03
   4842.3496214913775        2.57280506E-02   3.90304858E-03
   4843.8696609575472        2.39055026E-02   3.84797552E-03
   4845.3898456436591        2.66527552E-02   3.89016629E-03
   4846.9101754106196        2.32289974E-02   3.83147621E-03
   4848.4306501193332        1.92025565E-02   3.73627059E-03
   4849.9512696307047        2.10972521E-02   3.74465901E-03
   4851.4720338056395        2.22104564E-02   3.79926502E-03
   4852.9929425050404        2.07271446E-02   3.72250937E-03
   4854.5139955898157        1.84220504E-02   3.64414719E-03
   4856.0351929208673        2.70749070E-02   3.76979751E-03
   4857.5565343591015        2.65379492E-02   3.71908932E-03
   4859.0780197654221        1.60011481E-02   3.42362095E-03
   4860.5996490007356        1.85674131E-02   3.32330680E-03
   4862.1214219259446        1.65586080E-02   3.23617458E-03
   4863.6433384019556        1.19404756E-02   3.23740044E-03
   4865.1653982896723        1.95941348E-02   3.49974725E-03
   4866.6876014500003        2.38792263E-02   3.70232551E-03
   4868.2099477438451        2.48188768E-02   3.71876312E-03
   4869.7324370321103        2.07616147E-02   3.63214267E-03
   4871.2550691757006        1.72599815E-02   3.53092141E-03
   4872.7778440355223        2.72157583E-02   3.71553469E-03
   4874.3007614724793        2.04731561E-02   3.57436202E-03
   4875.8238213474760        3.03981118E-02   3.83027992E-03
   4877.3470235214181        2.40374599E-02   3.77117284E-03
   4878.8703678552083        2.93013398E-02   3.88028123E-03
   4880.3938542097558        2.65485402E-02   3.84784816E-03
   4881.9174824459615        2.27298029E-02   3.77275189E-03
   4883.4412524247309        2.94873137E-02   3.88131198E-03
   4884.9651640069715        1.57704614E-02   3.60067119E-03
   4886.4892170535841        1.47931427E-02   3.53004248E-03
   4888.0134114254761        1.32022277E-02   3.46767064E-03
   4889.5377469835521        1.84335802E-02   3.53777735E-03
   4891.0622235887158        1.76320653E-02   3.52230063E-03
   4892.5868411018737        9.41363722E-03   3.38652916E-03
   4894.1115993839294        1.93100628E-02   3.65708908E-03
   4895.6364982957894        2.51094215E-02   3.86252068E-03
   4897.1615376983555        1.47353159E-02   3.63311078E-03
   4898.6867174525360        1.87280513E-02   3.72215477E-03
   4900.2120374192327        1.58770122E-02   3.62279988E-03
   4901.7374974593513        2.46048216E-02   3.85293015E-03
   4903.2630974337981        2.07011942E-02   3.67539958E-03
   4904.7888372034768        1.71648283E-02   3.66187235E-03
   4906.3147166292920        2.68696379E-02   3.83232255E-03
   4907.8407355721492        2.41819508E-02   3.79290967E-03
   4909.3668938929532        2.51057446E-02   3.74596892E-03
   4910.8931914526083        2.19654161E-02   3.69917625E-03
   4912.4196281120194        1.52205257E-02   3.52785643E-03
   4913.9462037320909        1.64325908E-02   3.62523180E-03
   4915.4729181737293        2.03081556E-02   3.70242936E-03
   4916.9997712978384        1.53203821E-02   3.58667597E-03
   4918.5267629653235        2.13500038E-02   3.59305204E-03
   4920.0538930370885        2.15837620E-02   3.54599883E-03
   4921.5811613740379        1.82869807E-02   3.50344926E-03
   4923.1085678370782        2.03339513E-02   3.52269388E-03
   4924.6361122871131        1.41658224E-02   3.49257817E-03
   4926.1637945850480        1.43682035E-02   3.51325003E-03
   4927.6916145917867        2.14222670E-02   3.73951136E-03
   4929.2195721682365        1.77589729E-02   3.61250178E-03
   4930.7476671752993        2.24134717E-02   3.76668782E-03
   4932.2758994738806        2.61052735E-02   3.81830847E-03
   4933.8042689248869        1.51181547E-02   3.58429365E-03
   4935.3327753892218        1.80347040E-02   3.60050797E-03
   4936.8614187277899        2.00971272E-02   3.62396450E-03
   4938.3901988014968        1.56148905E-02   3.50059848E-03
   4939.9191154712471        1.64714456E-02   3.50207184E-03
   4941.4481685979445        2.04854906E-02   3.65228811E-03
   4942.9773580424953        1.67681035E-02   3.62183992E-03
   4944.5066836658034        2.32203063E-02   3.74336122E-03
   4946.0361453287760        2.43384019E-02   3.79188918E-03
   4947.5657428923132        2.51520034E-02   3.77498055E-03
   4949.0954762173242        2.25081481E-02   3.73987015E-03
   4950.6253451647126        1.32048996E-02   3.57655738E-03
   4952.1553495953831        2.10926142E-02   3.72080761E-03
   4953.6854893702393        1.99042615E-02   3.69418273E-03
   4955.2157643501869        2.18666103E-02   3.68485367E-03
   4956.7461743961321        1.68534555E-02   3.50647070E-03
   4958.2767193689788        2.43343338E-02   3.66356713E-03
   4959.8073991296296        1.25561273E-02   3.41909030E-03
   4961.3382135389929        1.74888223E-02   3.66511010E-03
   4962.8691624579715        2.70064399E-02   3.85510642E-03
   4964.4002457474708        1.03410035E-02   3.48531618E-03
   4965.9314632683963        1.56571455E-02   3.59154167E-03
   4967.4628148816519        2.00658999E-02   3.65305133E-03
   4968.9943004481420        1.80919338E-02   3.59967002E-03
   4970.5259198287722        2.45666020E-02   3.74401431E-03
   4972.0576728844471        2.25079097E-02   3.72713176E-03
   4973.5895594760714        2.38158647E-02   3.74587881E-03
   4975.1215794645505        1.76917259E-02   3.65934893E-03
   4976.6537327107881        1.95169188E-02   3.64841707E-03
   4978.1860190756906        2.31378712E-02   3.71860131E-03
   4979.7184384201628        1.92158166E-02   3.61384475E-03
   4981.2509906051082        2.38689221E-02   3.69210914E-03
   4982.7836754914315        2.08785888E-02   3.56058707E-03
   4984.3164929400391        1.87183693E-02   3.48539604E-03
   4985.8494428118347        1.82428341E-02   3.51908151E-03
   4987.3825249677229        2.47893929E-02   3.74284503E-03
   4988.9157392686102        1.67865828E-02   3.60809220E-03
   4990.4490855753993        2.08200384E-02   3.67073109E-03
   4991.9825637489967        2.00883336E-02   3.63495736E-03
   4993.5161736503060        2.25253142E-02   3.71815194E-03
   4995.0499151402337        2.41721608E-02   3.75177478E-03
   4996.5837880796826        2.98851524E-02   3.85672785E-03
   4998.1177923295591        2.60730535E-02   3.77140660E-03
   4999.6519277507659        2.61022244E-02   3.78014380E-03
   5001.1861942042115        3.42582278E-02   3.89710302E-03
   5002.7205915507975        2.60599218E-02   3.71541874E-03
   5004.2551196514296        2.26183999E-02   3.64637841E-03
   5005.7897783670132        2.61257011E-02   3.65824369E-03
   5007.3245675584531        2.27387864E-02   3.62172490E-03
   5008.8594870866527        2.05290783E-02   3.62961134E-03
   5010.3945368125187        1.70957875E-02   3.59520805E-03
   5011.9297165969556        2.09201630E-02   3.62799666E-03
   5013.4650263008680        1.15503846E-02   3.39686777E-03
   5015.0004657851596        1.83064044E-02   3.48898605E-03
   5016.5360349107368        2.34603137E-02   3.64192412E-03
   5018.0717335385034        1.86968632E-02   3.55534023E-03
   5019.6075615293648        1.43893687E-02   3.46512953E-03
   5021.1435187442266        2.23345105E-02   3.70737514E-03
   5022.6796050439916        1.66631173E-02   3.55735910E-03
   5024.2158202895662        2.71573160E-02   3.77007760E-03
   5025.7521643418550        2.81327479E-02   3.82625172E-03
   5027.2886370617625        1.59896836E-02   3.52647249E-03
   5028.8252383101944        2.54391581E-02   3.74660315E-03
   5030.3619679480535        2.44097728E-02   3.76186031E-03
   5031.8988258362460        2.93357074E-02   3.87033564E-03
   5033.4358118356777        2.34849937E-02   3.75650008E-03
   5034.9729258072521        2.94997897E-02   3.87754245E-03
   5036.5101676118747        2.13023406E-02   3.65874986E-03
   5038.0475371104494        2.09659748E-02   3.63755785E-03
   5039.5850341638816        1.66055001E-02   3.47431353E-03
   5041.1226586330768        1.87708475E-02   3.53454729E-03
   5042.6604103789386        2.33950689E-02   3.68516613E-03
   5044.1982892623728        2.75748298E-02   3.81086697E-03
   5045.7362951442838        1.72189418E-02   3.61409248E-03
   5047.2744278855762        1.75500382E-02   3.63299670E-03
   5048.8126873471556        2.23878436E-02   3.72830452E-03
   5050.3510733899257        2.09910758E-02   3.65726603E-03
   5051.8895858747928        1.70774572E-02   3.59351863E-03
   5053.4282246626608        1.82760246E-02   3.67355114E-03
   5054.9669896144342        1.98337287E-02   3.72101180E-03
   5056.5058805910185        1.95956193E-02   3.72857228E-03
   5058.0448974533183        2.18101945E-02   3.78748053E-03
   5059.5840400622392        2.29118466E-02   3.78744863E-03
   5061.1233082786848        1.30623523E-02   3.65006877E-03
   5062.6627019635607        1.89223643E-02   3.71695450E-03
   5064.2022209777706        1.55907078E-02   3.62161803E-03
   5065.7418651822209        2.14315616E-02   3.74115584E-03
   5067.2816344378161        2.29291804E-02   3.75904934E-03
   5068.8215286054601        2.10218448E-02   3.72016290E-03
   5070.3615475460583        2.03773584E-02   3.69995087E-03
   5071.9016911205163        2.74406709E-02   3.91450711E-03
   5073.4419591897376        2.44801193E-02   3.79293528E-03
   5074.9823516146289        1.55214928E-02   3.55986133E-03
   5076.5228682560919        1.98913123E-02   3.75834317E-03
   5078.0635089750349        2.16572545E-02   3.69930267E-03
   5079.6042736323607        1.93638355E-02   3.66905774E-03
   5081.1451620889738        2.29036286E-02   3.69251333E-03
   5082.6861742057808        1.68138742E-02   3.58270016E-03
   5084.2273098436854        2.60321554E-02   3.82838002E-03
   5085.7685688635920        1.64919924E-02   3.61420936E-03
   5087.3099511264063        2.28448864E-02   3.78857204E-03
   5088.8514564930329        2.01791488E-02   3.74998502E-03
   5090.3930848243763        2.50086654E-02   3.84883140E-03
   5091.9348359813412        1.90491509E-02   3.74467741E-03
   5093.4767098248349        2.12805793E-02   3.79956583E-03
   5095.0187062157584        2.78423317E-02   3.91740678E-03
   5096.5608250150190        2.65512709E-02   3.84471216E-03
   5098.1030660835204        2.35385559E-02   3.74181825E-03
   5099.6454292821682        1.68595687E-02   3.59733240E-03
   5101.1879144718669        1.67102944E-02   3.64776514E-03
   5102.7305215135220        2.48239525E-02   3.84737784E-03
   5104.2732502680374        2.21581813E-02   3.77923576E-03
   5105.8161005963175        2.15692874E-02   3.76590923E-03
   5107.3590723592688        1.76965371E-02   3.65391583E-03
   5108.9021654177950        2.26178691E-02   3.74236330E-03
   5110.4453796328007        2.46654265E-02   3.78849753E-03
   5111.9887148651915        1.76880043E-02   3.64783988E-03
   5113.5321709758718        1.57899279E-02   3.66159156E-03
   5115.0757478257465        1.37223806E-02   3.67168873E-03
   5116.6194452757209        2.00035423E-02   3.76845384E-03
   5118.1632631866996        1.60339735E-02   3.72676109E-03
   5119.7072014195874        1.84364822E-02   3.73821519E-03
   5121.2512598352887        1.86825152E-02   3.72298760E-03
   5122.7954382947082        1.59235895E-02   3.59784532E-03
   5124.3397366587515        1.53529821E-02   3.57502978E-03
   5125.8841547883230        2.08881274E-02   3.64417303E-03
   5127.4286925443275        2.19664536E-02   3.75343626E-03
   5128.9733497876705        2.03079395E-02   3.64129990E-03
   5130.5181263792565        1.65152159E-02   3.61944828E-03
   5132.0630221799893        2.01364346E-02   3.71960271E-03
   5133.6080370507743        1.83809716E-02   3.67097696E-03
   5135.1531708525172        1.61322150E-02   3.66561022E-03
   5136.6984234461224        1.06756175E-02   3.56122828E-03
   5138.2437946924947        1.66907720E-02   3.58009618E-03
   5139.7892844525386        1.62045974E-02   3.56903742E-03
   5141.3348925871596        2.27800347E-02   3.72996042E-03
   5142.8806189572615        1.69628244E-02   3.66137875E-03
   5144.4264634237497        1.93199497E-02   3.70051665E-03
   5145.9724258475289        2.09946055E-02   3.69487004E-03
   5147.5185060895046        1.90447737E-02   3.68924928E-03
   5149.0647040105814        1.60477106E-02   3.62637895E-03
   5150.6110194716639        1.98364370E-02   3.70511273E-03
   5152.1574523336567        1.45866862E-02   3.63194942E-03
   5153.7040024574644        2.31395550E-02   3.79147870E-03
   5155.2506697039926        2.45184116E-02   3.79173551E-03
   5156.7974539341458        2.16868464E-02   3.77234933E-03
   5158.3443550088286        1.34033849E-02   3.65196192E-03
   5159.8913727889467        2.44719032E-02   3.86681990E-03
   5161.4385071354036        1.76424496E-02   3.68068274E-03
   5162.9857579091058        1.96640305E-02   3.74905323E-03
   5164.5331249709570        2.00973880E-02   3.60550964E-03
   5166.0806081818610        2.61882916E-02   3.67817562E-03
   5167.6282074027249        2.36314014E-02   3.56161594E-03
   5169.1759224944535        2.56472994E-02   3.57212010E-03
   5170.7237533179486        2.24168226E-02   3.49836866E-03
   5172.2716997341176        1.75256580E-02   3.38946376E-03
   5173.8197616038651        2.62827054E-02   3.65937944E-03
   5175.3679387880957        1.27890287E-02   3.43414163E-03
   5176.9162311477139        2.26370823E-02   3.75538389E-03
   5178.4646385436254        1.83090046E-02   3.71577288E-03
   5180.0131608367346        1.84781533E-02   3.71177122E-03
   5181.5617978879445        1.81824323E-02   3.56824696E-03
   5183.1105495581642        2.00471561E-02   3.43307992E-03
   5184.6594157082927        2.31080856E-02   3.52329342E-03
   5186.2083961992412        2.16656011E-02   3.54887755E-03
   5187.7574908919105        1.95397492E-02   3.68852098E-03
   5189.3066996472062        2.77477521E-02   3.84918437E-03
   5190.8560223260329        2.54454352E-02   3.78049631E-03
   5192.4054587892952        2.68410128E-02   3.86068132E-03
   5193.9550088978995        2.36482676E-02   3.71527974E-03
   5195.5046725127504        2.16080770E-02   3.81003669E-03
   5197.0544494947508        1.85068231E-02   3.82743240E-03
   5198.6043397048070        1.91492215E-02   3.84744816E-03
   5200.1543430038237        1.82525031E-02   3.90112400E-03
   5201.7044592527063        2.09293943E-02   3.88006889E-03
   5203.2546883123578        1.75399575E-02   3.69760906E-03
   5204.8050300436853        2.23849043E-02   3.79864010E-03
   5206.3554843075917        1.56490542E-02   3.57519533E-03
   5207.9060509649835        2.06799805E-02   3.70722893E-03
   5209.4567298767643        1.85063444E-02   3.71406553E-03
   5211.0075209038387        2.58951206E-02   3.88581166E-03
   5212.5584239071131        1.75331291E-02   3.72321298E-03
   5214.1094387474914        2.06787046E-02   3.75511614E-03
   5215.6605652858780        2.56607682E-02   3.87865538E-03
   5217.2118033831775        2.48990580E-02   3.82926012E-03
   5218.7631529002974        1.35295838E-02   3.58590600E-03
   5220.3146136981386        1.63788330E-02   3.74994567E-03
   5221.8661856376093        1.73293967E-02   3.72226862E-03
   5223.4178685796132        1.59422196E-02   3.71910841E-03
   5224.9696623850532        2.16559712E-02   3.74429626E-03
   5226.5215669148374        2.48447433E-02   3.77191859E-03
   5228.0735820298678        2.33257469E-02   3.70477908E-03
   5229.6257075910507        2.15710010E-02   3.73159698E-03
   5231.1779434592918        1.67685281E-02   3.67113575E-03
   5232.7302894954937        1.68336779E-02   3.65450792E-03
   5234.2827455605620        1.68146398E-02   3.64266778E-03
   5235.8353115154032        1.55859506E-02   3.63188563E-03
   5237.3879872209209        1.66413765E-02   3.74836987E-03
   5238.9407725380188        2.06433032E-02   3.81484581E-03
   5240.4936673276043        1.25249578E-02   3.64351575E-03
   5242.0466714505792        2.34959740E-02   3.89941595E-03
   5243.5997847678500        1.55923758E-02   3.74224945E-03
   5245.1530071403222        2.38499530E-02   3.89849301E-03
   5246.7063384288986        1.82102285E-02   3.77426506E-03
   5248.2597784944874        2.41641514E-02   3.90891405E-03
   5249.8133271979896        2.76556145E-02   3.92670184E-03
   5251.3669844003125        1.73323080E-02   3.78478551E-03
   5252.9207499623608        1.75785869E-02   3.71372257E-03
   5254.4746237450372        1.99420769E-02   3.76122887E-03
   5256.0286056092491        2.37903520E-02   3.89783271E-03
   5257.5826954158993        2.85280515E-02   4.04681219E-03
   5259.1368930258950        2.36566868E-02   3.94344609E-03
   5260.6911983001401        1.71513427E-02   3.79520515E-03
   5262.2456110995372        2.01102737E-02   3.76193994E-03
   5263.8001312849938        2.14859303E-02   3.70304869E-03
   5265.3547587174135        2.04974413E-02   3.62366927E-03
   5266.9094932577018        2.31437515E-02   3.71115282E-03
   5268.4643347667634        1.93990022E-02   3.59762227E-03
   5270.0192831055028        1.82307884E-02   3.59613635E-03
   5271.5743381348248        1.63933244E-02   3.54083092E-03
   5273.1294997156356        1.96804684E-02   3.67045961E-03
   5274.6847677088390        1.96427740E-02   3.75005673E-03
   5276.2401419753378        1.64073352E-02   3.75125278E-03
   5277.7956223760402        2.10109837E-02   3.85354413E-03
   5279.3512087718491        2.87377797E-02   4.03316366E-03
   5280.9069010236699        2.51138080E-02   3.96266673E-03
   5282.4626989924072        1.93424989E-02   3.77521664E-03
   5284.0186025389667        1.72275212E-02   3.72827216E-03
   5285.5746115242518        1.95615049E-02   3.80487880E-03
   5287.1307258091683        2.54851822E-02   3.99013702E-03
   5288.6869452546207        1.96266863E-02   3.89983179E-03
   5290.2432697215145        2.55419984E-02   3.99984187E-03
   5291.7996990707525        1.91699956E-02   3.86974425E-03
   5293.3562331632429        2.02478487E-02   3.89292836E-03
   5294.9128718598877        1.75318290E-02   3.84454825E-03
   5296.4696150215932        2.38151196E-02   3.91570898E-03
   5298.0264625092632        1.57707985E-02   3.72902676E-03
   5299.5834141838041        2.33527534E-02   3.82005726E-03
   5301.1404699061186        2.18055658E-02   3.90058127E-03
   5302.6976295371123        1.91006679E-02   3.84078315E-03
   5304.2548929376908        2.07492821E-02   3.87376524E-03
   5305.8122599687586        1.64473932E-02   3.83488159E-03
   5307.3697304912212        1.75729953E-02   3.82654252E-03
   5308.9273043659823        1.88407227E-02   3.88080277E-03
   5310.4849814539457        2.00511962E-02   3.93300410E-03
   5312.0427616160196        1.71205066E-02   3.87083669E-03
   5313.6006447131058        1.46740051E-02   3.75799648E-03
   5315.1586306061108        2.62841638E-02   4.02710540E-03
   5316.7167191559383        2.64035724E-02   4.01539775E-03
   5318.2749102234939        2.00076066E-02   3.91775323E-03
   5319.8332036696820        2.35032849E-02   4.01466014E-03
   5321.3915993554074        2.06075106E-02   3.91242467E-03
   5322.9500971415755        1.74531471E-02   3.78277735E-03
   5324.5086968890919        1.35123571E-02   3.71116819E-03
   5326.0673984588584        2.09268369E-02   3.82163771E-03
   5327.6262017117833        1.71576366E-02   3.70681658E-03
   5329.1851065087694        2.25623790E-02   3.79360327E-03
   5330.7441127107222        2.06854939E-02   3.84723605E-03
   5332.3032201785463        2.31806226E-02   3.95924784E-03
   5333.8624287731473        2.41782609E-02   3.96459410E-03
   5335.4217383554278        2.35207938E-02   4.01379960E-03
   5336.9811487862953        1.94663256E-02   3.89617495E-03
   5338.5406599266535        2.06248257E-02   3.90105229E-03
   5340.1002716374069        2.19791364E-02   3.89454095E-03
   5341.6599837794611        2.12008003E-02   3.85535602E-03
   5343.2197962137207        1.51920300E-02   3.73907620E-03
   5344.7797088010902        2.27801111E-02   3.93915502E-03
   5346.3397214024735        1.92500371E-02   3.88963218E-03
   5347.8998338787787        2.21773945E-02   3.92068457E-03
   5349.4600460909069        2.54252702E-02   4.00255946E-03
   5351.0203578997643        2.12404430E-02   3.89957591E-03
   5352.5807691662567        2.23248843E-02   3.98896355E-03
   5354.1412797512885        2.34236587E-02   4.02300712E-03
   5355.7018895157644        1.92328170E-02   3.92274419E-03
   5357.2625983205889        2.65552048E-02   4.08566976E-03
   5358.8234060266659        2.45278310E-02   4.10360657E-03
   5360.3843124949026        1.69685278E-02   3.85895954E-03
   5361.9453175862009        2.11905222E-02   4.02468536E-03
   5363.5064211614690        1.58042070E-02   3.80132068E-03
   5365.0676230816098        1.88004300E-02   3.87192075E-03
   5366.6289232075287        1.50636528E-02   3.74109531E-03
   5368.1903214001286        1.83943436E-02   3.86167690E-03
   5369.7518175203177        2.21408047E-02   3.89179634E-03
   5371.3134114289987        2.15301625E-02   3.88731342E-03
   5372.8751029870755        1.55092850E-02   3.75359575E-03
   5374.4368920554552        1.97455883E-02   3.90110933E-03
   5375.9987784950417        2.18649246E-02   4.03036922E-03
   5377.5607621667405        1.76740661E-02   3.94868664E-03
   5379.1228429314551        1.52540766E-02   3.89004988E-03
   5380.6850206500903        2.33614035E-02   4.04878892E-03
   5382.2472951835525        1.78777277E-02   3.84613685E-03
   5383.8096663927463        1.70570519E-02   3.84893175E-03
   5385.3721341385744        2.10142136E-02   3.96696851E-03
   5386.9346982819443        1.61630511E-02   3.84004903E-03
   5388.4973586837586        1.59742590E-02   3.83647950E-03
   5390.0601152049239        1.84416696E-02   3.90465301E-03
   5391.6229677063448        1.45657957E-02   3.76555254E-03
   5393.1859160489248        1.65484026E-02   3.81838111E-03
   5394.7489600935696        1.48811014E-02   3.78196756E-03
   5396.3120997011847        1.76763758E-02   3.77665414E-03
   5397.8753347326738        2.08930820E-02   3.87367257E-03
   5399.4386650489423        1.92409400E-02   3.82618210E-03
   5401.0020905108950        1.99673828E-02   3.92099470E-03
   5402.5656109794372        1.75983030E-02   3.87218618E-03
   5404.1292263154728        2.37662010E-02   3.89686530E-03
   5405.6929363799072        2.33676489E-02   3.87440273E-03
   5407.2567410336451        2.22216006E-02   3.90249793E-03
   5408.8206401375901        1.92239545E-02   3.81816993E-03
   5410.3846335526496        1.52470488E-02   3.80665809E-03
   5411.9487211397263        1.63208395E-02   3.81791359E-03
   5413.5129027597268        2.18810625E-02   3.97371268E-03
   5415.0771782735546        2.41103955E-02   3.94646917E-03
   5416.6415475421145        2.27806978E-02   3.94454692E-03
   5418.2060104263128        1.81530230E-02   3.92601965E-03
   5419.7705667870523        2.26761084E-02   3.99194844E-03
   5421.3352164852386        2.60905400E-02   4.06564912E-03
   5422.8999593817771        2.45501231E-02   4.01438633E-03
   5424.4647953375725        2.25597396E-02   3.99289187E-03
   5426.0297242135293        2.04576049E-02   3.93151166E-03
   5427.5947458705523        1.80521309E-02   3.84934200E-03
   5429.1598601695478        2.48574074E-02   4.06424981E-03
   5430.7250669714176        2.05189530E-02   3.90450330E-03
   5432.2903661370692        2.55983192E-02   4.00883611E-03
   5433.8557575274053        2.21331827E-02   3.97422537E-03
   5435.4212410033333        2.19039619E-02   3.92717775E-03
   5436.9868164257559        2.14789417E-02   4.01500706E-03
   5438.5524836555796        1.44007448E-02   3.86878802E-03
   5440.1182425537072        1.75700095E-02   3.96775454E-03
   5441.6840929810451        2.17175260E-02   4.04317537E-03
   5443.2500347984978        2.78772190E-02   4.15097829E-03
   5444.8160678669701        1.85146779E-02   3.88809503E-03
   5446.3821920473665        1.37700448E-02   3.78996367E-03
   5447.9484072005916        1.94509812E-02   3.90911428E-03
   5449.5147131875519        1.85255762E-02   3.96981975E-03
   5451.0811098691511        1.49762230E-02   3.93328955E-03
   5452.6475971062928        2.24743895E-02   4.07168735E-03
   5454.2141747598844        1.67012382E-02   3.87095101E-03
   5455.7808426908286        1.92356016E-02   3.89632606E-03
   5457.3476007600311        1.57485213E-02   3.82795068E-03
   5458.9144488283973        1.29037015E-02   3.80634097E-03
   5460.4813867568309        1.85576342E-02   3.95363010E-03
   5462.0484144062366        2.29013544E-02   4.06349218E-03
   5463.6155316375207        1.95796899E-02   3.97006143E-03
   5465.1827383115860        1.84254888E-02   3.91703425E-03
   5466.7500342893400        1.60208363E-02   3.89826111E-03
   5468.3174194316853        1.53728109E-02   3.90807539E-03
   5469.8848935995275        1.52059458E-02   3.89309111E-03
   5471.4524566537721        1.47533305E-02   3.83906043E-03
   5473.0201084553228        1.86502095E-02   3.97675764E-03
   5474.5878488650860        2.24697348E-02   3.99332773E-03
   5476.1556777439646        1.72084719E-02   3.84301809E-03
   5477.7235949528631        2.33936496E-02   3.97225842E-03
   5479.2916003526889        2.06369236E-02   3.99156101E-03
   5480.8596938043447        2.69809552E-02   4.13983874E-03
   5482.4278751687361        2.15674080E-02   3.98618029E-03
   5483.9961443067687        1.78831574E-02   3.96373495E-03
   5485.5645010793460        1.17160790E-02   3.86501430E-03
   5487.1329453473736        1.61853060E-02   3.95831931E-03
   5488.7014769717562        1.02805821E-02   3.79839889E-03
   5490.2700958133983        2.08528750E-02   4.01435280E-03
   5491.8388017332054        1.87151879E-02   4.01124870E-03
   5493.4075945920813        1.85735263E-02   3.97120276E-03
   5494.9764742509324        2.41669063E-02   4.09656018E-03
   5496.5454405706614        1.72157642E-02   3.92138865E-03
   5498.1144934121749        1.74184274E-02   3.99166578E-03
   5499.6836326363773        1.58822499E-02   3.93254729E-03
   5501.2528581041734        2.23312136E-02   4.04874003E-03
   5502.8221696764685        2.01195851E-02   4.02609119E-03
   5504.3915672141666        1.95530914E-02   4.01953515E-03
   5505.9610505781720        1.59456097E-02   3.93968215E-03
   5507.5306196293905        1.11130364E-02   3.83319496E-03
   5509.1002742287274        2.18291581E-02   4.06861678E-03
   5510.6700142370864        1.83744822E-02   3.97388497E-03
   5512.2398395153732        1.75921731E-02   3.94503446E-03
   5513.8097499244914        1.54318158E-02   3.87709611E-03
   5515.3797453253474        1.54060246E-02   3.92408064E-03
   5516.9498255788467        2.34451517E-02   4.11216170E-03
   5518.5199905458912        1.11914137E-02   3.87678761E-03
   5520.0902400873865        1.62496585E-02   3.93000618E-03
   5521.6605740642399        2.09619366E-02   4.11746418E-03
   5523.2309923373541        2.26094276E-02   4.16176114E-03
   5524.8014947676347        2.33200509E-02   4.09731269E-03
   5526.3720812159863        2.49453280E-02   4.10305709E-03
   5527.9427515433135        1.75341181E-02   3.90948029E-03
   5529.5135056105210        1.82829462E-02   3.98154836E-03
   5531.0843432785141        1.27531206E-02   3.87825305E-03
   5532.6552644081976        2.52710655E-02   4.15839441E-03
   5534.2262688604769        1.93346944E-02   4.06793226E-03
   5535.7973564962549        2.34570671E-02   4.16132109E-03
   5537.3685271764398        2.04440542E-02   4.06664331E-03
   5538.9397807619316        1.94967501E-02   4.10252437E-03
   5540.5111171136396        1.81039236E-02   4.04195674E-03
   5542.0825360924673        2.42010225E-02   4.17737523E-03
   5543.6540375593186        1.63812656E-02   4.02423972E-03
   5545.2256213750989        2.14245711E-02   4.14980296E-03
   5546.7972874007128        2.35873144E-02   4.19367757E-03
   5548.3690354970649        1.74641870E-02   4.06636298E-03
   5549.9408655250618        1.50120296E-02   4.02244041E-03
   5551.5127773456061        2.02885158E-02   4.10274602E-03
   5553.0847708196043        1.17082968E-02   3.95648880E-03
   5554.6568458079591        2.07765475E-02   4.11578501E-03
   5556.2290021715789        2.15961915E-02   4.12690220E-03
   5557.8012397713646        1.69886257E-02   4.07694653E-03
   5559.3735584682236        2.24528387E-02   4.15113801E-03
   5560.9459581230594        2.38374677E-02   4.21538576E-03
   5562.5184385967777        1.93680190E-02   4.09919396E-03
   5564.0909997502840        1.47026805E-02   3.97221604E-03
   5565.6636414444802        2.11661849E-02   4.13396349E-03
   5567.2363635402735        1.44696208E-02   3.96482740E-03
   5568.8091658985695        1.80168934E-02   4.03821748E-03
   5570.3820483802720        1.87887121E-02   4.04683920E-03
   5571.9550108462845        2.46441327E-02   4.19539027E-03
   5573.5280531575145        9.94054135E-03   4.04022308E-03
   5575.1011751748638        1.92788076E-02   7.42523745E-03
   5576.6743767592388        1.38812941E-02   9.63316299E-03
   5578.2476577715452        1.75203513E-02   1.00378729E-02
   5579.8210180726865        1.50337033E-02   9.06842202E-03
   5581.3944575235682        1.95453092E-02   5.60575072E-03
   5582.9679759850951        1.99297406E-02   4.27684840E-03
   5584.5415733181726        2.19325535E-02   4.18313639E-03
   5586.1152493837026        1.62837896E-02   4.00820328E-03
   5587.6890040425942        2.36722287E-02   4.17078752E-03
   5589.2628371557494        1.39494389E-02   3.87856434E-03
   5590.8367485840745        1.29984487E-02   3.91713763E-03
   5592.4107381884724        2.44930368E-02   4.21552546E-03
   5593.9848058298503        1.59034748E-02   4.00294457E-03
   5595.5589513691120        2.56834291E-02   4.25907271E-03
   5597.1331746671603        1.48593886E-02   3.99215380E-03
   5598.7074755849044        1.24064386E-02   3.93375242E-03
   5600.2818539832460        3.15868407E-02   4.33760788E-03
   5601.8563097230899        1.21615063E-02   3.93093284E-03
   5603.4308426653424        1.73858907E-02   4.06546704E-03
   5605.0054526709082        2.45518852E-02   4.28734114E-03
   5606.5801396006909        1.99941937E-02   4.20919294E-03
   5608.1549033155952        2.12779772E-02   4.22860496E-03
   5609.7297436765284        1.52612729E-02   4.12555877E-03
   5611.3046605443924        1.54371168E-02   4.11679130E-03
   5612.8796537800936        1.98431239E-02   4.19266941E-03
   5614.4547232445366        1.83429830E-02   4.08599433E-03
   5616.0298687986260        2.22511180E-02   4.18636343E-03
   5617.6050903032674        2.28631496E-02   4.19028616E-03
   5619.1803876193644        1.89674385E-02   4.15647030E-03
   5620.7557606078226        1.21325413E-02   4.00568219E-03
   5622.3312091295475        1.96494125E-02   4.23480896E-03
   5623.9067330454427        2.27917191E-02   4.21942212E-03
   5625.4823322164139        2.46874001E-02   4.30179900E-03
   5627.0580065033646        2.56350208E-02   4.34886571E-03
   5628.6337557672014        2.65064370E-02   4.34963172E-03
   5630.2095798688269        1.78012550E-02   4.19966970E-03
   5631.7854786691496        8.99909809E-03   3.98812164E-03
   5633.3614520290703        1.16228387E-02   4.02676174E-03
   5634.9374998094963        2.03157999E-02   4.19521052E-03
   5636.5136218713315        1.71355940E-02   4.13390901E-03
   5638.0898180754803        2.27838438E-02   4.32022801E-03
   5639.6660882828501        1.82723701E-02   4.21671243E-03
   5641.2424323543428        2.21638512E-02   4.24547400E-03
   5642.8188501508639        1.99928526E-02   4.20273561E-03
   5644.3953415333190        1.60468817E-02   4.11328115E-03
   5645.9719063626126        2.29218286E-02   4.29765228E-03
   5647.5485444996493        2.22750716E-02   4.33550263E-03
   5649.1252558053347        1.98733918E-02   4.25188616E-03
   5650.7020401405725        1.80500690E-02   4.19759145E-03
   5652.2788973662673        2.07015499E-02   4.22798004E-03
   5653.8558273433264        2.00321116E-02   4.28976538E-03
   5655.4328299326517        1.38866315E-02   4.08282503E-03
   5657.0099049951496        1.97220612E-02   4.20576613E-03
   5658.5870523917256        2.67740935E-02   4.34972066E-03
   5660.1642719832826        1.77890304E-02   4.19625267E-03
   5661.7415636307260        2.08634492E-02   4.26658243E-03
   5663.3189271949614        2.39036586E-02   4.34538489E-03
   5664.8963625368942        1.37018776E-02   4.13123053E-03
   5666.4738695174283        1.48383090E-02   4.17747069E-03
   5668.0514479974672        1.29173547E-02   4.10158420E-03
   5669.6290978379184        1.89304799E-02   4.26902482E-03
   5671.2068188996845        1.60956010E-02   4.22161445E-03
   5672.7846110436722        2.48610005E-02   4.42852685E-03
   5674.3624741307840        1.48751112E-02   4.21449402E-03
   5675.9404080219274        1.91822760E-02   4.35609138E-03
   5677.5184125780052        1.82221662E-02   4.34715208E-03
   5679.0964876599237        2.34878007E-02   4.37958771E-03
   5680.6746331285858        1.46718519E-02   4.18473547E-03
   5682.2528488448988        2.15280280E-02   4.33262996E-03
   5683.8311346697656        1.60947908E-02   4.19802638E-03
   5685.4094904640915        1.58831067E-02   4.23746090E-03
   5686.9879160887831        1.90737676E-02   4.25571855E-03
   5688.5664114047422        1.69723313E-02   4.21925960E-03
   5690.1449762728753        1.58967767E-02   4.21402883E-03
   5691.7236105540869        1.46903945E-02   4.21295362E-03
   5693.3023141092826        2.31369622E-02   4.43852413E-03
   5694.8810867993670        2.13539209E-02   4.43521608E-03
   5696.4599284852438        1.42382439E-02   4.20055771E-03
   5698.0388390278194        1.81470811E-02   4.33873571E-03
   5699.6178182879967        1.82314366E-02   4.31773765E-03
   5701.1968661266828        2.88644005E-02   4.54480015E-03
   5702.7759824047807        1.99537631E-02   4.34736954E-03
   5704.3551669831968        2.62248181E-02   4.52293828E-03
   5705.9344197228347        2.32425053E-02   4.36820788E-03
   5707.5137404845991        1.79666653E-02   4.30227863E-03
   5709.0931291293955        2.00083870E-02   4.23971890E-03
   5710.6725855181285        2.20528003E-02   4.30015242E-03
   5712.2521095117045        1.55070815E-02   4.23649000E-03
   5713.8317009710254        2.08031721E-02   4.36578505E-03
   5715.4113597569985        1.95725821E-02   4.36160294E-03
   5716.9910857305267        2.39511728E-02   4.54412121E-03
   5718.5708787525164        1.47431744E-02   4.24873736E-03
   5720.1507386838721        2.17106752E-02   4.42435965E-03
   5721.7306653854976        1.88768767E-02   4.42762068E-03
   5723.3106587182974        2.54308376E-02   4.59514372E-03
   5724.8907185431790        2.29996108E-02   4.51442413E-03
   5726.4708447210460        1.97331477E-02   4.41340078E-03
   5728.0510371128021        2.50985771E-02   4.55077039E-03
   5729.6312955793537        1.68915670E-02   4.37828014E-03
   5731.2116199816037        1.90431103E-02   4.43658885E-03
   5732.7920101804584        1.22171845E-02   4.29290161E-03
   5734.3724660368225        2.30030175E-02   4.55064001E-03
   5735.9529874116006        1.70749761E-02   4.41673864E-03
   5737.5335741656982        1.47372549E-02   4.33954643E-03
   5739.1142261600189        2.09128764E-02   4.47764946E-03
   5740.6949432554684        2.33084895E-02   4.57243761E-03
   5742.2757253129503        2.19296440E-02   4.46159206E-03
   5743.8565721933719        2.43589729E-02   4.56615863E-03
   5745.4374837576370        1.68944430E-02   4.38365899E-03
   5747.0184598666492        2.12405883E-02   4.50416189E-03
   5748.5995003813132        2.33729277E-02   4.51693544E-03
   5750.1806051625354        1.92794614E-02   4.39753151E-03
   5751.7617740712203        2.59775519E-02   4.59894445E-03
   5753.3430069682718        2.19253451E-02   4.47075581E-03
   5754.9243037145970        1.99826732E-02   4.42709588E-03
   5756.5056641710980        1.76719446E-02   4.37066890E-03
   5758.0870881986802        1.85184106E-02   4.46549198E-03
   5759.6685756582501        2.05020104E-02   4.48808447E-03
   5761.2501264107113        2.35064644E-02   4.54623904E-03
   5762.8317403169676        3.19286808E-02   4.64285072E-03
   5764.4134172379263        1.61307827E-02   4.36165789E-03
   5765.9951570344911        1.34552186E-02   4.39459644E-03
   5767.5769595675656        2.21999940E-02   4.48539620E-03
   5769.1588246980564        1.47608500E-02   4.45525628E-03
   5770.7407522868671        1.77123845E-02   4.50512581E-03
   5772.3227421949032        2.84854416E-02   4.68942523E-03
   5773.9047942830703        2.18090210E-02   4.48933989E-03
   5775.4869084122711        1.65689141E-02   4.40169219E-03
   5777.0690844434130        1.91933047E-02   4.51690657E-03
   5778.6513222373978        1.71334036E-02   4.43060324E-03
   5780.2336216551330        2.86175888E-02   4.67137154E-03
   5781.8159825575221        1.17650079E-02   4.24976088E-03
   5783.3984048054708        1.43179344E-02   4.28131735E-03
   5784.9808882598836        1.72791388E-02   4.40299977E-03
   5786.5634327816651        1.58215109E-02   4.37604589E-03
   5788.1460382317200        1.33628184E-02   4.41583712E-03
   5789.7287044709537        2.38498263E-02   4.56485571E-03
   5791.3114313602709        2.27938294E-02   4.52642096E-03
   5792.8942187605753        2.13180203E-02   4.51601297E-03
   5794.4770665327733        1.45263253E-02   4.42789076E-03
   5796.0599745377685        2.01813616E-02   4.54062177E-03
   5797.6429426364675        1.38569875E-02   4.43646498E-03
   5799.2259706897730        2.24397480E-02   4.58677346E-03
   5800.8090585585906        2.15367768E-02   4.61345864E-03
   5802.3922061038265        1.68082565E-02   4.47278330E-03
   5803.9754131863838        2.67251469E-02   4.72753309E-03
   5805.5586796671669        1.80593263E-02   4.52220766E-03
   5807.1420054070832        1.25413500E-02   4.35008109E-03
   5808.7253902670345        2.14007832E-02   4.54863766E-03
   5810.3088341079292        2.08949596E-02   4.58636321E-03
   5811.8923367906691        2.63661128E-02   4.76875575E-03
   5813.4758981761597        1.12119801E-02   4.39103367E-03
   5815.0595181253066        2.53918227E-02   4.63185133E-03
   5816.6431964990134        2.42661890E-02   4.68057115E-03
   5818.2269331581865        1.91124361E-02   4.58054431E-03
   5819.8107279637288        1.90124493E-02   4.57235845E-03
   5821.3945807765467        1.83675289E-02   4.53481311E-03
   5822.9784914575448        1.56713985E-02   4.53552883E-03
   5824.5624598676277        1.86277460E-02   4.56743455E-03
   5826.1464858677009        2.37862151E-02   4.66358708E-03
   5827.7305693186672        2.07799952E-02   4.65548737E-03
   5829.3147100814349        7.72396801E-03   4.32099821E-03
   5830.8989080169049        1.47492290E-02   4.50310111E-03
   5832.4831629859855        1.81892477E-02   4.57823230E-03
   5834.0674748495785        2.71254014E-02   4.76985332E-03
   5835.6518434685904        1.60561688E-02   4.51847259E-03
   5837.2362687039267        1.71386190E-02   4.57211304E-03
   5838.8207504164902        1.35514913E-02   4.46837628E-03
   5840.4052884671883        2.02786680E-02   4.64840233E-03
   5841.9898827169245        1.63177829E-02   4.55604400E-03
   5843.5745330266027        1.22194719E-02   4.54192422E-03
   5845.1592392571283        1.96601860E-02   4.64426773E-03
   5846.7440012694069        2.77257841E-02   4.79845097E-03
   5848.3288189243431        2.51607560E-02   4.73563513E-03
   5849.9136920828405        2.93207448E-02   4.85050306E-03
   5851.4986206058056        2.57244911E-02   4.78393072E-03
   5853.0836043541440        1.96805615E-02   4.65026032E-03
   5854.6686431887565        2.58234721E-02   4.75447020E-03
   5856.2537369705524        1.86299812E-02   4.60333889E-03
   5857.8388855604335        3.28865238E-02   4.88057267E-03
   5859.4240888193062        2.21195109E-02   4.72858129E-03
   5861.0093466080762        2.78829057E-02   4.82673710E-03
   5862.5946587876442        3.80353145E-02   5.05882502E-03
   5864.1800252189205        2.80028880E-02   4.84301569E-03
   5865.7654457628068        2.33269911E-02   4.86169709E-03
   5867.3509202802079        3.01625039E-02   4.93878173E-03
   5868.9364486320301        3.10433023E-02   4.95112268E-03
   5870.5220306791762        2.99314726E-02   4.91245929E-03
   5872.1076662825535        2.40516104E-02   4.81317798E-03
   5873.6933553030649        1.70083400E-02   4.67555970E-03
   5875.2790976016158        2.57935543E-02   4.89268079E-03
   5876.8648930391109        2.83276644E-02   4.84280102E-03
   5878.4507414764566        1.95490438E-02   4.69964975E-03
   5880.0366427745539        3.41896564E-02   5.05564734E-03
   5881.6225967943128        3.22894454E-02   4.92910016E-03
   5883.2086033966334        2.63512637E-02   4.85705165E-03
   5884.7946624424239        2.48423740E-02   4.88584675E-03
   5886.3807737925863        2.18969397E-02   4.83122189E-03
   5887.9669373080287        3.46196219E-02   5.37249306E-03
   5889.5531528496531        3.48606482E-02   5.56427939E-03
   5891.1394202783649        3.42592821E-02   5.54013858E-03
   5892.7257394550707        3.14392745E-02   5.30420290E-03
   5894.3121102406740        2.79896744E-02   5.19879116E-03
   5895.8985324960795        3.53134498E-02   5.33246296E-03
   5897.4850060821918        3.20589580E-02   5.21739712E-03
   5899.0715308599174        2.58879568E-02   5.00058476E-03
   5900.6581066901581        2.21758876E-02   4.75303270E-03
   5902.2447334338212        2.74094548E-02   4.88730567E-03
   5903.8314109518124        3.37036997E-02   5.05371112E-03
   5905.4181391050333        2.67084241E-02   4.95679304E-03
   5907.0049177543915        1.99498329E-02   4.78550885E-03
   5908.5917467607906        2.30449457E-02   4.81970143E-03
   5910.1786259851351        1.18284067E-02   4.59016953E-03
   5911.7655552883307        1.77058950E-02   4.73546283E-03
   5913.3525345312819        2.29263455E-02   4.88156220E-03
   5914.9395635748942        2.18862593E-02   4.83626314E-03
   5916.5266422800705        2.47030798E-02   4.91786003E-03
   5918.1137705077181        2.17536725E-02   4.88942536E-03
   5919.7009481187406        2.02278662E-02   4.77459701E-03
   5921.2881749740418        1.85546279E-02   4.79517039E-03
   5922.8754509345290        1.47239147E-02   4.73192520E-03
   5924.4627758611032        1.77558139E-02   4.74467967E-03
   5926.0501496146744        1.50819896E-02   4.71520890E-03
   5927.6375720561437        2.68811192E-02   4.96628229E-03
   5929.2250430464173        1.69399697E-02   4.76313476E-03
   5930.8125624464001        1.13004716E-02   4.65748599E-03
   5932.4001301169947        1.89575981E-02   4.78865858E-03
   5933.9877459191093        2.31062844E-02   4.93968418E-03
   5935.5754097136469        1.50386728E-02   4.75982483E-03
   5937.1631213615137        2.01604720E-02   4.83045541E-03
   5938.7508807236118        2.46566571E-02   4.93983319E-03
   5940.3386876608483        1.69577487E-02   4.83644800E-03
   5941.9265420341271        1.25275794E-02   4.62276954E-03
   5943.5144437043537        3.07598747E-02   5.07690664E-03
   5945.1023925324325        1.55655248E-02   4.75196447E-03
   5946.6903883792684        2.52138767E-02   4.96061891E-03
   5948.2784311057667        2.37243529E-02   4.89753019E-03
   5949.8665205728312        1.92637760E-02   4.79095336E-03
   5951.4546566413692        2.30471306E-02   4.91387164E-03
   5953.0428391722817        1.42181227E-02   4.72945115E-03
   5954.6310680264769        1.62931345E-02   4.80116112E-03
   5956.2193430648558        2.68488936E-02   5.05260145E-03
   5957.8076641483285        2.30377708E-02   4.95096948E-03
   5959.3960311377959        1.90970544E-02   4.82555013E-03
   5960.9844438941645        2.33333688E-02   4.93341824E-03
   5962.5729022783380        1.62999984E-02   4.86629270E-03
   5964.1614061512219        3.40103321E-02   5.22076385E-03
   5965.7499553737216        1.89362708E-02   4.87824809E-03
   5967.3385498067400        1.95886530E-02   4.81491210E-03
   5968.9271893111845        1.50036486E-02   4.85717552E-03
   5970.5158737479578        2.05437168E-02   4.91199922E-03
   5972.1046029779654        1.60491988E-02   4.85468190E-03
   5973.6933768621138        2.36122403E-02   5.06864721E-03
   5975.2821952613058        1.86817236E-02   4.91636898E-03
   5976.8710580364459        2.60604993E-02   5.00803813E-03
   5978.4599650484415        2.38668043E-02   5.00299921E-03
   5980.0489161581945        1.06658600E-02   4.70980303E-03
   5981.6379112266113        2.02166438E-02   4.93117888E-03
   5983.2269501145965        2.90710479E-02   5.09062363E-03
   5984.8160326830548        1.90260764E-02   4.88015404E-03
   5986.4051587928925        2.13211682E-02   4.90522897E-03
   5987.9943283050115        1.76768452E-02   4.82512871E-03
   5989.5835410803184        1.25747817E-02   4.68467828E-03
   5991.1727969797175        2.40968559E-02   5.08668413E-03
   5992.7620958641146        1.31777823E-02   4.80389269E-03
   5994.3514375944142        2.42961962E-02   5.03119733E-03
   5995.9408220315199        1.46794925E-02   4.76992782E-03
   5997.5302490363383        2.04555467E-02   4.90922993E-03
   5999.1197184697730        1.54893054E-02   4.78314376E-03
   6000.7092301927305        1.37262894E-02   4.74394578E-03
   6002.2987840661126        1.37615846E-02   4.84041590E-03
   6003.8883799508276        2.64751818E-02   5.09068277E-03
   6005.4780177077773        1.34384613E-02   4.80949506E-03
   6007.0676971978683        2.30752062E-02   4.99163382E-03
   6008.6574182820050        2.14779805E-02   4.91043925E-03
   6010.2471808210930        2.42484286E-02   5.01176948E-03
   6011.8369846760352        2.28988938E-02   5.00929356E-03
   6013.4268297077379        2.02209651E-02   4.94666677E-03
   6015.0167157771066        1.71983410E-02   4.78763599E-03
   6016.6066427450442        1.71877835E-02   4.89874091E-03
   6018.1966104724579        2.62428150E-02   5.01558650E-03
   6019.7866188202488        1.52330631E-02   4.77405125E-03
   6021.3766676493260        1.64786689E-02   4.81431233E-03
   6022.9667568205923        2.26064809E-02   4.97149630E-03
   6024.5568861949514        1.77826639E-02   4.82529122E-03
   6026.1470556333115        2.61447262E-02   5.07372292E-03
   6027.7372649965728        2.66774055E-02   5.11453906E-03
   6029.3275141456443        1.49440151E-02   4.93087154E-03
   6030.9178029414288        2.38467045E-02   4.97766770E-03
   6032.5081312448319        1.48437032E-02   4.87710396E-03
   6034.0984989167582        1.68309510E-02   4.93344152E-03
   6035.6889058181132        2.12929454E-02   5.00787701E-03
   6037.2793518097997        1.25631988E-02   4.81762690E-03
   6038.8698367527240        2.09339466E-02   5.00834407E-03
   6040.4603605077909        2.96736434E-02   5.19262254E-03
   6042.0509229359050        1.19785089E-02   4.82090656E-03
   6043.6415238979707        2.45665051E-02   5.06065693E-03
   6045.2321632548947        1.92290172E-02   5.01545612E-03
   6046.8228408675786        2.48843208E-02   5.12673985E-03
   6048.4135565969318        2.09334083E-02   5.06820483E-03
   6050.0043103038543        1.14393504E-02   4.81439708E-03
   6051.5951018492533        2.01668981E-02   5.01299230E-03
   6053.1859310940335        1.88613404E-02   5.00952965E-03
   6054.7767978990996        2.44220719E-02   5.08450111E-03
   6056.3677021253570        1.73829291E-02   4.87797800E-03
   6057.9586436337104        1.83913261E-02   4.94567864E-03
   6059.5496222850625        2.03640033E-02   5.03661716E-03
   6061.1406379403215        1.81634873E-02   4.99291532E-03
   6062.7316904603913        2.33472995E-02   5.08727506E-03
   6064.3227797061736        1.20743150E-02   4.76544257E-03
   6065.9139055385776        1.79939680E-02   4.94987611E-03
   6067.5050678185053        1.47509519E-02   4.90391813E-03
   6069.0962664068629        2.26990227E-02   5.15410909E-03
   6070.6875011645552        2.20879577E-02   5.12860529E-03
   6072.2787719524867        1.16583025E-02   4.88766888E-03
   6073.8700786315603        1.58428624E-02   4.98295529E-03
   6075.4614210626842        2.37658117E-02   5.09557314E-03
   6077.0527991067620        1.41936149E-02   4.93553374E-03
   6078.6442126246984        1.75780207E-02   4.93331766E-03
   6080.2356614773971        2.17340905E-02   5.01815975E-03
   6081.8271455257645        2.20071264E-02   5.04307682E-03
   6083.4186646307053        1.79893486E-02   5.01527311E-03
   6085.0102186531230        1.58864278E-02   4.96295979E-03
   6086.6018074539243        2.24939603E-02   5.18854801E-03
   6088.1934308940126        1.40770124E-02   4.83087683E-03
   6089.7850888342937        1.18068466E-02   4.84845834E-03
   6091.3767811356711        2.13780701E-02   5.05535956E-03
   6092.9685076590513        1.50001934E-02   4.89663100E-03
   6094.5602682653380        2.13435516E-02   5.05334605E-03
   6096.1520628154367        9.01280064E-03   4.83851414E-03
   6097.7438911702511        2.75623016E-02   5.23968693E-03
   6099.3357531906877        1.99018158E-02   5.00921533E-03
   6100.9276487376501        1.52871152E-02   4.87033930E-03
   6102.5195776720439        1.63686331E-02   4.91504045E-03
   6104.1115398547718        1.24146054E-02   4.87998035E-03
   6105.7035351467430        1.96629185E-02   5.03684115E-03
   6107.2955634088576        2.49237511E-02   5.09508792E-03
   6108.8876245020238        2.21469440E-02   5.17648552E-03
   6110.4797182871444        1.82351880E-02   5.02070691E-03
   6112.0718446251249        2.18656864E-02   5.14258584E-03
   6113.6640033768717        1.70617849E-02   5.06734848E-03
   6115.2561944032877        1.89372431E-02   5.03463624E-03
   6116.8484175652766        2.30216198E-02   5.12126926E-03
   6118.4406727237465        2.49172542E-02   5.19983657E-03
   6120.0329597396012        2.35862322E-02   5.16323652E-03
   6121.6252784737426        1.62427966E-02   4.94544301E-03
   6123.2176287870789        1.22328214E-02   4.85336967E-03
   6124.8100105405165        1.50971124E-02   4.92061768E-03
   6126.4024235949546        2.57103164E-02   5.29935863E-03
   6127.9948678113014        1.82417408E-02   5.09729097E-03
   6129.5873430504626        2.20280513E-02   5.16192103E-03
   6131.1798491733407        1.96340997E-02   5.13197295E-03
   6132.7723860408423        2.50643976E-02   5.21406019E-03
   6134.3649535138711        2.69451328E-02   5.23342704E-03
   6135.9575514533326        2.68097892E-02   5.16354851E-03
   6137.5501797201314        2.14030202E-02   5.09707816E-03
   6139.1428381751730        1.42150810E-02   4.86989785E-03
   6140.7355266793611        2.12314874E-02   5.15646255E-03
   6142.3282450936022        1.29780453E-02   4.95938770E-03
   6143.9209932787981        2.02438403E-02   5.15925093E-03
   6145.5137710958570        1.89682934E-02   5.13852295E-03
   6147.1065784056818        2.96584237E-02   5.39571978E-03
   6148.6994150691780        2.52018701E-02   5.25323115E-03
   6150.2922809472502        2.16134191E-02   5.18136844E-03
   6151.8851759008039        1.47429360E-02   4.97750705E-03
   6153.4780997907428        1.50830802E-02   4.98203281E-03
   6155.0710524779715        2.88195256E-02   5.33988886E-03
   6156.6640338233965        1.79523267E-02   5.08444244E-03
   6158.2570436879214        9.00330022E-03   4.85703861E-03
   6159.8500819324518        1.62034668E-02   4.91016498E-03
   6161.4431484178922        2.74953898E-02   5.21642482E-03
   6163.0362430051464        2.41637155E-02   5.10494784E-03
   6164.6293655551217        1.69705581E-02   5.00885351E-03
   6166.2225159287209        2.31636651E-02   5.10062510E-03
   6167.8156939868477        2.22839508E-02   5.15761646E-03
   6169.4088995904112        1.49175292E-02   4.99596726E-03
   6171.0021326003116        1.96648780E-02   5.11319982E-03
   6172.5953928774570        2.99957767E-02   5.35608362E-03
   6174.1886802827503        7.76826823E-03   4.87229507E-03
   6175.7819946770978        1.88572723E-02   5.17090457E-03
   6177.3753359214033        1.94876660E-02   5.14798565E-03
   6178.9687038765715        2.15447955E-02   5.18968794E-03
   6180.5620984035068        2.02100910E-02   5.23152156E-03
   6182.1555193631166        2.14844402E-02   5.23483288E-03
   6183.7489666163028        1.64914001E-02   5.08616259E-03
   6185.3424400239728        1.29302740E-02   5.01545426E-03
   6186.9359394470293        2.12887954E-02   5.17546153E-03
   6188.5294647463770        1.60986967E-02   5.09106694E-03
   6190.1230157829223        1.96304545E-02   5.14215278E-03
   6191.7165924175697        2.02438142E-02   5.15904231E-03
   6193.3101945112239        1.37390215E-02   4.98846360E-03
   6194.9038219247896        2.83269957E-02   5.44496952E-03
   6196.4974745191703        9.13924130E-04   4.73336875E-03
   6198.0911521552734        2.16067061E-02   5.21635916E-03
   6199.6848546940018        2.59097703E-02   5.36058424E-03
   6201.2785819962628        1.90808456E-02   5.15924906E-03
   6202.8723339229564        1.63806994E-02   5.08988928E-03
   6204.4661103349936        2.07684971E-02   5.26634185E-03
   6206.0599110932735        2.04619840E-02   5.27588138E-03
   6207.6537360587054        9.02838632E-03   4.97421715E-03
   6209.2475850921910        1.63390115E-02   5.12370653E-03
   6210.8414580546378        1.86718069E-02   5.23634907E-03
   6212.4353548069475        2.49437280E-02   5.35132829E-03
   6214.0292752100268        1.92912631E-02   5.25929686E-03
   6215.6232191247827        1.92649048E-02   5.12919435E-03
   6217.2171864121146        2.20638383E-02   5.23030479E-03
   6218.8111769329334        1.03174662E-02   4.97409096E-03
   6220.4051905481392        2.44105477E-02   5.33474423E-03
   6221.9992271186393        2.03243569E-02   5.30876359E-03
   6223.5932865053373        1.88067388E-02   5.21170488E-03
   6225.1873685691398        1.60319880E-02   5.16749592E-03
   6226.7814731709495        2.55352743E-02   5.37058758E-03
   6228.3756001716720        1.91244762E-02   5.11372648E-03
   6229.9697494322127        1.31605510E-02   5.00876596E-03
   6231.5639208134762        1.73235033E-02   5.16968174E-03
   6233.1581141763672        2.80501228E-02   5.55928983E-03
   6234.7523293817903        2.05382798E-02   5.49666490E-03
   6236.3465662906510        1.79589726E-02   5.36295166E-03
   6237.9408247638530        2.27618702E-02   5.45409229E-03
   6239.5351046623027        1.83918308E-02   5.30389417E-03
   6241.1294058469039        1.84691753E-02   5.29405661E-03
   6242.7237281785610        1.74848866E-02   5.28624188E-03
   6244.3180715181807        1.78620201E-02   5.20051317E-03
   6245.9124357266655        1.99915972E-02   5.28841419E-03
   6247.5068206649212        1.88073013E-02   5.23438258E-03
   6249.1012261938531        1.60190817E-02   5.21894591E-03
   6250.6956521743659        1.38731217E-02   5.15828328E-03
   6252.2900984673643        2.21560486E-02   5.27268881E-03
   6253.8845649337536        5.96268987E-03   4.93874913E-03
   6255.4790514344368        1.99382138E-02   5.28602162E-03
   6257.0735578303202        1.76845696E-02   5.34122670E-03
   6258.6680839823093        3.01875845E-02   5.67691168E-03
   6260.2626297513070        2.20307745E-02   5.54717658E-03
   6261.8571949982206        2.39572879E-02   5.45236375E-03
   6263.4517795839529        1.28587298E-02   5.20950230E-03
   6265.0463833694093        2.62315515E-02   5.50546264E-03
   6266.6410062154946        2.77688038E-02   5.57957171E-03
   6268.2356479831142        1.80928111E-02   5.36440639E-03
   6269.8303085331718        1.46961845E-02   5.28205186E-03
   6271.4249877265729        1.37425540E-02   5.24034165E-03
   6273.0196854242240        1.14231342E-02   5.17533766E-03
   6274.6144014870279        2.62420382E-02   5.50628966E-03
   6276.2091357758882        1.61665455E-02   5.28175291E-03
   6277.8038881517123        2.75115743E-02   5.45471162E-03
   6279.3986584754048        2.10232586E-02   5.32321539E-03
   6280.9934466078685        1.27641587E-02   5.06369723E-03
   6282.5882524100107        2.72668060E-02   5.52041270E-03
   6284.1830757427360        1.44996019E-02   5.31379972E-03
   6285.7779164669473        1.61976740E-02   5.42438403E-03
   6287.3727744435491        1.08265020E-02   5.35063352E-03
   6288.9676495334488        1.78404599E-02   5.41322865E-03
   6290.5625415975510        1.69149935E-02   5.36225736E-03
