   3855.2251893192433        3.20743173E-02   6.75365049E-03
   3856.6152311120932        2.88599003E-02   6.51076715E-03
   3858.0055121531491        2.09353734E-02   6.03773678E-03
   3859.3960323033157        1.77343898E-02   5.80498017E-03
   3860.7867914234980        2.32340693E-02   6.01821672E-03
   3862.1777893746003        2.09920611E-02   6.18286757E-03
   3863.5690260175284        1.87996719E-02   6.29363442E-03
   3864.9605012131860        1.88415777E-02   6.28822530E-03
   3866.3522148224783        1.82831157E-02   6.12467946E-03
   3867.7441667063113        1.84582323E-02   6.17863797E-03
   3869.1363567255889        2.06788760E-02   5.95660694E-03
   3870.5287847412155        1.81971863E-02   5.66524547E-03
   3871.9214506140970        1.70496143E-02   5.71637461E-03
   3873.3143542051380        2.30450165E-02   5.95781486E-03
   3874.7074953752431        3.68754640E-02   6.58365153E-03
   3876.1008739853169        1.21342400E-02   5.75658726E-03
   3877.4944898962653        3.82096171E-02   6.49510091E-03
   3878.8883429689922        3.12688723E-02   6.11917442E-03
   3880.2824330644025        2.36363001E-02   5.72276860E-03
   3881.6767600434023        2.48390865E-02   5.79638639E-03
   3883.0713237668951        2.99443770E-02   6.03255583E-03
   3884.4661240957862        3.05935275E-02   5.96187590E-03
   3885.8611608909810        2.34040134E-02   5.78271504E-03
   3887.2564340133836        2.14628913E-02   5.70392190E-03
   3888.6519433238991        2.70243809E-02   5.62214199E-03
   3890.0476886834326        1.55383321E-02   5.59321651E-03
   3891.4436699528887        2.48713195E-02   5.86874969E-03
   3892.8398869931721        3.10994349E-02   6.18966529E-03
   3894.2363396651886        3.53415757E-02   6.26818556E-03
   3895.6330278298424        2.60736849E-02   6.01698831E-03
   3897.0299513480386        3.01211346E-02   6.14210404E-03
   3898.4271100806814        3.74504142E-02   6.28067181E-03
   3899.8245038886762        2.15513073E-02   5.92562137E-03
   3901.2221326329282        2.09392607E-02   5.80858439E-03
   3902.6199961743423        2.00759470E-02   5.74048935E-03
   3904.0180943738219        1.86304897E-02   5.54501917E-03
   3905.4164270922738        3.17749903E-02   5.85277425E-03
   3906.8149941906022        2.47393511E-02   5.70279732E-03
   3908.2137955297117        2.33928822E-02   5.80037199E-03
   3909.6128309705073        1.98741537E-02   5.72553603E-03
   3911.0121003738932        3.08016855E-02   6.16193702E-03
   3912.4116036007758        2.39240993E-02   5.93372248E-03
   3913.8113405120589        1.65407173E-02   5.68690104E-03
   3915.2113109686479        1.90318320E-02   5.74413827E-03
   3916.6115148314470        3.06461416E-02   5.96913882E-03
   3918.0119519613613        1.85646806E-02   5.57108177E-03
   3919.4126222192967        2.27090418E-02   5.50125726E-03
   3920.8135254661565        2.99726818E-02   5.53245516E-03
   3922.2146615628467        2.70763189E-02   5.46223857E-03
   3923.6160303702718        2.15510316E-02   5.23847155E-03
   3925.0176317493365        2.58603226E-02   5.39960712E-03
   3926.4194655609454        3.49038541E-02   5.45732398E-03
   3927.8215316660044        2.35476810E-02   4.83015925E-03
   3929.2238299254172        2.69859415E-02   4.78025153E-03
   3930.6263602000899        1.90377198E-02   4.20232629E-03
   3932.0291223509266        2.00326983E-02   4.08416148E-03
   3933.4321162388324        1.89437419E-02   3.88139673E-03
   3934.8353417247117        1.74793322E-02   3.82843032E-03
   3936.2387986694698        2.10228488E-02   4.04292718E-03
   3937.6424869340117        2.10959688E-02   4.34198417E-03
   3939.0464063792415        2.03952938E-02   4.63581132E-03
   3940.4505568660657        2.22471245E-02   4.78864834E-03
   3941.8549382553874        1.77438632E-02   4.76533454E-03
   3943.2595504081128        2.16584150E-02   4.88669239E-03
   3944.6643931851459        2.43858807E-02   5.03777014E-03
   3946.0694664473917        3.25003415E-02   5.33114281E-03
   3947.4747700557555        1.86295472E-02   5.07467752E-03
   3948.8803038711417        2.88975034E-02   5.38061513E-03
   3950.2860677544559        3.16363648E-02   5.50078461E-03
   3951.6920615666027        2.99237184E-02   5.54444361E-03
   3953.0982851684857        2.47247498E-02   5.35831274E-03
   3954.5047384210116        3.39450799E-02   5.59815997E-03
   3955.9114211850842        2.72548012E-02   5.44304773E-03
   3957.3183333216089        1.56836547E-02   5.07666264E-03
   3958.7254746914905        2.54631713E-02   5.29099908E-03
   3960.1328451556333        2.63318010E-02   5.23192855E-03
   3961.5404445749427        2.95299105E-02   5.10461861E-03
   3962.9482728103239        3.19488347E-02   5.00103971E-03
   3964.3563297226806        2.55329628E-02   4.51224484E-03
   3965.7646151729191        2.63410974E-02   4.52517672E-03
   3967.1731290219436        2.12841183E-02   4.02474171E-03
   3968.5818711306588        2.00013779E-02   3.85757326E-03
   3969.9908413599696        1.88694820E-02   3.80847766E-03
   3971.4000395707817        2.48105600E-02   4.16535046E-03
   3972.8094656239987        2.52809878E-02   4.44933027E-03
   3974.2191193805265        2.44887937E-02   4.64948127E-03
   3975.6290007012694        3.39557864E-02   5.09162294E-03
   3977.0391094471324        2.36824602E-02   5.02569322E-03
   3978.4494454790201        3.17830071E-02   5.37411636E-03
   3979.8600086578376        2.37036385E-02   5.21713030E-03
   3981.2707988444904        2.06204429E-02   5.19927451E-03
   3982.6818158998826        2.97059305E-02   5.52702649E-03
   3984.0930596849198        2.40240823E-02   5.18996548E-03
   3985.5045300605061        2.70746704E-02   5.29672811E-03
   3986.9162268875466        3.22437212E-02   5.42446785E-03
   3988.3281500269463        2.62171552E-02   5.28305862E-03
   3989.7402993396099        8.33963137E-03   4.91386838E-03
   3991.1526746864424        9.56673920E-03   5.03670285E-03
   3992.5652759283489        2.06106156E-02   5.24695450E-03
   3993.9781029262340        2.17590239E-02   5.30547695E-03
   3995.3911555410023        1.97665766E-02   5.18054701E-03
   3996.8044336335593        1.93560310E-02   5.16401231E-03
   3998.2179370648091        2.88491566E-02   5.40020829E-03
   3999.6316656956578        2.05625575E-02   5.21899294E-03
   4001.0456193870095        1.35138826E-02   5.10288402E-03
   4002.4597979997684        2.07999460E-02   5.33801876E-03
   4003.8742013948404        3.14245373E-02   5.46061341E-03
   4005.2888294331306        2.67488062E-02   5.23934327E-03
   4006.7036819755422        1.23783089E-02   4.99045989E-03
   4008.1187588829821        1.89950764E-02   5.20076882E-03
   4009.5340600163540        2.96145901E-02   5.47772134E-03
   4010.9495852365631        4.00259756E-02   5.74362138E-03
   4012.3653344045142        3.23525444E-02   5.61108394E-03
   4013.7813073811121        2.65667401E-02   5.50407171E-03
   4015.1975040272623        1.19619099E-02   5.12065366E-03
   4016.6139242038685        2.57773250E-02   5.37823699E-03
   4018.0305677718366        2.18846295E-02   5.33138961E-03
   4019.4474345920707        2.69542001E-02   5.45720756E-03
   4020.8645245254766        2.13287771E-02   5.32256113E-03
   4022.2818374329586        1.47220567E-02   5.19346399E-03
   4023.6993731754214        2.09642611E-02   5.32149663E-03
   4025.1171316137697        9.20769759E-03   5.03143342E-03
   4026.5351126089099        2.09699497E-02   5.31386444E-03
   4027.9533160217447        2.26180963E-02   5.38346265E-03
   4029.3717417131807        2.89305951E-02   5.42635005E-03
   4030.7903895441218        3.18229944E-02   5.36579452E-03
   4032.2092593754733        7.99973030E-03   4.63427231E-03
   4033.6283510681401        2.22521350E-02   4.97895293E-03
   4035.0476644830264        2.65026633E-02   5.17160352E-03
   4036.4671994810378        2.81550493E-02   5.37638552E-03
   4037.8869559230793        2.16052644E-02   5.25903795E-03
   4039.3069336700555        2.12205350E-02   5.29570552E-03
   4040.7271325828710        1.54156443E-02   5.19985892E-03
   4042.1475525224309        1.83354430E-02   5.20761125E-03
   4043.5681933496403        1.34037165E-02   4.90966672E-03
   4044.9890549254037        2.17903797E-02   4.93272720E-03
   4046.4101371106262        1.55403102E-02   4.77884058E-03
   4047.8314397662125        1.92438215E-02   4.89524752E-03
   4049.2529627530680        1.86131187E-02   5.06853266E-03
   4050.6747059320969        2.51399856E-02   5.29963896E-03
   4052.0966691642043        2.27492377E-02   5.23039373E-03
   4053.5188523102947        2.04685684E-02   5.12048975E-03
   4054.9412552312742        2.02388540E-02   5.06373774E-03
   4056.3638777880460        2.89658718E-02   5.16756577E-03
   4057.7867198415165        2.08569560E-02   4.96539287E-03
   4059.2097812525899        1.28450962E-02   4.89705289E-03
   4060.6330618821708        1.60334595E-02   4.87530837E-03
   4062.0565615911646        2.55236086E-02   5.05627273E-03
   4063.4802802404756        2.26758681E-02   4.92764264E-03
   4064.9042176910093        3.03528029E-02   5.06125623E-03
   4066.3283738036703        1.61370058E-02   4.78308368E-03
   4067.7527484393636        1.89002138E-02   4.98499721E-03
   4069.1773414589939        1.20858541E-02   4.81652748E-03
   4070.6021527234661        2.49241218E-02   5.07156365E-03
   4072.0271820936850        1.73271522E-02   4.92089102E-03
   4073.4524294305556        1.45096602E-02   4.78229998E-03
   4074.8778945949825        1.56575833E-02   4.88223322E-03
   4076.3035774478712        1.46418530E-02   4.82895691E-03
   4077.7294778501259        2.22384781E-02   4.92378045E-03
   4079.1555956626516        2.29989011E-02   4.90274047E-03
   4080.5819307463539        2.21685376E-02   5.05043240E-03
   4082.0084829621374        1.97116695E-02   5.06207766E-03
   4083.4352521709061        2.75744032E-02   5.23089524E-03
   4084.8622382335657        1.56037081E-02   4.86483192E-03
   4086.2894410110207        1.59378629E-02   4.91200155E-03
   4087.7168603641762        2.00413838E-02   5.08152833E-03
   4089.1444961539369        3.28187533E-02   5.40269772E-03
   4090.5723482412077        3.14971991E-02   5.33447601E-03
   4092.0004164868938        2.13066526E-02   5.12246508E-03
   4093.4287007518997        1.65342819E-02   4.93924879E-03
   4094.8572008971305        3.38191390E-02   5.26389992E-03
   4096.2859167834913        1.66774727E-02   4.81402362E-03
   4097.7148482718858        2.23337822E-02   4.86720400E-03
   4099.1439952232204        1.92376506E-02   4.69356822E-03
   4100.5733574983988        1.64242871E-02   4.51587280E-03
   4102.0029349583274        2.96551008E-02   4.70215967E-03
   4103.4327274639090        2.07081791E-02   4.47716983E-03
   4104.8627348760501        1.91056803E-02   4.65078885E-03
   4106.2929570556544        2.18134616E-02   4.83919028E-03
   4107.7233938636273        1.92421917E-02   4.88741649E-03
   4109.1540451608753        2.79706456E-02   5.04826102E-03
   4110.5849108083003        2.18279846E-02   4.91267303E-03
   4112.0159906668096        2.81569082E-02   5.02765970E-03
   4113.4472845973060        1.71602890E-02   4.87205945E-03
   4114.8787924606959        2.08764765E-02   5.01210801E-03
   4116.3105141178830        2.56137382E-02   5.15107857E-03
   4117.7424494297738        3.04653402E-02   5.26392087E-03
   4119.1745982572729        2.41596363E-02   5.03345672E-03
   4120.6069604612840        1.49307661E-02   4.81506623E-03
   4122.0395359027125        3.26068625E-02   5.14109293E-03
   4123.4723244424622        3.19807120E-02   5.21528581E-03
   4124.9053259414404        2.79162843E-02   5.13249496E-03
   4126.3385402605509        1.73700359E-02   4.86580236E-03
   4127.7719672606972        2.80688517E-02   5.01134386E-03
   4129.2056068027860        2.49545574E-02   4.98104561E-03
   4130.6394587477216        1.96308717E-02   4.78150323E-03
   4132.0735229564089        2.42849775E-02   4.83365450E-03
   4133.5077992897523        2.55963076E-02   4.79066651E-03
   4134.9422876086564        1.80156734E-02   5.97314863E-03
   4136.3769877740278        2.77545229E-02   6.59386627E-03
   4137.8118996467692        2.81928312E-02   6.53643161E-03
   4139.2470230877880        2.28279550E-02   6.49945205E-03
   4140.6823579579868        1.32205775E-02   4.79674432E-03
   4142.1179041182713        2.28943899E-02   4.88918787E-03
   4143.5536614295461        1.84821337E-02   4.70716646E-03
   4144.9896297527166        2.11524572E-02   4.72873496E-03
   4146.4258089486866        2.25310382E-02   4.78454260E-03
   4147.8621988783634        2.55269315E-02   4.92524775E-03
   4149.2987994026489        2.09848583E-02   4.81938524E-03
   4150.7356103824495        2.96944752E-02   4.98199416E-03
   4152.1726316786708        2.41394695E-02   4.87350533E-03
   4153.6098631522173        2.26174835E-02   4.75566601E-03
   4155.0473046639918        2.15663332E-02   4.77277115E-03
   4156.4849560749008        2.27950010E-02   4.75000171E-03
   4157.9228172458506        1.80429481E-02   4.70139040E-03
   4159.3608880377433        2.05564443E-02   4.82957624E-03
   4160.7991683114860        1.61061753E-02   4.76909988E-03
   4162.2376579279817        3.32444534E-02   5.13183931E-03
   4163.6763567481366        2.29437370E-02   4.97173937E-03
   4165.1152646328555        2.20724158E-02   4.99381823E-03
   4166.5543814430421        2.03352012E-02   4.90018865E-03
   4167.9937070396036        1.94446612E-02   4.85972641E-03
   4169.4332412834419        2.12342944E-02   4.84535843E-03
   4170.8729840354645        2.05365773E-02   4.78210626E-03
   4172.3129351565740        2.75972188E-02   4.85219155E-03
   4173.7530945076778        1.91507954E-02   4.64301929E-03
   4175.1934619496787        2.04583779E-02   4.65819286E-03
   4176.6340373434823        2.14232821E-02   4.73842118E-03
   4178.0748205499940        1.49225555E-02   4.60286951E-03
   4179.5158114301184        2.14216504E-02   4.79036802E-03
   4180.9570098447593        1.92284361E-02   4.73037409E-03
   4182.3984156548222        2.44051907E-02   4.80133202E-03
   4183.8400287212125        2.04450767E-02   4.72851330E-03
   4185.2818489048350        2.64971852E-02   4.83521912E-03
   4186.7238760665941        2.39844900E-02   4.71111573E-03
   4188.1661100673955        1.68693960E-02   4.51301783E-03
   4189.6085507681428        2.67410465E-02   4.78392048E-03
   4191.0511980297424        2.27077864E-02   4.79333336E-03
   4192.4940517130972        2.39543933E-02   4.84090485E-03
   4193.9371116791135        2.11910419E-02   4.81854845E-03
   4195.3803777886960        2.18362641E-02   4.79577528E-03
   4196.8238499027502        1.96085405E-02   4.59492719E-03
   4198.2675278821789        1.41928727E-02   4.37552016E-03
   4199.7114115878894        2.18615346E-02   4.56574699E-03
   4201.1555008807845        2.75077540E-02   4.62649111E-03
   4202.5997956217707        2.45696343E-02   4.67751082E-03
   4204.0442956717525        1.40386941E-02   4.48099058E-03
   4205.4890008916345        2.20197961E-02   4.73426096E-03
   4206.9339111423205        2.23755445E-02   4.83903755E-03
   4208.3790262847178        2.23003905E-02   4.79249237E-03
   4209.8243461797292        2.47434806E-02   4.82463604E-03
   4211.2698706882602        2.55700797E-02   4.90158098E-03
   4212.7155996712163        2.39041392E-02   4.87314537E-03
   4214.1615329895021        2.21043583E-02   4.77159256E-03
   4215.6076705040223        2.54956689E-02   4.72532399E-03
   4217.0540120756805        2.15567201E-02   4.58224211E-03
   4218.5005575653840        1.51427211E-02   4.58957767E-03
   4219.9473068340358        2.68149469E-02   4.89214156E-03
   4221.3942597425412        2.49870028E-02   4.83514834E-03
   4222.8414161518058        1.97216179E-02   4.68413252E-03
   4224.2887759227342        2.46271547E-02   4.58190171E-03
   4225.7363389162310        2.18596533E-02   4.33629332E-03
   4227.1841049932009        2.50186175E-02   4.32868721E-03
   4228.6320740145493        2.09767409E-02   4.32952354E-03
   4230.0802458411799        2.76863296E-02   4.74073086E-03
   4231.5286203339992        2.27400977E-02   4.71874652E-03
   4232.9771973539118        2.33843792E-02   4.70060343E-03
   4234.4259767618223        2.12358031E-02   4.56571626E-03
   4235.8749584186344        2.46593487E-02   4.51341923E-03
   4237.3241421852545        2.56660972E-02   4.58974717E-03
   4238.7735279225863        2.09310837E-02   4.44117747E-03
   4240.2231154915362        2.25910898E-02   4.60672332E-03
   4241.6729047530071        2.12417785E-02   4.56870813E-03
   4243.1228955679062        2.24238113E-02   4.61347261E-03
   4244.5730877971364        2.65072361E-02   4.70620394E-03
   4246.0234813016032        2.18777005E-02   4.62862244E-03
   4247.4740759422120        2.00441573E-02   4.52551059E-03
   4248.9248715798667        1.53361131E-02   4.29439545E-03
   4250.3758680754736        2.02540215E-02   4.37024003E-03
   4251.8270652899364        1.72681306E-02   4.38251905E-03
   4253.2784630841606        1.79914944E-02   4.39138012E-03
   4254.7300613190509        1.29288239E-02   4.31933161E-03
   4256.1818598555110        2.14546695E-02   4.44282591E-03
   4257.6338585544481        1.59986615E-02   4.37140325E-03
   4259.0860572767642        1.99850574E-02   4.41041449E-03
   4260.5384558833675        2.09742505E-02   4.31477977E-03
   4261.9910542351599        1.94066651E-02   4.31216881E-03
   4263.4438521930479        2.57140156E-02   4.59378818E-03
   4264.8968496179368        1.41950883E-02   4.44405293E-03
   4266.3500463707296        1.54739423E-02   4.46538674E-03
   4267.8034423123336        2.22683530E-02   4.56766412E-03
   4269.2570373036506        1.90428644E-02   4.37970832E-03
   4270.7108312055880        1.45326806E-02   4.15870082E-03
   4272.1648238790503        1.57287214E-02   4.09385329E-03
   4273.6190151849414        1.55857000E-02   4.04804572E-03
   4275.0734049841667        2.05379203E-02   4.31433925E-03
   4276.5279931376308        2.33598910E-02   4.45694989E-03
   4277.9827795062401        1.81855578E-02   4.41414816E-03
   4279.4377639508975        1.56297833E-02   4.36102599E-03
   4280.8929463325085        1.31129883E-02   4.28777654E-03
   4282.3483265119776        1.81061029E-02   4.36516944E-03
   4283.8039043502113        1.87113918E-02   4.39295126E-03
   4285.2596797081133        2.20670905E-02   4.43136087E-03
   4286.7156524465881        2.63814665E-02   4.50606272E-03
   4288.1718224265405        2.75132749E-02   4.39080782E-03
   4289.6281895088778        1.54953981E-02   4.13172180E-03
   4291.0847535545008        2.22325232E-02   4.30782977E-03
   4292.5415144243179        1.87346749E-02   4.24424279E-03
   4293.9984719792310        2.36927886E-02   4.40804800E-03
   4295.4556260801482        2.06080079E-02   4.31961659E-03
   4296.9129765879725        2.20363401E-02   4.24076710E-03
   4298.3705233636092        2.27884017E-02   4.09952877E-03
   4299.8282662679621        1.99424177E-02   3.94642772E-03
   4301.2862051619377        1.02701159E-02   3.62736965E-03
   4302.7443399064396        1.78782772E-02   3.90262529E-03
   4304.2026703623742        1.41973505E-02   3.79744871E-03
   4305.6611963906444        1.82541609E-02   3.85849597E-03
   4307.1199178521565        2.07123905E-02   3.86526040E-03
   4308.5788346078152        2.84612291E-02   3.99017474E-03
   4310.0379465185251        2.08153687E-02   3.84276081E-03
   4311.4972534451908        2.75185015E-02   4.07887110E-03
   4312.9567552487179        2.25995835E-02   4.04389622E-03
   4314.4164517900108        2.49125287E-02   4.34033433E-03
   4315.8763429299743        2.03623548E-02   4.50856425E-03
   4317.3364285295138        1.97182465E-02   4.56913607E-03
   4318.7967084495331        1.48126129E-02   4.49531805E-03
   4320.2571825509385        1.97495352E-02   4.55577811E-03
   4321.7178506946329        3.42254899E-02   4.75490885E-03
   4323.1787127415237        3.01370025E-02   4.48547956E-03
   4324.6397685525135        2.64950767E-02   4.23370115E-03
   4326.1010179885088        2.57832054E-02   4.17517405E-03
   4327.5624609104134        1.92593522E-02   4.27451776E-03
   4329.0240971791336        1.25333434E-02   4.21168003E-03
   4330.4859266555732        2.17858274E-02   4.50554397E-03
   4331.9479492006358        2.13542674E-02   4.49885149E-03
   4333.4101646752288        1.95231307E-02   4.45581367E-03
   4334.8725729402558        2.54341066E-02   4.54531144E-03
   4336.3351738566216        2.21663602E-02   4.38230298E-03
   4337.7979672852307        1.71971563E-02   4.17554379E-03
   4339.2609530869904        1.79655496E-02   3.94432200E-03
   4340.7241311228026        1.65875461E-02   3.86221660E-03
   4342.1875012535720        1.51166189E-02   3.89918918E-03
   4343.6510633402067        2.28018817E-02   4.18086257E-03
   4345.1148172436087        1.87317636E-02   4.26931819E-03
   4346.5787628246835        2.46225744E-02   4.45302995E-03
   4348.0428999443375        2.13263724E-02   4.47034277E-03
   4349.5072284634734        1.18627967E-02   4.23132256E-03
   4350.9717482429978        2.17727609E-02   4.33777785E-03
   4352.4364591438152        2.93390341E-02   4.44684271E-03
   4353.9013610268294        1.43520860E-02   4.12404910E-03
   4355.3664537529457        2.03355160E-02   4.36199736E-03
   4356.8317371830690        2.00266596E-02   4.36921371E-03
   4358.2972111781055        1.52208284E-02   4.25505685E-03
   4359.7628755989581        1.95595045E-02   4.37368220E-03
   4361.2287303065323        2.48235278E-02   4.48056497E-03
   4362.6947751617345        2.41216198E-02   4.53142403E-03
   4364.1610100254675        2.76028104E-02   4.61228611E-03
   4365.6274347586377        2.00926624E-02   4.45664022E-03
   4367.0940492221489        2.16049366E-02   4.43410221E-03
   4368.5608532769056        1.56171350E-02   4.30065487E-03
   4370.0278467838143        1.83225218E-02   4.35979990E-03
   4371.4950296037796        2.56611705E-02   4.44344757E-03
   4372.9624015977051        1.89898591E-02   4.25160956E-03
   4374.4299626264965        1.55354179E-02   4.15105186E-03
   4375.8977125510573        2.40529925E-02   4.26310720E-03
   4377.3656512322950        1.99602917E-02   4.26251628E-03
   4378.8337785311132        2.37855073E-02   4.40468593E-03
   4380.3020943084157        2.06748154E-02   4.35465388E-03
   4381.7705984251088        1.43415453E-02   4.04369272E-03
   4383.2392907420972        7.10874749E-03   3.65772704E-03
   4384.7081711202854        1.84341185E-02   3.91272781E-03
   4386.1772394205782        1.81315914E-02   3.94167658E-03
   4387.6464955038800        1.93683133E-02   4.18035779E-03
   4389.1159392310974        1.88848376E-02   4.17290814E-03
   4390.5855704631349        1.54193686E-02   4.09374107E-03
   4392.0553890608944        1.06025580E-02   4.10054252E-03
   4393.5253948852851        2.73376238E-02   4.40664683E-03
   4394.9955877972079        2.14581154E-02   4.32357425E-03
   4396.4659676575711        2.84495614E-02   4.45037987E-03
   4397.9365343272775        2.22611949E-02   4.34634602E-03
   4399.4072876672326        1.96150858E-02   4.33196034E-03
   4400.8782275383419        2.48508621E-02   4.42282716E-03
   4402.3493538015091        8.18111375E-03   3.97671526E-03
   4403.8206663176388        2.01146919E-02   4.20635473E-03
   4405.2921649476375        2.57983766E-02   4.28257184E-03
   4406.7638495524088        1.62385423E-02   4.07377863E-03
   4408.2357199928583        3.02461851E-02   4.43179114E-03
   4409.7077761298906        1.64043214E-02   4.25968925E-03
   4411.1800178244102        2.33570840E-02   4.48887236E-03
   4412.6524449373228        2.39230953E-02   4.51084925E-03
   4414.1250573295329        2.05403399E-02   4.39857598E-03
   4415.5978548619441        2.38480922E-02   4.41055046E-03
   4417.0708373954640        1.74784847E-02   4.26134141E-03
   4418.5440047909951        2.61795614E-02   4.48905583E-03
   4420.0173569094432        2.02978197E-02   4.42510191E-03
   4421.4908936117126        2.37612706E-02   4.53281635E-03
   4422.9646147587091        1.80914998E-02   4.41487506E-03
   4424.4385202113381        2.57473122E-02   4.51297313E-03
   4425.9126098305023        2.84112357E-02   4.51314077E-03
   4427.3868834771083        2.14873459E-02   4.46938165E-03
   4428.8613410120597        2.61561759E-02   4.55932179E-03
   4430.3359822962630        2.26204023E-02   4.45274403E-03
   4431.8108071906217        1.34665165E-02   4.25239699E-03
   4433.2858155560416        1.92832388E-02   4.34265006E-03
   4434.7610072534271        1.78262033E-02   4.22955630E-03
   4436.2363821436820        1.55013679E-02   4.24547680E-03
   4437.7119400877136        2.30922736E-02   4.47551301E-03
   4439.1876809464256        2.64310930E-02   4.60640900E-03
   4440.6636045807218        2.63070799E-02   4.53474047E-03
   4442.1397108515084        1.70403607E-02   4.31310711E-03
   4443.6159996196893        1.88778564E-02   4.35230695E-03
   4445.0924707461709        2.61659101E-02   4.51180385E-03
   4446.5691240918577        2.72521209E-02   4.61377017E-03
   4448.0459595176526        2.78849341E-02   4.63758782E-03
   4449.5229768844629        2.05075387E-02   4.48118895E-03
   4451.0001760531923        2.85122227E-02   4.60501155E-03
   4452.4775568847454        2.27848534E-02   4.43696324E-03
   4453.9551192400286        2.59210486E-02   4.50860243E-03
   4455.4328629799447        2.71067433E-02   4.44198027E-03
   4456.9107879654002        2.46498473E-02   4.38624574E-03
   4458.3888940572988        3.05544119E-02   4.45719343E-03
   4459.8671811165459        1.90558434E-02   4.29098122E-03
   4461.3456490040471        2.66928654E-02   4.41813003E-03
   4462.8242975807061        1.75503213E-02   4.26970748E-03
   4464.3031267074284        2.77947895E-02   4.54274984E-03
   4465.7821362451186        1.82197485E-02   4.39384021E-03
   4467.2613260546814        2.23564915E-02   4.44326131E-03
   4468.7406959970231        2.28157341E-02   4.49118391E-03
   4470.2202459330465        2.22987272E-02   4.46642842E-03
   4471.6999757236581        2.26516128E-02   4.50210087E-03
   4473.1798852297616        1.88852325E-02   4.50873794E-03
   4474.6599743122633        2.42459346E-02   4.59483219E-03
   4476.1402428320653        2.79635694E-02   4.71773511E-03
   4477.6206906500756        1.79503746E-02   4.54163877E-03
   4479.1013176271981        2.13186555E-02   4.47974820E-03
   4480.5821236243364        1.86181106E-02   4.37579583E-03
   4482.0631085023970        2.69761384E-02   4.57863789E-03
   4483.5442721222844        2.12853886E-02   4.45378758E-03
   4485.0256143449033        2.16028895E-02   4.54455568E-03
   4486.5071350311582        1.80218928E-02   4.50537493E-03
   4487.9888340419529        2.24038530E-02   4.57899459E-03
   4489.4707112381957        2.92518120E-02   4.64678882E-03
   4490.9527664807883        2.06367001E-02   4.48778039E-03
   4492.4349996306373        2.15054601E-02   4.49192524E-03
   4493.9174105486472        1.39251482E-02   4.40806989E-03
   4495.3999990957218        2.58625448E-02   4.59047174E-03
   4496.8827651327665        2.09503621E-02   4.49707918E-03
   4498.3657085206878        2.35006325E-02   4.59051086E-03
   4499.8488291203885        2.75689326E-02   4.63561527E-03
   4501.3321267927740        2.48823911E-02   4.66491189E-03
   4502.8156013987509        2.44579352E-02   4.63805487E-03
   4504.2992527992210        2.15558354E-02   4.63191327E-03
   4505.7830808550916        2.63518598E-02   4.75873100E-03
   4507.2670854272665        2.66968198E-02   4.74856887E-03
   4508.7512663766502        2.00716369E-02   4.64007026E-03
   4510.2356235641500        3.23165394E-02   4.82034124E-03
   4511.7201568506671        2.48332117E-02   4.68667503E-03
   4513.2048660971095        2.02307459E-02   4.56755469E-03
   4514.6897511643801        2.55845934E-02   4.64312220E-03
   4516.1748119133845        2.59232856E-02   4.61688498E-03
   4517.6600482050271        1.56945568E-02   4.41205874E-03
   4519.1454599002145        1.86574943E-02   4.52077482E-03
   4520.6310468598504        2.12629270E-02   4.56667552E-03
   4522.1168089448383        2.45292839E-02   4.64799814E-03
   4523.6027460160849        2.64458731E-02   4.67899069E-03
   4525.0888579344946        2.16308832E-02   4.56927903E-03
   4526.5751445609721        2.61257980E-02   4.49163187E-03
   4528.0616057564239        1.73938386E-02   4.31791414E-03
   4529.5482413817508        2.24347208E-02   4.40830970E-03
   4531.0350512978621        2.57130731E-02   4.52153012E-03
   4532.5220353656605        3.04362141E-02   4.58606146E-03
   4534.0091934460506        2.85928454E-02   4.55069356E-03
   4535.4965253999389        2.50665992E-02   4.53180727E-03
   4536.9840310882291        1.82393473E-02   4.43171384E-03
   4538.4717103718249        2.32105125E-02   4.60821157E-03
   4539.9595631116335        1.83084328E-02   4.59194602E-03
   4541.4475891685588        1.97763145E-02   4.54901624E-03
   4542.9357884035062        1.76934898E-02   4.48845932E-03
   4544.4241606773785        3.14117335E-02   4.70808614E-03
   4545.9127058510840        1.67061072E-02   4.45374101E-03
   4547.4014237855235        1.45630706E-02   4.38273977E-03
   4548.8903143416055        2.64948979E-02   4.56602313E-03
   4550.3793773802345        2.45899465E-02   4.53564525E-03
   4551.8686127623123        2.10491866E-02   4.42912197E-03
   4553.3580203487463        2.17693839E-02   4.50196490E-03
   4554.8476000004412        1.99661162E-02   4.46942868E-03
   4556.3373515783014        2.04705745E-02   4.50617215E-03
   4557.8272749432317        1.99117307E-02   4.51718643E-03
   4559.3173699561385        2.03529391E-02   4.59893746E-03
   4560.8076364779245        2.34701354E-02   4.66991961E-03
   4562.2980743694943        2.66159568E-02   4.72821062E-03
   4563.7886834917545        2.52188910E-02   4.63816756E-03
   4565.2794637056104        2.19767205E-02   4.55334038E-03
   4566.7704148719649        1.61454249E-02   4.46075574E-03
   4568.2615368517245        2.43792273E-02   4.61504934E-03
   4569.7528295057937        2.73723193E-02   4.64064488E-03
   4571.2442926950762        2.61614397E-02   4.64450102E-03
   4572.7359262804775        2.39100922E-02   4.62103542E-03
   4574.2277301229033        1.93614941E-02   4.50316537E-03
   4575.7197040832580        2.06323266E-02   4.64529172E-03
   4577.2118480224462        2.26260033E-02   4.61045187E-03
   4578.7041618013736        1.72569808E-02   4.48141107E-03
   4580.1966452809438        2.23470237E-02   4.52578627E-03
   4581.6892983220623        1.91317033E-02   4.36000293E-03
   4583.1821207856347        2.93555204E-02   4.60162014E-03
   4584.6751125325645        2.59299763E-02   4.51539969E-03
   4586.1682734237575        2.79722400E-02   4.57115797E-03
   4587.6616033201180        2.47094277E-02   4.55399603E-03
   4589.1551020825509        2.48964746E-02   4.60010953E-03
   4590.6487695719625        2.14942414E-02   4.56753699E-03
   4592.1426056492564        1.71093158E-02   4.42680111E-03
   4593.6366101753365        1.95856523E-02   4.42074519E-03
   4595.1307830111109        1.76884439E-02   4.36554430E-03
   4596.6251240174797        1.94463674E-02   4.39948123E-03
   4598.1196330553530        2.40756925E-02   4.49912576E-03
   4599.6143099856317        2.55957395E-02   4.53393254E-03
   4601.1091546692214        2.44646873E-02   4.52170148E-03
   4602.6041669670285        2.01814324E-02   4.45669191E-03
   4604.0993467399576        2.10353080E-02   4.46044700E-03
   4605.5946938489124        2.69225053E-02   4.59454814E-03
   4607.0902081547983        1.63195003E-02   4.43147309E-03
   4608.5858895185211        1.73722915E-02   4.43585683E-03
   4610.0817378009842        2.19311807E-02   4.54086671E-03
   4611.5777528630933        1.93668213E-02   4.52760560E-03
   4613.0739345657530        2.07308829E-02   4.48993733E-03
   4614.5702827698678        1.67792663E-02   4.43509035E-03
   4616.0667973363443        2.97494885E-02   4.70548728E-03
   4617.5634781260851        1.26099270E-02   4.26796731E-03
   4619.0603249999967        1.67888645E-02   4.40990925E-03
   4620.5573378189829        2.67339963E-02   4.58726985E-03
   4622.0545164439491        1.40876910E-02   4.33934666E-03
   4623.5518607358008        2.61678677E-02   4.62187873E-03
   4625.0493705554409        2.76272558E-02   4.69078170E-03
   4626.5470457637766        2.24611405E-02   4.55260929E-03
   4628.0448862217117        2.98086591E-02   4.65039629E-03
   4629.5428917901518        2.04939526E-02   4.50325338E-03
   4631.0410623299995        1.97643973E-02   4.49152291E-03
   4632.5393977021622        2.37059910E-02   4.54739342E-03
   4634.0378977675437        1.67473350E-02   4.45038546E-03
   4635.5365623870493        1.71885826E-02   4.40982077E-03
   4637.0353914215839        1.82976723E-02   4.41205828E-03
   4638.5343847320519        2.13389099E-02   4.42299759E-03
   4640.0335421793570        1.77348666E-02   4.39599482E-03
   4641.5328636244076        1.70406681E-02   4.38725995E-03
   4643.0323489281045        2.46339161E-02   4.56859777E-03
   4644.5319979513561        2.29597893E-02   4.49018739E-03
   4646.0318105550650        1.83067247E-02   4.40005679E-03
   4647.5317866001360        1.98783148E-02   4.31209570E-03
   4649.0319259474754        2.64384206E-02   4.48573660E-03
   4650.5322284579870        2.30097417E-02   4.46932158E-03
   4652.0326939925772        2.20147464E-02   4.45652939E-03
   4653.5333224121487        2.07033735E-02   4.42123646E-03
   4655.0341135776080        2.63512321E-02   4.51171538E-03
   4656.5350673498588        2.41736714E-02   4.49013943E-03
   4658.0361835898066        2.25876328E-02   4.52195434E-03
   4659.5374621583569        2.66459771E-02   4.60785208E-03
   4661.0389029164135        2.14590076E-02   4.52882750E-03
   4662.5405057248818        2.28492115E-02   4.50504851E-03
   4664.0422704446673        2.42396127E-02   4.48381063E-03
   4665.5441969366721        2.62633041E-02   4.43239231E-03
   4667.0462850618051        2.32260451E-02   4.36021481E-03
   4668.5485346809683        2.28284001E-02   4.29786835E-03
   4670.0509456550681        1.70733500E-02   4.29263292E-03
   4671.5535178450082        1.52663328E-02   4.28009452E-03
   4673.0562511116941        2.16248035E-02   4.45616804E-03
   4674.5591453160305        2.73118149E-02   4.60457476E-03
   4676.0622003189228        1.68569982E-02   4.40789619E-03
   4677.5654159812748        2.31701043E-02   4.51116217E-03
   4679.0687921639928        2.55279671E-02   4.52514039E-03
   4680.5723287279807        2.09130999E-02   4.40450013E-03
   4682.0760255341429        3.29654813E-02   4.65138676E-03
   4683.5798824433859        2.68279724E-02   4.54153027E-03
   4685.0838993166126        2.45321672E-02   4.51089954E-03
   4686.5880760147302        2.86208484E-02   4.59627807E-03
   4688.0924123986406        1.42637454E-02   4.33819322E-03
   4689.5969083292521        2.41756961E-02   4.48413705E-03
   4691.1015636674665        2.85128988E-02   4.54734964E-03
   4692.6063782741912        2.08264962E-02   4.45842743E-03
   4694.1113520103290        2.85742301E-02   4.63899039E-03
   4695.6164847367854        1.75273884E-02   4.39173775E-03
   4697.1217763144668        2.43968796E-02   4.52101883E-03
   4698.6272266042752        1.77383311E-02   4.36041690E-03
   4700.1328354671186        1.72910132E-02   4.33093728E-03
   4701.6386027638991        1.96412317E-02   4.31230012E-03
   4703.1445283555240        2.23560110E-02   4.37729806E-03
   4704.6506121028960        2.78805140E-02   4.51137917E-03
   4706.1568538669217        2.42470745E-02   4.47837124E-03
   4707.6632535085046        2.34704129E-02   4.46192222E-03
   4709.1698108885512        3.12607773E-02   4.58031381E-03
   4710.6765258679643        1.96593143E-02   4.39976947E-03
   4712.1833983076504        2.60090716E-02   4.67128027E-03
   4713.6904280685139        2.35882457E-02   4.54937527E-03
   4715.1976150114597        2.03145072E-02   4.43359977E-03
   4716.7049589973931        2.14909110E-02   4.50867508E-03
   4718.2124598872178        2.24746373E-02   4.56762966E-03
   4719.7201175418395        2.55133826E-02   4.62153694E-03
   4721.2279318221626        2.33588237E-02   4.54961229E-03
   4722.7359025890928        2.53821481E-02   4.60628932E-03
   4724.2440297035337        1.91238541E-02   4.52985056E-03
   4725.7523130263926        1.60968248E-02   4.45889123E-03
   4727.2607524185714        1.62525065E-02   4.36924398E-03
   4728.7693477409766        1.53421322E-02   4.27890429E-03
   4730.2780988545119        1.61129050E-02   4.29965556E-03
   4731.7870056200845        2.74555814E-02   4.52311477E-03
   4733.2960678985974        2.54986025E-02   4.52878186E-03
   4734.8052855509559        2.01006047E-02   4.41522803E-03
   4736.3146584380656        2.59816553E-02   4.52305051E-03
   4737.8241864208294        2.40490045E-02   4.57124785E-03
   4739.3338693601536        1.26413116E-02   4.31829412E-03
   4740.8437071169437        3.00666206E-02   4.65802848E-03
   4742.3536995521035        2.33033560E-02   4.57404833E-03
   4743.8638465265385        1.71564370E-02   4.46186680E-03
   4745.3741479011524        2.16101594E-02   4.54780087E-03
   4746.8846035368515        2.38215961E-02   4.59289271E-03
   4748.3952132945396        1.45854587E-02   4.41018632E-03
   4749.9059770351223        1.88872050E-02   4.47656680E-03
   4751.4168946195041        1.85168199E-02   4.52162558E-03
   4752.9279659085905        2.44819447E-02   4.53303521E-03
   4754.4391907632853        2.10845973E-02   4.43874998E-03
   4755.9505690444958        1.98648777E-02   4.42532450E-03
   4757.4621006131229        2.06513349E-02   4.45961487E-03
   4758.9737853300740        3.14520821E-02   4.68692789E-03
   4760.4856230562536        2.77985092E-02   4.63554822E-03
   4761.9976136525675        1.90478228E-02   4.41646110E-03
   4763.5097569799191        1.30022867E-02   4.27127117E-03
   4765.0220528992140        2.19862610E-02   4.38694842E-03
   4766.5345012713560        2.00087652E-02   4.42711776E-03
   4768.0471019572524        2.26989202E-02   4.52188263E-03
   4769.5598548178050        1.78782009E-02   4.44570277E-03
   4771.0727597139212        1.31104179E-02   4.37403237E-03
   4772.5858165065038        2.90267467E-02   4.64346074E-03
   4774.0990250564610        2.03539170E-02   4.49361792E-03
   4775.6123852246938        2.51177251E-02   4.64555621E-03
   4777.1258968721086        2.36324053E-02   4.61020367E-03
   4778.6395598596109        1.77338216E-02   4.47860500E-03
   4780.1533740481054        1.44440383E-02   4.42252774E-03
   4781.6673392984958        2.65147351E-02   4.64944774E-03
   4783.1814554716884        1.98236648E-02   4.49653156E-03
   4784.6957224285870        2.59737298E-02   4.61575296E-03
   4786.2101400300980        2.09290776E-02   4.50647762E-03
   4787.7247081371243        2.19358951E-02   4.44316631E-03
   4789.2394266105721        1.54553950E-02   4.35816543E-03
   4790.7542953113452        1.47845848E-02   4.39394079E-03
   4792.2693141003510        2.47609150E-02   4.61276993E-03
   4793.7844828384914        1.84228439E-02   4.48745489E-03
   4795.2998013866718        1.67380981E-02   4.46661981E-03
   4796.8152696057987        2.12694202E-02   4.57517803E-03
   4798.3308873567757        1.62792671E-02   4.45391843E-03
   4799.8466545005085        1.65333115E-02   4.44070948E-03
   4801.3625708978998        2.45614182E-02   4.52529406E-03
   4802.8786364098578        2.54834983E-02   4.60443972E-03
   4804.3948508972844        1.74240284E-02   4.40527825E-03
   4805.9112142210870        2.12969314E-02   4.50777588E-03
   4807.4277262421683        2.05995049E-02   4.49218368E-03
   4808.9443868214348        2.17020586E-02   4.52791248E-03
   4810.4611958197902        1.31158940E-02   4.37457347E-03
   4811.9781530981409        1.70784947E-02   4.44362825E-03
   4813.4952585173896        1.59918647E-02   4.43122117E-03
   4815.0125119384429        2.04178374E-02   4.53606341E-03
   4816.5299132222044        1.21582579E-02   4.42324439E-03
   4818.0474622295797        2.04481017E-02   4.56025172E-03
   4819.5651588214741        1.07678883E-02   4.38976241E-03
   4821.0830028587925        2.62217335E-02   4.64956230E-03
   4822.6009942024384        1.26074627E-02   4.35369229E-03
   4824.1191327133174        2.01031230E-02   4.51531354E-03
   4825.6374182523350        1.62431393E-02   4.42080526E-03
   4827.1558506803958        1.95978917E-02   4.50614328E-03
   4828.6744298584044        1.48856137E-02   4.39596875E-03
   4830.1931556472655        1.55501934E-02   4.43410967E-03
   4831.7120279078845        2.39346828E-02   4.52145701E-03
   4833.2310465011660        2.13340968E-02   4.48668096E-03
   4834.7502112880147        2.54598223E-02   4.56646224E-03
   4836.2695221293370        2.20397748E-02   4.51338012E-03
   4837.7889788860339        3.00281756E-02   4.64792596E-03
   4839.3085814190154        2.48077717E-02   4.53610439E-03
   4840.8283295891815        2.98320334E-02   4.59094159E-03
   4842.3482232574415        2.85996422E-02   4.57077380E-03
   4843.8682622846973        2.13110950E-02   4.44038166E-03
   4845.3884465318542        2.65354998E-02   4.53060865E-03
   4846.9087758598180        2.67423876E-02   4.59593022E-03
   4848.4292501294922        1.64424814E-02   4.35627298E-03
   4849.9498692017833        3.14213000E-02   4.63483064E-03
   4851.4706329375958        1.94005035E-02   4.40484285E-03
   4852.9915411978336        2.87727918E-02   4.56987415E-03
   4854.5125938434021        2.14678235E-02   4.34635114E-03
   4856.0337907352068        2.29222421E-02   4.33425885E-03
   4857.5551317341515        2.08651070E-02   4.21216851E-03
   4859.0766167011416        1.76047813E-02   4.01212322E-03
   4860.5982454970826        1.70144774E-02   3.86047363E-03
   4862.1200179828775        2.65734755E-02   4.01597889E-03
   4863.6419340194343        2.10797023E-02   4.01047617E-03
   4865.1639934676550        1.93031617E-02   4.13640914E-03
   4866.6861961884451        2.83731837E-02   4.40434739E-03
   4868.2085420427102        2.31604110E-02   4.30753408E-03
   4869.7310308913547        2.45844666E-02   4.32923576E-03
   4871.2536625952835        2.61360165E-02   4.32415074E-03
   4872.7764370154018        2.40098741E-02   4.26300382E-03
   4874.2993540126145        2.14167666E-02   4.26513283E-03
   4875.8224134478260        2.93418989E-02   4.45509935E-03
   4877.3456151819419        1.71209872E-02   4.29252163E-03
   4878.8689590758650        2.36293189E-02   4.43185028E-03
   4880.3924449905035        3.01454943E-02   4.60494775E-03
   4881.9160727867602        3.10776941E-02   4.56914259E-03
   4883.4398423255398        3.32490280E-02   4.59536444E-03
   4884.9637534677486        2.36987807E-02   4.43891436E-03
   4886.4878060742894        2.33984664E-02   4.31986479E-03
   4888.0120000060688        1.80021580E-02   4.21296526E-03
   4889.5363351239903        2.04192083E-02   4.18089237E-03
   4891.0608112889604        1.51169105E-02   4.09939280E-03
   4892.5854283618837        1.80818681E-02   4.22448944E-03
   4894.1101862036630        1.93969067E-02   4.29201871E-03
   4895.6350846752066        1.81940794E-02   4.38360125E-03
   4897.1601236374163        1.91786867E-02   4.45485022E-03
   4898.6853029511985        1.12984609E-02   4.27412661E-03
   4900.2106224774579        1.67690031E-02   4.31000674E-03
   4901.7360820770982        1.88082084E-02   4.37279325E-03
   4903.2616816110267        2.17912085E-02   4.36941301E-03
   4904.7874209401461        1.35290371E-02   4.25544614E-03
   4906.3132999253621        1.42130386E-02   4.32843994E-03
   4907.8393184275792        2.00951509E-02   4.38463502E-03
   4909.3654763077029        2.38379017E-02   4.37420188E-03
   4910.8917734266379        2.94350870E-02   4.44145547E-03
   4912.4182096452896        1.89622976E-02   4.25496371E-03
   4913.9447848245600        1.92099530E-02   4.31759376E-03
   4915.4714988253581        2.22870279E-02   4.38872864E-03
   4916.9983515085869        2.11236123E-02   4.37112059E-03
   4918.5253427351508        2.20271032E-02   4.21892945E-03
   4920.0524723659555        2.64123566E-02   4.24334826E-03
   4921.5797402619046        2.36504208E-02   4.20219265E-03
   4923.1071462839045        2.46737469E-02   4.26770700E-03
   4924.6346902928590        1.39594954E-02   4.12371475E-03
   4926.1623721496735        1.58629604E-02   4.22195159E-03
   4927.6901917152536        1.49701284E-02   4.27893782E-03
   4929.2181488505030        2.54758336E-02   4.46881028E-03
   4930.7462434163272        2.35097874E-02   4.41686995E-03
   4932.2744752736298        2.44874042E-02   4.43168636E-03
   4933.8028442833174        2.02829838E-02   4.35075024E-03
   4935.3313503062936        1.39770908E-02   4.17796103E-03
   4936.8599932034649        2.39018332E-02   4.36175754E-03
   4938.3887728357349        2.46515963E-02   4.31150058E-03
   4939.9176890640083        1.94891263E-02   4.20399895E-03
   4941.4467417491896        2.45194305E-02   4.41521173E-03
   4942.9759307521863        2.44253166E-02   4.44177305E-03
   4944.5052559338992        2.12929789E-02   4.38536284E-03
   4946.0347171552376        2.19826177E-02   4.39525209E-03
   4947.5643142771023        2.83106789E-02   4.49659815E-03
   4949.0940471604017        1.85551774E-02   4.35354700E-03
   4950.6239156660376        1.97953526E-02   4.38889163E-03
   4952.1539196549184        2.32523512E-02   4.41558938E-03
   4953.6840589879448        2.26697270E-02   4.37457627E-03
   4955.2143335260243        1.28623163E-02   4.14089952E-03
   4956.7447431300607        2.71969549E-02   4.32599895E-03
   4958.2752876609611        2.88949087E-02   4.32270998E-03
   4959.8059669796266        1.90054681E-02   4.22042469E-03
   4961.3367809469655        1.25242984E-02   4.23159916E-03
   4962.8677294238814        2.42566001E-02   4.45314590E-03
   4964.3988122712781        1.44411596E-02   4.23463061E-03
   4965.9300293500628        2.75292434E-02   4.47123917E-03
   4967.4613805211384        1.79800428E-02   4.22486337E-03
   4968.9928656454103        2.97961105E-02   4.45920508E-03
   4970.5244845837842        1.84535962E-02   4.29742271E-03
   4972.0562371971637        2.13507246E-02   4.39347047E-03
   4973.5881233464543        1.97393894E-02   4.29883786E-03
   4975.1201428925606        2.41806451E-02   4.44420567E-03
   4976.6522956963872        1.81659162E-02   4.32388298E-03
   4978.1845816188406        1.84340067E-02   4.28208429E-03
   4979.7170005208245        1.84406601E-02   4.22669901E-03
   4981.2495522632435        2.18018461E-02   4.23609652E-03
   4982.7822367070030        1.84572823E-02   4.11161128E-03
   4984.3150537130077        2.52556205E-02   4.22495510E-03
   4985.8480031421623        2.19084322E-02   4.24448866E-03
   4987.3810848553712        2.10399684E-02   4.29103244E-03
   4988.9142987135410        1.39289536E-02   4.18007467E-03
   4990.4476445775754        2.32002977E-02   4.35117539E-03
   4991.9811223083789        2.30001453E-02   4.31135669E-03
   4993.5147317668561        2.02054903E-02   4.28161118E-03
   4995.0484728139136        2.58264728E-02   4.39917902E-03
   4996.5823453104558        2.12465208E-02   4.31966595E-03
   4998.1163491173866        2.31330302E-02   4.37973952E-03
   4999.6504840956104        1.60133950E-02   4.20645019E-03
   5001.1847501060347        2.21293923E-02   4.29149251E-03
   5002.7191470095613        3.03758904E-02   4.38752025E-03
   5004.2536746670967        2.48522945E-02   4.26067272E-03
   5005.7883329395463        2.20656618E-02   4.21089074E-03
   5007.3231216878139        1.51252626E-02   4.06988245E-03
   5008.8580407728032        2.41120420E-02   4.27965773E-03
   5010.3930900554233        2.77665071E-02   4.39441251E-03
   5011.9282693965752        1.95535943E-02   4.18373337E-03
   5013.4635786571644        2.10022926E-02   4.15623793E-03
   5014.9990176980964        1.88051388E-02   4.08632308E-03
   5016.5345863802759        2.11002510E-02   4.15482512E-03
   5018.0702845646083        1.77531485E-02   4.18385630E-03
   5019.6061121119974        1.54259577E-02   4.05147858E-03
   5021.1420688833496        2.52553672E-02   4.32719896E-03
   5022.6781547395685        1.92534067E-02   4.20435145E-03
   5024.2143695415589        2.35645175E-02   4.31840913E-03
   5025.7507131502261        2.71496605E-02   4.35067061E-03
   5027.2871854264758        2.93780658E-02   4.40131640E-03
   5028.8237862312117        2.13396214E-02   4.28782078E-03
   5030.3605154253382        2.45639458E-02   4.33171121E-03
   5031.8973728697620        2.58741565E-02   4.48411005E-03
   5033.4343584253875        2.05260031E-02   4.31225961E-03
   5034.9714719531185        2.89704148E-02   4.42420784E-03
   5036.5087133138604        2.13778913E-02   4.29993123E-03
   5038.0460823685180        2.69458126E-02   4.35492862E-03
   5039.5835789779967        2.45901179E-02   4.21952875E-03
   5041.1212030032002        2.24444773E-02   4.23163688E-03
   5042.6589543050350        2.50195749E-02   4.29740129E-03
   5044.1968327444047        3.09443790E-02   4.43984196E-03
   5045.7348381822148        2.10313778E-02   4.35112417E-03
   5047.2729704793692        1.55909434E-02   4.19548992E-03
   5048.8112294967750        2.23022122E-02   4.28946503E-03
   5050.3496150953342        2.31867619E-02   4.30075871E-03
   5051.8881271359542        1.80325881E-02   4.18669917E-03
   5053.4267654795385        1.45210372E-02   4.18986101E-03
   5054.9655299869910        2.36744676E-02   4.41106735E-03
   5056.5044205192189        2.29709987E-02   4.38503176E-03
   5058.0434369371269        1.29570467E-02   4.26168041E-03
   5059.5825791016177        2.17820182E-02   4.39071190E-03
   5061.1218468735988        2.00498644E-02   4.42537758E-03
   5062.6612401139728        2.46665366E-02   4.44767857E-03
   5064.2007586836453        1.76908243E-02   4.29205364E-03
   5065.7404024435209        2.09749117E-02   4.31931112E-03
   5067.2801712545061        2.08559111E-02   4.32912819E-03
   5068.8200649775044        2.72065103E-02   4.45989054E-03
   5070.3600834734198        1.25002144E-02   4.15914739E-03
   5071.9002266031603        2.15718932E-02   4.36238945E-03
   5073.4404942276269        1.90113448E-02   4.25404496E-03
   5074.9808862077280        2.61352528E-02   4.40348964E-03
   5076.5214024043653        2.38811895E-02   4.44615167E-03
   5078.0620426784462        2.20994633E-02   4.30551823E-03
   5079.6028068908745        2.31241025E-02   4.29626368E-03
   5081.1436949025547        2.77646426E-02   4.32162732E-03
   5082.6847065743923        1.57588590E-02   4.12409334E-03
   5084.2258417672920        2.10410785E-02   4.27987427E-03
   5085.7671003421592        1.91984791E-02   4.30303952E-03
   5087.3084821598968        2.32634190E-02   4.40999307E-03
   5088.8499870814121        2.45194715E-02   4.42602485E-03
   5090.3916149676088        2.14346088E-02   4.39327722E-03
   5091.9333656793915        1.95061639E-02   4.34101559E-03
   5093.4752390776666        2.28543375E-02   4.42554336E-03
   5095.0172350233370        2.14726459E-02   4.38857172E-03
   5096.5593533773099        1.82165168E-02   4.26572468E-03
   5098.1015940004872        2.12570485E-02   4.33261693E-03
   5099.6439567537764        1.81298703E-02   4.20958409E-03
   5101.1864414980801        2.02412754E-02   4.28429106E-03
   5102.7290480943057        1.67844985E-02   4.24405374E-03
   5104.2717764033559        1.59781240E-02   4.25341213E-03
   5105.8146262861374        1.75333545E-02   4.27875947E-03
   5107.3575976035527        2.23492607E-02   4.33931733E-03
   5108.9006902165092        2.30030380E-02   4.34478791E-03
   5110.4439039859108        2.31777914E-02   4.29373933E-03
   5111.9872387726618        2.27604154E-02   4.37795790E-03
   5113.5306944376671        2.00670268E-02   4.38114535E-03
   5115.0742708418320        2.21484695E-02   4.37068893E-03
   5116.6179678460621        1.63986646E-02   4.32077749E-03
   5118.1617853112621        2.36952882E-02   4.45474358E-03
   5119.7057230983355        1.57450996E-02   4.26493911E-03
   5121.2497810681880        1.12226028E-02   4.18602442E-03
   5122.7939590817250        1.90787613E-02   4.25970927E-03
   5124.3382569998494        1.97752398E-02   4.27969638E-03
   5125.8826746834684        1.73637234E-02   4.17819805E-03
   5127.4272119934867        2.53254231E-02   4.38025594E-03
   5128.9718687908080        2.25951746E-02   4.32346016E-03
   5130.5166449363378        2.87236273E-02   4.44758544E-03
   5132.0615402909798        1.86274461E-02   4.28981194E-03
   5133.6065547156404        2.53397636E-02   4.41940315E-03
   5135.1516880712243        2.21061222E-02   4.32891399E-03
   5136.6969402186360        2.63895504E-02   4.41660639E-03
   5138.2423110187801        2.89600436E-02   4.39587794E-03
   5139.7878003325623        1.57075301E-02   4.08757525E-03
   5141.3334080208870        1.95996482E-02   4.21604142E-03
   5142.8791339446598        2.14624219E-02   4.31276252E-03
   5144.4249779647826        1.94338597E-02   4.21316829E-03
   5145.9709399421645        1.82921458E-02   4.24674293E-03
   5147.5170197377074        1.81276817E-02   4.27362183E-03
   5149.0632172123178        1.76268145E-02   4.20995010E-03
   5150.6095322268993        2.11473629E-02   4.31387778E-03
   5152.1559646423584        1.58948116E-02   4.24357597E-03
   5153.7025143195979        2.47464757E-02   4.34831856E-03
   5155.2491811195241        2.33824831E-02   4.37756535E-03
   5156.7959649030417        3.03416885E-02   4.56251949E-03
   5158.3428655310545        2.42068078E-02   4.45221644E-03
   5159.8898828644706        2.26997677E-02   4.37655533E-03
   5161.4370167641900        2.46739648E-02   4.38860757E-03
   5162.9842670911221        1.66816078E-02   4.27294243E-03
   5164.5316337061686        2.57976688E-02   4.31179255E-03
   5166.0791164702350        1.77096780E-02   4.01146477E-03
   5167.6267152442288        2.64620092E-02   4.11833916E-03
   5169.1744298890517        2.58154925E-02   4.13082587E-03
   5170.7222602656093        1.72237568E-02   3.90623533E-03
   5172.2702062348071        2.89787557E-02   4.13297256E-03
   5173.8182676575507        2.50111409E-02   4.13992163E-03
   5175.3664443947428        2.63945516E-02   4.32188110E-03
   5176.9147363072898        2.10475642E-02   4.34750505E-03
   5178.4631432560973        1.86061971E-02   4.31482121E-03
   5180.0116651020689        2.51029246E-02   4.41498635E-03
   5181.5603017061085        2.92179398E-02   4.31220140E-03
   5183.1090529291232        2.51381006E-02   4.09293408E-03
   5184.6579186320159        2.78532971E-02   4.11427161E-03
   5186.2068986756940        1.75486337E-02   4.06435784E-03
   5187.7559929210602        2.24462431E-02   4.31097904E-03
   5189.3052012290200        2.06484478E-02   4.32192581E-03
   5190.8545234604780        2.26115044E-02   4.31984430E-03
   5192.4039594763399        2.88694780E-02   4.43330128E-03
   5193.9535091375092        2.16972698E-02   4.25424334E-03
   5195.5031723048924        2.27054134E-02   4.36462974E-03
   5197.0529488393931        1.72209516E-02   4.36270004E-03
   5198.6028386019170        2.06200872E-02   4.40468779E-03
   5200.1528414533686        1.41366664E-02   4.34509479E-03
   5201.7029572546535        2.41402872E-02   4.50652465E-03
   5203.2531858666744        2.23528370E-02   4.36658273E-03
   5204.8035271503386        2.28036530E-02   4.36991174E-03
   5206.3539809665508        2.61748601E-02   4.37885756E-03
   5207.9045471762138        2.09312942E-02   4.24371799E-03
   5209.4552256402349        2.66723894E-02   4.40707849E-03
   5211.0060162195159        2.38132868E-02   4.41688159E-03
   5212.5569187749661        2.39594206E-02   4.44124406E-03
   5214.1079331674864        2.01713499E-02   4.39361343E-03
   5215.6590592579842        2.12183166E-02   4.32444410E-03
   5217.2102969073621        2.24313233E-02   4.36744746E-03
   5218.7616459765268        2.04491224E-02   4.30110842E-03
   5220.3131063263827        2.43732743E-02   4.46606334E-03
   5221.8646778178345        1.68237202E-02   4.34609549E-03
   5223.4163603117886        2.55671311E-02   4.49488312E-03
   5224.9681536691469        1.96542088E-02   4.25860332E-03
   5226.5200577508167        1.85290314E-02   4.17164760E-03
   5228.0720724177008        2.47053634E-02   4.29821061E-03
   5229.6241975307057        2.06758659E-02   4.34845733E-03
   5231.1764329507369        1.69282667E-02   4.24771011E-03
   5232.7287785386970        2.64775548E-02   4.40900261E-03
   5234.2812341554927        1.70839597E-02   4.23336169E-03
   5235.8337996620285        1.91453602E-02   4.30406723E-03
   5237.3864749192080        1.22401547E-02   4.27962793E-03
   5238.9392597879387        2.90611312E-02   4.62860288E-03
   5240.4921541291233        2.04215255E-02   4.44843899E-03
   5242.0451578036673        1.41496733E-02   4.28935839E-03
   5243.5982706724744        1.72831118E-02   4.35527274E-03
   5245.1514925964520        2.10509580E-02   4.40462120E-03
   5246.7048234365020        1.68728307E-02   4.38466389E-03
   5248.2582630535326        1.61605980E-02   4.33439622E-03
   5249.8118113084465        1.97883807E-02   4.37257532E-03
   5251.3654680621494        2.42224671E-02   4.43887291E-03
   5252.9192331755457        1.82918105E-02   4.36298456E-03
   5254.4731065095393        1.72557440E-02   4.31727991E-03
   5256.0270879250374        2.79732589E-02   4.56121517E-03
   5257.5811772829429        2.21251268E-02   4.50736145E-03
   5259.1353744441612        2.30217725E-02   4.54260036E-03
   5260.6896792695989        2.77477466E-02   4.55288915E-03
   5262.2440916201585        2.04983409E-02   4.32246784E-03
   5263.7986113567449        2.45377850E-02   4.28928528E-03
   5265.3532383402644        2.33331081E-02   4.25520167E-03
   5266.9079724316216        2.56520323E-02   4.29006480E-03
   5268.4628134917211        2.93192510E-02   4.36222507E-03
   5270.0177613814667        1.86400786E-02   4.18645609E-03
   5271.5728159617656        2.16930602E-02   4.26282594E-03
   5273.1279770935216        2.94491369E-02   4.47401544E-03
   5274.6832446376393        1.94443539E-02   4.31828760E-03
   5276.2386184550223        2.74618492E-02   4.55464842E-03
   5277.7940984065772        2.18105651E-02   4.49806172E-03
   5279.3496843532084        2.42296401E-02   4.50676447E-03
   5280.9053761558225        2.88040116E-02   4.58094152E-03
   5282.4611736753213        2.75753774E-02   4.52680280E-03
   5284.0170767726113        2.08838582E-02   4.39983932E-03
   5285.5730853085979        1.75126549E-02   4.34055738E-03
   5287.1291991441840        2.52279732E-02   4.56916029E-03
   5288.6854181402769        2.07834058E-02   4.50962037E-03
   5290.2417421577793        1.87214799E-02   4.50229133E-03
   5291.7981710575968        2.14383919E-02   4.49512294E-03
   5293.3547047006368        2.04587132E-02   4.49324073E-03
   5294.9113429478002        2.41674501E-02   4.56682639E-03
   5296.4680856599944        2.62044501E-02   4.55692969E-03
   5298.0249326981229        2.37866323E-02   4.48233820E-03
   5299.5818839230915        1.98611449E-02   4.34961682E-03
   5301.1389391958046        2.41541676E-02   4.54124156E-03
   5302.6960983771669        2.39132829E-02   4.51209582E-03
   5304.2533613280848        2.63996888E-02   4.55966359E-03
   5305.8107279094602        1.55043639E-02   4.44483617E-03
   5307.3681979822013        1.65896714E-02   4.41562105E-03
   5308.9257714072110        2.35700887E-02   4.57910355E-03
   5310.4834480453937        2.28343103E-02   4.63178707E-03
   5312.0412277576570        2.83497497E-02   4.68178326E-03
   5313.5991104049026        1.66504178E-02   4.42007184E-03
   5315.1570958480370        2.44733281E-02   4.57054190E-03
   5316.7151839479648        2.43653450E-02   4.59041446E-03
   5318.2733745655914        2.16585416E-02   4.48424881E-03
   5319.8316675618207        2.23509800E-02   4.55673737E-03
   5321.3900627975572        1.70360021E-02   4.43974230E-03
   5322.9485601337074        2.41819564E-02   4.57991334E-03
   5324.5071594311758        1.78221241E-02   4.43196204E-03
   5326.0658605508661        1.84673667E-02   4.33825981E-03
   5327.6246633536839        1.91081539E-02   4.33018524E-03
   5329.1835677005356        2.81057637E-02   4.47392743E-03
   5330.7425734523231        2.49770824E-02   4.55082720E-03
   5332.3016804699528        2.60419734E-02   4.63032303E-03
   5333.8608886143311        2.50871740E-02   4.61871084E-03
   5335.4201977463590        2.34674513E-02   4.60416684E-03
   5336.9796077269448        2.87251715E-02   4.71428642E-03
   5338.5391184169930        1.69071648E-02   4.45609493E-03
   5340.0987296774065        1.60800274E-02   4.37785871E-03
   5341.6584413690916        2.50443388E-02   4.54645976E-03
   5343.2182533529540        1.01144975E-02   4.24973387E-03
   5344.7781654898972        2.06482355E-02   4.55164723E-03
   5346.3381776408251        2.57815644E-02   4.63224621E-03
   5347.8982896666457        1.94101483E-02   4.49396810E-03
   5349.4585014282611        1.53625766E-02   4.40819096E-03
   5351.0188127865767        2.38268431E-02   4.59133461E-03
   5352.5792236024981        2.38906555E-02   4.63466765E-03
   5354.1397337369308        1.90332737E-02   4.51927865E-03
   5355.7003430507784        2.45448742E-02   4.67757601E-03
   5357.2610514049466        2.48281956E-02   4.66640759E-03
   5358.8218586603389        2.87787151E-02   4.79412451E-03
   5360.3827646778618        1.78688839E-02   4.52710129E-03
   5361.9437693184191        1.70277823E-02   4.53981571E-03
   5363.5048724429162        2.43997015E-02   4.60402528E-03
   5365.0660739122586        2.17043441E-02   4.51998645E-03
   5366.6273735873501        2.19305754E-02   4.50523384E-03
   5368.1887713290944        2.48764139E-02   4.56255767E-03
   5369.7502669983996        1.95114352E-02   4.42509260E-03
   5371.3118604561687        2.46066991E-02   4.51074447E-03
   5372.8735515633052        1.98545419E-02   4.46189707E-03
   5374.4353401807175        2.13606376E-02   4.56943084E-03
   5375.9972261693065        3.08142435E-02   4.77887969E-03
   5377.5592093899804        1.78170744E-02   4.55543399E-03
   5379.1212897036430        2.10164674E-02   4.62887669E-03
   5380.6834669711980        1.99875589E-02   4.53779800E-03
   5382.2457410535517        1.93996467E-02   4.50397562E-03
   5383.8081118116079        2.55830269E-02   4.64831945E-03
   5385.3705791062721        2.64776107E-02   4.66974219E-03
   5386.9331427984498        2.94886306E-02   4.69034724E-03
   5388.4958027490447        2.21503153E-02   4.61839791E-03
   5390.0585588189624        1.87677946E-02   4.56143310E-03
   5391.6214108691074        2.23360583E-02   4.53505479E-03
   5393.1843587603844        2.92963143E-02   4.67034290E-03
   5394.7474023536988        2.94891093E-02   4.65413649E-03
   5396.3105415099553        2.00420637E-02   4.46479069E-03
   5397.8737760900585        2.30420679E-02   4.53938311E-03
   5399.4371059549139        1.52518451E-02   4.34890436E-03
   5401.0005309654252        1.92800276E-02   4.52160928E-03
   5402.5640509824998        1.91958714E-02   4.47487226E-03
   5404.1276658670395        2.83121429E-02   4.61634947E-03
   5405.6913754799507        2.15720106E-02   4.45272401E-03
   5407.2551796821381        2.15185154E-02   4.46542585E-03
   5408.8190783345053        2.22363137E-02   4.50785179E-03
   5410.3830712979598        2.50240304E-02   4.58445633E-03
   5411.9471584334051        2.17772909E-02   4.51563857E-03
   5413.5113396017459        2.78853793E-02   4.69599431E-03
   5415.0756146638878        1.78952832E-02   4.50395932E-03
   5416.6399834807344        2.39473246E-02   4.56284732E-03
   5418.2044459131921        2.20189132E-02   4.59848624E-03
   5419.7690018221638        2.62720212E-02   4.68586106E-03
   5421.3336510685558        2.45355479E-02   4.66199266E-03
   5422.8983935132728        2.52135321E-02   4.62916354E-03
   5424.4632290172203        2.82263122E-02   4.65770625E-03
   5426.0281574413020        1.93195213E-02   4.48962813E-03
   5427.5931786464234        1.42677082E-02   4.38829465E-03
   5429.1582924934901        2.43760012E-02   4.62455908E-03
   5430.7234988434047        2.35368069E-02   4.55265259E-03
   5432.2887975570748        1.85295213E-02   4.49564494E-03
   5433.8541884954020        1.94536820E-02   4.48781205E-03
   5435.4196715192948        3.04963924E-02   4.70236363E-03
   5436.9852464896567        2.50941347E-02   4.66682250E-03
   5438.5509132673915        2.58049686E-02   4.71646991E-03
   5440.1166717134047        1.90889463E-02   4.64423280E-03
   5441.6825216886018        1.68517455E-02   4.54811798E-03
   5443.2484630538866        2.20547803E-02   4.62529156E-03
   5444.8144956701644        2.42847111E-02   4.56640031E-03
   5446.3806193983419        1.86363440E-02   4.47601313E-03
   5447.9468340993208        1.83200315E-02   4.50860383E-03
   5449.5131396340075        2.95174569E-02   4.73536272E-03
   5451.0795358633077        1.34783303E-02   4.50330088E-03
   5452.6460226481249        1.81428939E-02   4.58253175E-03
   5454.2125998493648        1.53625188E-02   4.42655990E-03
   5455.7792673279328        1.13701299E-02   4.35814587E-03
   5457.3460249447317        1.99230462E-02   4.56518587E-03
   5458.9128725606688        2.61962228E-02   4.77605918E-03
   5460.4798100366470        2.29383428E-02   4.69528325E-03
   5462.0468372335718        1.55175533E-02   4.55875136E-03
   5463.6139540123486        1.45905772E-02   4.49681329E-03
   5465.1811602338821        1.94691215E-02   4.51919716E-03
   5466.7484557590769        2.75743231E-02   4.74516768E-03
   5468.3158404488386        1.96486358E-02   4.59136674E-03
   5469.8833141640707        1.78781282E-02   4.57852567E-03
   5471.4508767656789        2.42759101E-02   4.66589071E-03
   5473.0185281145696        1.77790020E-02   4.55446867E-03
   5474.5862680716446        1.72877982E-02   4.47670463E-03
   5476.1540964978112        2.23054197E-02   4.55238856E-03
   5477.7220132539724        2.29649059E-02   4.55294456E-03
   5479.2900182010344        2.11119764E-02   4.52611642E-03
   5480.8581111999019        2.22713985E-02   4.64242836E-03
   5482.4262921114796        2.25777626E-02   4.60650492E-03
   5483.9945607966720        2.02136170E-02   4.59928717E-03
   5485.5629171163846        1.16324592E-02   4.48320573E-03
   5487.1313609315221        1.50455860E-02   4.46916325E-03
   5488.6998921029890        2.19553653E-02   4.69017914E-03
   5490.2685104916909        1.81265790E-02   4.54681972E-03
   5491.8372159585324        2.44473815E-02   4.70967125E-03
   5493.4060083644181        1.88985895E-02   4.57477337E-03
   5494.9748875702535        2.54267640E-02   4.71943943E-03
   5496.5438534369414        1.52934007E-02   4.54685558E-03
   5498.1129058253891        2.02656984E-02   4.65276837E-03
   5499.6820445965013        1.96050927E-02   4.61650360E-03
   5501.2512696111808        3.40336971E-02   4.90301382E-03
   5502.8205807303357        7.15821330E-03   4.35361639E-03
   5504.3899778148680        2.42120251E-02   4.67130914E-03
   5505.9594607256831        2.15662178E-02   4.63281618E-03
   5507.5290293236867        1.98457614E-02   4.62903641E-03
   5509.0986834697851        2.00693607E-02   4.67819767E-03
   5510.6684230248793        1.65575836E-02   4.56460798E-03
   5512.2382478498776        1.44643690E-02   4.49935719E-03
   5513.8081578056826        2.27715746E-02   4.62598866E-03
   5515.3781527532010        2.45128963E-02   4.73203463E-03
   5516.9482325533372        2.66208053E-02   4.75374097E-03
   5518.5183970669950        2.13346947E-02   4.68484592E-03
   5520.0886461550790        2.24460494E-02   4.65125963E-03
   5521.6589796784965        1.60701424E-02   4.62761987E-03
   5523.2293974981512        2.18926258E-02   4.73718951E-03
   5524.7998994749469        1.66033804E-02   4.60080057E-03
   5526.3704854697899        1.98857021E-02   4.60201921E-03
   5527.9411553435848        1.45548098E-02   4.44494002E-03
   5529.5119089572345        1.76884849E-02   4.51419782E-03
   5531.0827461716472        1.86431985E-02   4.57458058E-03
   5532.6536668477256        2.23485585E-02   4.69735777E-03
   5534.2246708463745        2.15437878E-02   4.71775653E-03
   5535.7957580285001        2.12567355E-02   4.67785727E-03
   5537.3669282550063        2.86344457E-02   4.78928303E-03
   5538.9381813867985        1.90689452E-02   4.70338948E-03
   5540.5095172847805        1.56955086E-02   4.60355217E-03
   5542.0809358098586        2.00879406E-02   4.69850888E-03
   5543.6524368229375        2.00671460E-02   4.75130230E-03
   5545.2240201849218        1.94153935E-02   4.72131465E-03
   5546.7956857567151        1.85443964E-02   4.72802855E-03
   5548.3674333992230        1.83822028E-02   4.66359872E-03
   5549.9392629733520        1.65010281E-02   4.61249240E-03
   5551.5111743400048        2.28007622E-02   4.72983345E-03
   5553.0831673600878        2.72592530E-02   4.87429556E-03
   5554.6552418945048        2.83376779E-02   4.88937879E-03
   5556.2273978041621        1.69225130E-02   4.63992404E-03
   5557.7996349499626        1.77696310E-02   4.68492834E-03
   5559.3719531928136        2.37583946E-02   4.77393018E-03
   5560.9443523936170        2.22916193E-02   4.74171992E-03
   5562.5168324132801        1.51705686E-02   4.61404677E-03
   5564.0893931127066        1.71294119E-02   4.64987848E-03
   5565.6620343528011        1.43289864E-02   4.53098584E-03
   5567.2347559944692        2.50716023E-02   4.75368602E-03
   5568.8075578986172        2.57769208E-02   4.75502247E-03
   5570.3804399261471        2.45067589E-02   4.72129928E-03
   5571.9534019379653        2.19649747E-02   4.70650662E-03
   5573.5264437949772        1.52227618E-02   4.74527013E-03
   5575.0995653580858        3.83284129E-02   8.23912676E-03
   5576.6727664881973        1.88535005E-02   1.03854323E-02
   5578.2460470462165        2.45750826E-02   1.07549531E-02
   5579.8194068930497        9.65695735E-03   9.59545653E-03
   5581.3928458895989        1.46513870E-02   6.11057598E-03
   5582.9663638967704        2.39048116E-02   5.00493450E-03
   5584.5399607754689        2.72690579E-02   4.87590814E-03
   5586.1136363865990        1.93182584E-02   4.65432648E-03
   5587.6873905910661        2.18994264E-02   4.65035765E-03
   5589.2612232497759        1.60009675E-02   4.49555367E-03
   5590.8351342236328        1.61376912E-02   4.57900530E-03
   5592.4091233735389        1.40359960E-02   4.57527116E-03
   5593.9831905604024        2.09311564E-02   4.67623025E-03
   5595.5573356451278        2.18268335E-02   4.76247864E-03
   5597.1315584886188        1.79514587E-02   4.68049943E-03
   5598.7058589517810        2.47521419E-02   4.78745252E-03
   5600.2802368955190        2.96017192E-02   4.89405124E-03
   5601.8546921807374        2.29456015E-02   4.68108756E-03
   5603.4292246683417        2.28873082E-02   4.79033636E-03
   5605.0038342192365        2.20330562E-02   4.82633850E-03
   5606.5785206943274        1.48575082E-02   4.72382037E-03
   5608.1532839545162        1.99189745E-02   4.84760758E-03
   5609.7281238607120        2.36389320E-02   4.90850722E-03
   5611.3030402738177        2.88154706E-02   4.96362057E-03
   5612.8780330547379        2.12641004E-02   4.80612554E-03
   5614.4531020643772        1.42365200E-02   4.56084264E-03
   5616.0282471636419        2.36254297E-02   4.72175051E-03
   5617.6034682134359        1.79639645E-02   4.65972070E-03
   5619.1787650746646        2.64016092E-02   4.87940013E-03
   5620.7541376082318        2.16758102E-02   4.78207786E-03
   5622.3295856750437        1.61823258E-02   4.72395634E-03
   5623.9051091360043        1.53345829E-02   4.65232925E-03
   5625.4807078520198        1.84698757E-02   4.76305746E-03
   5627.0563816839931        2.10423861E-02   4.82044416E-03
   5628.6321304928306        2.22819541E-02   4.86316904E-03
   5630.2079541394360        2.50692852E-02   4.92297485E-03
   5631.7838524847148        2.13609096E-02   4.91239456E-03
   5633.3598253895716        2.21976731E-02   4.86514578E-03
   5634.9358727149120        2.01194584E-02   4.81405901E-03
   5636.5119943216405        2.53588706E-02   4.91662836E-03
   5638.0881900706609        1.17341150E-02   4.68930462E-03
   5639.6644598228804        1.75731499E-02   4.75759804E-03
   5641.2408034392029        1.92811247E-02   4.84076608E-03
   5642.8172207805310        3.23166549E-02   5.00126928E-03
   5644.3937117077730        1.83448363E-02   4.79041832E-03
   5645.9702760818309        1.53163206E-02   4.77506034E-03
   5647.5469137636119        2.58763283E-02   4.99569252E-03
   5649.1236246140197        1.57570243E-02   4.79259202E-03
   5650.7004084939599        2.16056462E-02   4.88422439E-03
   5652.2772652643353        1.56815555E-02   4.79896832E-03
   5653.8541947860540        2.30967309E-02   4.87788068E-03
   5655.4311969200180        2.33942587E-02   4.84853517E-03
   5657.0082715271337        2.23684032E-02   4.81776241E-03
   5658.5854184683067        2.65903212E-02   4.89716278E-03
   5660.1626376044396        1.63838416E-02   4.69883159E-03
   5661.7399287964381        1.88049097E-02   4.77443077E-03
   5663.3172919052085        3.38288397E-02   5.09073865E-03
   5664.8947267916546        2.71956641E-02   5.01864776E-03
   5666.4722333166819        2.22976170E-02   4.94929077E-03
   5668.0498113411932        1.89955980E-02   4.82877297E-03
   5669.6274607260957        2.58565806E-02   4.96831071E-03
   5671.2051813322942        1.90048665E-02   4.87309089E-03
   5672.7829730206913        2.01585088E-02   4.89573833E-03
   5674.3608356521945        2.59876791E-02   5.01544541E-03
   5675.9387690877074        1.71742719E-02   4.88092937E-03
   5677.5167731881347        1.71912573E-02   4.87309741E-03
   5679.0948478143819        2.12994236E-02   4.94443811E-03
   5680.6729928273526        1.75245460E-02   4.86342330E-03
   5682.2512080879542        1.78114530E-02   4.82045300E-03
   5683.8294934570886        2.12508775E-02   4.89076553E-03
   5685.4078487956631        2.31815558E-02   4.94967122E-03
   5686.9862739645823        1.39510613E-02   4.72475775E-03
   5688.5647688247491        1.86444335E-02   4.83646384E-03
   5690.1433332370698        2.02307943E-02   4.89051919E-03
   5691.7219670624490        1.99094042E-02   4.91118385E-03
   5693.3006701617924        2.45526880E-02   5.03158243E-03
   5694.8794423960053        2.18392815E-02   4.99366317E-03
   5696.4582836259888        2.55360901E-02   5.11527807E-03
   5698.0371937126520        1.53124928E-02   4.84639127E-03
   5699.6161725168977        2.31870208E-02   4.98057157E-03
   5701.1952198996323        2.06967816E-02   4.95005585E-03
   5702.7743357217587        1.77981351E-02   4.88383695E-03
   5704.3535198441823        2.47654784E-02   5.06067602E-03
   5705.9327721278096        2.18269266E-02   4.87444689E-03
   5707.5120924335433        1.40842283E-02   4.82777320E-03
   5709.0914806222900        1.42756449E-02   4.71231015E-03
   5710.6709365549532        1.57605670E-02   4.76795528E-03
   5712.2504600924394        1.86825208E-02   4.88608703E-03
   5713.8300510956515        1.31924190E-02   4.78779338E-03
   5715.4097094254967        1.03311818E-02   4.75257635E-03
   5716.9894349428769        1.68036893E-02   4.96167876E-03
   5718.5692275086994        2.14933027E-02   5.03384462E-03
   5720.1490869838690        1.62622426E-02   4.94164973E-03
   5721.7290132292883        2.35130340E-02   5.15283365E-03
   5723.3090061058638        2.34557856E-02   5.08179422E-03
   5724.8890654745010        1.99291445E-02   5.08226082E-03
   5726.4691911961045        2.34304219E-02   5.14755258E-03
   5728.0493831315780        2.90139578E-02   5.23138419E-03
   5729.6296411418289        2.45903153E-02   5.12246974E-03
   5731.2099650877581        2.28742994E-02   5.12941089E-03
   5732.7903548302738        3.00560351E-02   5.20456582E-03
   5734.3708102302789        1.53652830E-02   4.91723651E-03
   5735.9513311486808        2.53632385E-02   5.16390847E-03
   5737.5319174463812        2.64363978E-02   5.13314037E-03
   5739.1125689842875        2.65090205E-02   5.19213034E-03
   5740.6932856233025        2.69609559E-02   5.21972822E-03
   5742.2740672243326        1.05499653E-02   4.82445536E-03
   5743.8549136482825        1.12588126E-02   4.85547306E-03
   5745.4358247560576        2.10191663E-02   5.07334387E-03
   5747.0168004085608        1.91765800E-02   5.00436267E-03
   5748.5978404666976        1.88196432E-02   4.97068837E-03
   5750.1789447913743        2.71667801E-02   5.13303373E-03
   5751.7601132434947        1.72043089E-02   5.00063132E-03
   5753.3413456839635        1.94099657E-02   4.98522585E-03
   5754.9226419736870        1.64487623E-02   4.91295755E-03
   5756.5040019735688        1.29404701E-02   4.87500755E-03
   5758.0854255445138        1.62262246E-02   4.98087518E-03
   5759.6669125474273        2.58321557E-02   5.15903113E-03
   5761.2484628432130        1.97995286E-02   5.04883891E-03
   5762.8300762927774        1.75001491E-02   4.91486024E-03
   5764.4117527570243        1.46163097E-02   4.94557526E-03
   5765.9934920968599        2.40457412E-02   5.15048299E-03
   5767.5752941731871        2.36592870E-02   5.11805667E-03
   5769.1571588469124        1.49922241E-02   4.97561088E-03
   5770.7390859789402        1.91310812E-02   5.07008098E-03
   5772.3210754301745        2.30163280E-02   5.14902687E-03
   5773.9031270615224        2.35185679E-02   5.13782538E-03
   5775.4852407338867        1.30343400E-02   4.93800780E-03
   5777.0674163081721        2.78056897E-02   5.21510327E-03
   5778.6496536452851        2.21149419E-02   5.07088890E-03
   5780.2319526061292        1.82814002E-02   5.04127378E-03
   5781.8143130516100        2.33596321E-02   5.13263745E-03
   5783.3967348426331        1.22602396E-02   4.83137229E-03
   5784.9792178401012        2.85376143E-02   5.17678680E-03
   5786.5617619049217        2.42542531E-02   5.09167928E-03
   5788.1443668979973        2.14194916E-02   5.12717851E-03
   5789.7270326802336        2.27252338E-02   5.11985645E-03
   5791.3097591125370        2.14145519E-02   5.06707467E-03
   5792.8925460558094        1.06738312E-02   4.87524876E-03
   5794.4753933709580        1.39626497E-02   4.99571161E-03
   5796.0583009188877        1.83211826E-02   5.05849253E-03
   5797.6412685605019        1.30375335E-02   4.93255677E-03
   5799.2242961567072        1.98878236E-02   5.08559076E-03
   5800.8073835684063        2.25419179E-02   5.20027615E-03
   5802.3905306565066        2.39682551E-02   5.16897207E-03
   5803.9737372819109        1.44240083E-02   4.98856185E-03
   5805.5570033055246        1.75592136E-02   5.07971551E-03
   5807.1403285882534        1.90243423E-02   5.05801709E-03
   5808.7237129910009        2.55160611E-02   5.27617848E-03
   5810.3071563746735        2.72835847E-02   5.30302851E-03
   5811.8906586001758        2.30360739E-02   5.25344443E-03
   5813.4742195284116        2.21005250E-02   5.19776205E-03
   5815.0578390202854        1.44983940E-02   5.01347333E-03
   5816.6415169367037        1.67004578E-02   5.05488785E-03
   5818.2252531385711        2.21785232E-02   5.15214307E-03
   5819.8090474867913        1.72909647E-02   5.13033383E-03
   5821.3928998422698        1.52957430E-02   5.05080214E-03
   5822.9768100659121        1.29561201E-02   5.00495266E-03
   5824.5607780186219        1.76203474E-02   5.16026840E-03
   5826.1448035613057        2.54699513E-02   5.26507758E-03
   5827.7288865548662        1.15582664E-02   5.01536159E-03
   5829.3130268602108        2.37289965E-02   5.24021359E-03
   5830.8972243382423        1.14820842E-02   5.00545930E-03
   5832.4814788498679        1.02040330E-02   4.96046897E-03
   5834.0657902559888        2.37388685E-02   5.30770607E-03
   5835.6501584175130        1.08393170E-02   4.97665629E-03
   5837.2345831953444        1.89378839E-02   5.19862073E-03
   5838.8190644503875        1.77989770E-02   5.17079094E-03
   5840.4036020435478        1.79508459E-02   5.18470351E-03
   5841.9881958357300        2.08935719E-02   5.26504824E-03
   5843.5728456878387        2.47247852E-02   5.37506538E-03
   5845.1575514607794        2.88051125E-02   5.36627974E-03
   5846.7423130154557        1.41992336E-02   5.10339392E-03
   5848.3271302127741        2.52396110E-02   5.33687975E-03
   5849.9120029136375        3.04258764E-02   5.44517720E-03
   5851.4969309789531        2.92234439E-02   5.42453071E-03
   5853.0819142696246        3.45054604E-02   5.52678527E-03
   5854.6669526465566        3.14542763E-02   5.47388289E-03
   5856.2520459706539        2.87998952E-02   5.32428408E-03
   5857.8371941028227        3.30209322E-02   5.43949567E-03
   5859.4223969039649        3.08980979E-02   5.39090578E-03
   5861.0076542349898        2.42563989E-02   5.31304348E-03
   5862.5929659567983        3.42118442E-02   5.61049161E-03
   5864.1783319302976        4.13167924E-02   5.69777144E-03
   5865.7637520163926        2.88525578E-02   5.61545137E-03
   5867.3492260759858        2.48637442E-02   5.45817381E-03
   5868.9347539699838        2.39738170E-02   5.47084538E-03
   5870.5203355592921        2.93616392E-02   5.48814284E-03
   5872.1059707048162        2.74425838E-02   5.46035264E-03
   5873.6916592674570        3.46818082E-02   5.60679054E-03
   5875.2774011081237        2.85242498E-02   5.52947028E-03
   5876.8631960877183        2.48107594E-02   5.34100551E-03
   5878.4490440671480        3.17625217E-02   5.48125431E-03
   5880.0349449073146        4.04415391E-02   5.69052622E-03
   5881.6208984691275        3.95069979E-02   5.66263497E-03
   5883.2069046134866        3.22270431E-02   5.51507669E-03
   5884.7929632013011        1.92345046E-02   5.29288920E-03
   5886.3790740934719        3.71796228E-02   5.77157456E-03
   5887.9652371509083        2.92237885E-02   5.99766476E-03
   5889.5514522345111        3.46250497E-02   6.31098868E-03
   5891.1377192051868        3.68194468E-02   6.35203207E-03
   5892.7240379238410        2.75152531E-02   5.88446716E-03
   5894.3104082513782        4.30528224E-02   6.13558758E-03
   5895.8968300487013        3.10578309E-02   5.91657823E-03
   5897.4833031767184        3.74220312E-02   6.06681127E-03
   5899.0698274963333        2.72699315E-02   5.61972568E-03
   5900.6564028684479        2.75398344E-02   5.46094915E-03
   5902.2430291539713        2.26774625E-02   5.34817623E-03
   5903.8297062138072        3.41533236E-02   5.65716997E-03
   5905.4164339088584        2.48360112E-02   5.45888906E-03
   5907.0032121000322        3.69862579E-02   5.66571485E-03
   5908.5900406482324        2.36513708E-02   5.47004445E-03
   5910.1769194143644        2.21405569E-02   5.36946533E-03
   5911.7638482593320        2.38915309E-02   5.46282483E-03
   5913.3508270440416        2.19405405E-02   5.35457768E-03
   5914.9378556293968        1.86204631E-02   5.27529884E-03
   5916.5249338763024        1.96090732E-02   5.37522975E-03
   5918.1120616456647        2.73828227E-02   5.61356964E-03
   5919.6992387983883        2.87232846E-02   5.52843232E-03
   5921.2864651953760        2.47572437E-02   5.47795370E-03
   5922.8737406975351        2.02510804E-02   5.35615068E-03
   5924.4610651657686        2.18455158E-02   5.42656425E-03
   5926.0484384609836        2.18454227E-02   5.38481493E-03
   5927.6358604440820        2.66157258E-02   5.54028340E-03
   5929.2233309759722        2.33235322E-02   5.48103917E-03
   5930.8108499175560        1.76431835E-02   5.32383751E-03
   5932.3984171297398        1.72026120E-02   5.33196470E-03
   5933.9860324734282        2.42870897E-02   5.61382715E-03
   5935.5736958095258        1.71025228E-02   5.35565615E-03
   5937.1614069989391        1.35886073E-02   5.29516861E-03
   5938.7491659025700        2.41436381E-02   5.48615260E-03
   5940.3369723813257        1.49923982E-02   5.34000527E-03
   5941.9248262961100        2.91200858E-02   5.56382304E-03
   5943.5127275078275        1.98781937E-02   5.46970265E-03
   5945.1006758773847        1.37416478E-02   5.35872020E-03
   5946.6886712656842        2.44293027E-02   5.48818894E-03
   5948.2767135336344        2.23445017E-02   5.45330252E-03
   5949.8648025421362        2.29151417E-02   5.43678040E-03
   5951.4529381520979        2.43762378E-02   5.50592132E-03
   5953.0411202244204        2.66371109E-02   5.62290242E-03
   5954.6293486200129        2.74883863E-02   5.57604060E-03
   5956.2176231997755        1.88327450E-02   5.45297842E-03
   5957.8059438246191        2.01104917E-02   5.44353155E-03
   5959.3943103554438        2.40885131E-02   5.54586854E-03
   5960.9827226531561        2.25506425E-02   5.46588423E-03
   5962.5711805786605        1.19012780E-02   5.30059170E-03
   5964.1596839928625        3.64135019E-02   5.79421083E-03
   5965.7482327566659        1.04626119E-02   5.32567967E-03
   5967.3368267309761        2.33525932E-02   5.46966586E-03
   5968.9254657766996        1.62028503E-02   5.42242453E-03
   5970.5141497547384        1.63862165E-02   5.45381336E-03
   5972.1028785259987        8.45021848E-03   5.29283797E-03
   5973.6916519513870        2.75081657E-02   5.68236038E-03
   5975.2804698918053        1.42285628E-02   5.37132192E-03
   5976.8693322081599        1.48686087E-02   5.37193054E-03
   5978.4582387613564        2.33432911E-02   5.59634063E-03
   5980.0471894122984        2.41931863E-02   5.60778659E-03
   5981.6361840218915        1.91494245E-02   5.48032252E-03
   5983.2252224510394        2.67319344E-02   5.57059981E-03
   5984.8143045606485        2.17421968E-02   5.50638186E-03
   5986.4034302116233        1.81385521E-02   5.36891865E-03
   5987.9925992648687        2.55431607E-02   5.57703106E-03
   5989.5818115812881        2.77770236E-02   5.63914562E-03
   5991.1710670217881        1.94234978E-02   5.57018211E-03
   5992.7603654472732        3.05530392E-02   5.69268968E-03
   5994.3497067186481        2.19571888E-02   5.53771947E-03
   5995.9390906968183        1.19478432E-02   5.26355393E-03
   5997.5285172426875        3.52053419E-02   5.79168042E-03
   5999.1179862171612        1.76730286E-02   5.51721128E-03
   6000.7074974811449        1.98142938E-02   5.48424060E-03
   6002.2970508955423        3.25982012E-02   5.77156898E-03
   6003.8866463212589        1.30743291E-02   5.33233257E-03
   6005.4762836191994        1.52921425E-02   5.37745422E-03
   6007.0659626502675        2.03256775E-02   5.48556447E-03
   6008.6556832753713        1.60048082E-02   5.36706299E-03
   6010.2454453554137        2.04778966E-02   5.48026897E-03
   6011.8352487512984        2.21559759E-02   5.62750036E-03
   6013.4250933239309        1.99206620E-02   5.59406308E-03
   6015.0149789342186        2.53282394E-02   5.60145220E-03
   6016.6049054430632        1.93295795E-02   5.54699870E-03
   6018.1948727113713        2.18345672E-02   5.56037854E-03
   6019.7848806000466        1.35551887E-02   5.38151292E-03
   6021.3749289699945        1.72371995E-02   5.42544015E-03
   6022.9650176821206        2.87466366E-02   5.72113600E-03
   6024.5551465973285        1.72370281E-02   5.45978453E-03
   6026.1453155765248        2.04868745E-02   5.51181287E-03
   6027.7355244806122        2.81595774E-02   5.74324885E-03
   6029.3257731704971        2.22068485E-02   5.64088300E-03
   6030.9160615070841        2.07464341E-02   5.57833491E-03
   6032.5063893512779        1.26638589E-02   5.39025106E-03
   6034.0967565639839        2.22712383E-02   5.68089681E-03
   6035.6871630061069        1.87619422E-02   5.61686372E-03
   6037.2776085385494        1.31463334E-02   5.48322359E-03
   6038.8680930222199        2.66368855E-02   5.75579563E-03
   6040.4586163180220        1.60908662E-02   5.52501855E-03
   6042.0491782868585        1.08650196E-02   5.49449725E-03
   6043.6397787896376        1.92675292E-02   5.62169356E-03
   6045.2304176872622        1.86082441E-02   5.50951203E-03
   6046.8210948406368        2.22325772E-02   5.70686627E-03
   6048.4118101106678        2.50078700E-02   5.72202215E-03
   6050.0025633582591        1.48169305E-02   5.57751907E-03
   6051.5933544443151        1.79352164E-02   5.61624998E-03
   6053.1841832297414        1.88271627E-02   5.62108075E-03
   6054.7750495754426        1.47840325E-02   5.49097173E-03
   6056.3659533423242        2.97599752E-02   5.88032743E-03
   6057.9568943912918        2.37555690E-02   5.72443800E-03
   6059.5478725832472        8.20827670E-03   5.44411736E-03
   6061.1388877790987        3.45324576E-02   5.94348786E-03
   6062.7299398397499        1.21814692E-02   5.44854533E-03
   6064.3210286261037        2.59661954E-02   5.81129221E-03
   6065.9121539990683        2.01282054E-02   5.62311476E-03
   6067.5033158195465        2.32884772E-02   5.70683740E-03
   6069.0945139484438        1.81476679E-02   5.64248813E-03
   6070.6857482466648        1.98340490E-02   5.71105722E-03
   6072.2770185751151        2.61027571E-02   5.79593610E-03
   6073.8683247946974        2.55585685E-02   5.79701224E-03
   6075.4596667663191        1.98517162E-02   5.63397026E-03
   6077.0510443508847        2.08964553E-02   5.69608202E-03
   6078.6424574092980        1.79440770E-02   5.59325702E-03
   6080.2339058024654        1.94258466E-02   5.64351305E-03
   6081.8253893912888        2.23890096E-02   5.69776958E-03
   6083.4169080366764        2.23524682E-02   5.67132933E-03
   6085.0084615995311        1.60469729E-02   5.57833258E-03
   6086.6000499407601        2.28879582E-02   5.72270527E-03
   6088.1916729212653        1.94967519E-02   5.56863751E-03
   6089.7833304019532        2.35949252E-02   5.75185660E-03
   6091.3750222437284        1.97279528E-02   5.66666666E-03
   6092.9667483074954        1.67473834E-02   5.65002253E-03
   6094.5585084541590        1.26144942E-02   5.55466814E-03
   6096.1503025446254        1.44282291E-02   5.61635615E-03
   6097.7421304397976        2.05045342E-02   5.74466214E-03
   6099.3339920005819        1.63123328E-02   5.62686240E-03
   6100.9258870878830        2.11238191E-02   5.67605719E-03
   6102.5178155626054        2.01316532E-02   5.62128052E-03
   6104.1097772856529        2.27211602E-02   5.65770408E-03
   6105.7017721179327        2.04030443E-02   5.69699844E-03
   6107.2937999203477        2.26225313E-02   5.75523032E-03
   6108.8858605538044        2.59488598E-02   5.84068848E-03
   6110.4779538792063        2.90070884E-02   5.86489774E-03
   6112.0700797574591        2.70852409E-02   5.86086558E-03
   6113.6622380494673        6.12428738E-03   5.49111934E-03
   6115.2544286161365        7.58181140E-03   5.45012252E-03
   6116.8466513183694        2.36846581E-02   5.75053599E-03
   6118.4389060170743        1.80566479E-02   5.68618393E-03
   6120.0311925731539        1.36876591E-02   5.57287317E-03
   6121.6235108475121        1.67770777E-02   5.56314737E-03
   6123.2158607010551        1.73352771E-02   5.66269364E-03
   6124.8082419946895        2.68761665E-02   5.80466399E-03
   6126.4006545893171        1.42774079E-02   5.58095751E-03
   6127.9930983458444        2.74022333E-02   5.92590356E-03
   6129.5855731251759        2.26472747E-02   5.80880046E-03
   6131.1780787882162        2.99760979E-02   5.93284285E-03
   6132.7706151958710        3.01063545E-02   5.92477480E-03
   6134.3631822090447        2.57807150E-02   5.84256416E-03
   6135.9557796886420        1.58082638E-02   5.56959026E-03
   6137.5484074955666        2.54347809E-02   5.76193538E-03
   6139.1410654907268        1.74655970E-02   5.61808003E-03
   6140.7337535350243        1.11881141E-02   5.57720009E-03
   6142.3264714893658        1.53567325E-02   5.64297335E-03
   6143.9192192146538        1.79060493E-02   5.75525034E-03
   6145.5119965717968        1.62345096E-02   5.70480945E-03
   6147.1048034216965        1.91322844E-02   5.76994196E-03
   6148.6976396252594        1.97284985E-02   5.76941390E-03
   6150.2905050433892        1.31452167E-02   5.64772263E-03
   6151.8833995369923        3.01451664E-02   6.00619288E-03
   6153.4763229669734        2.98118386E-02   5.98145323E-03
   6155.0692751942352        1.97523069E-02   5.76553866E-03
   6156.6622560796850        2.38458477E-02   5.84926317E-03
   6158.2552654842266        1.52333900E-02   5.64037450E-03
   6159.8483032687654        2.15044376E-02   5.76936174E-03
   6161.4413692942053        2.04624515E-02   5.68966893E-03
   6163.0344634214525        1.79569200E-02   5.59974462E-03
   6164.6275855114118        1.77609622E-02   5.64520201E-03
   6166.2207354249867        2.41176561E-02   5.83464978E-03
   6167.8139130230820        1.89368818E-02   5.73257310E-03
   6169.4071181666050        1.13311596E-02   5.50027704E-03
   6171.0003507164583        2.35617068E-02   5.84542891E-03
   6172.5936105335477        1.40898665E-02   5.76045737E-03
   6174.1868974787776        1.52781969E-02   5.71283093E-03
   6175.7802114130536        1.80345718E-02   5.81873627E-03
   6177.3735521972803        1.02005266E-02   5.57206618E-03
   6178.9669196923614        4.86103678E-03   5.52762439E-03
   6180.5603137592025        2.37520970E-02   5.92678180E-03
   6182.1537342587098        2.16307361E-02   5.89636341E-03
   6183.7471810517864        1.30645502E-02   5.72504802E-03
   6185.3406539993393        2.14654002E-02   5.95425814E-03
   6186.9341529622707        2.75074299E-02   6.01595175E-03
   6188.5276778014859        1.65229868E-02   5.78616885E-03
   6190.1212283778923        2.29425095E-02   5.93398325E-03
   6191.7148045523918        2.99455822E-02   6.09498797E-03
   6193.3084061858917        2.07868237E-02   5.82326110E-03
   6194.9020331392958        2.24573966E-02   5.96711645E-03
   6196.4956852735077        1.67999417E-02   5.83031774E-03
   6198.0893624494347        3.50292139E-02   6.19934220E-03
   6199.6830645279797        2.19380390E-02   5.95611194E-03
   6201.2767913700500        2.59555280E-02   5.99572575E-03
   6202.8705428365465        1.36549948E-02   5.78160724E-03
   6204.4643187883785        2.42050160E-02   6.11319067E-03
   6206.0581190864468        1.44887241E-02   5.83312754E-03
   6207.6519435916589        2.82634068E-02   6.10751146E-03
   6209.2457921649193        2.06307266E-02   5.94091369E-03
   6210.8396646671335        3.20109800E-02   1.03705553E-02
   6212.4335609592044        4.60182764E-02   8.58981255E-03
   6214.0274809020366        2.26177070E-02   5.95420646E-03
   6215.6214243565391        2.08655242E-02   5.90976141E-03
   6217.2153911836122        1.54976947E-02   5.77580929E-03
   6218.8093812441639        2.06712466E-02   5.91968652E-03
   6220.4033943990962        2.96277106E-02   6.21623313E-03
   6221.9974305093165        2.53466461E-02   6.08127378E-03
   6223.5914894357284        2.22540833E-02   6.11606194E-03
   6225.1855710392374        2.03040969E-02   5.96394995E-03
   6226.7796751807482        1.49128595E-02   5.89663815E-03
   6228.3738017211645        1.16032576E-02   5.74173685E-03
   6229.9679505213926        1.76321398E-02   5.88628836E-03
   6231.5621214423372        1.98915564E-02   5.94885740E-03
   6233.1563143449030        1.49119552E-02   5.99339139E-03
   6234.7505290899953        3.36142369E-02   6.50817435E-03
   6236.3447655385180        2.23626979E-02   6.20545633E-03
   6237.9390235513765        1.39252571E-02   6.00223430E-03
   6239.5333029894755        2.23824289E-02   6.14118669E-03
   6241.1276037137213        2.60716863E-02   6.17086422E-03
   6242.7219255850150        3.11270468E-02   6.40411535E-03
   6244.3162684642666        2.33115330E-02   6.03869651E-03
   6245.9106322123771        2.33272165E-02   6.12925040E-03
   6247.5050166902529        2.10454632E-02   6.01751171E-03
   6249.0994217587977        1.99585333E-02   6.02328591E-03
   6250.6938472789179        2.71949563E-02   6.15011575E-03
   6252.2882931115182        1.86863896E-02   5.91169018E-03
   6253.8827591175032        2.56932341E-02   6.09899778E-03
   6255.4772451577765        2.37780474E-02   6.17349148E-03
   6257.0717510932454        1.13677690E-02   6.07334869E-03
   6258.6662767848129        3.12252771E-02   6.42282562E-03
   6260.2608220933835        1.39902001E-02   6.09150808E-03
   6261.8553868798654        1.76135991E-02   6.11494482E-03
   6263.4499710051587        1.50320819E-02   6.09615166E-03
   6265.0445743301716        9.48743336E-03   5.90691902E-03
   6266.6391967158079        2.03776397E-02   6.26079598E-03
   6268.2338380229730        2.98638158E-02   6.38980186E-03
   6269.8284981125707        2.88207382E-02   6.26668474E-03
   6271.4231768455065        2.21953224E-02   6.32110937E-03
   6273.0178740826868        2.68920530E-02   6.23093219E-03
   6274.6125896850135        2.51943488E-02   6.31940365E-03
   6276.2073235133930        2.11646780E-02   6.19315263E-03
   6277.8020754287309        1.73219014E-02   5.95406163E-03
   6279.3968452919316        2.56415885E-02   6.14737812E-03
   6280.9916329638982        1.50905754E-02   5.96826850E-03
   6282.5864383055386        1.01518854E-02   5.89786656E-03
   6284.1812611777568        7.57794641E-03   6.00077445E-03
   6285.7761014414555        1.78763345E-02   6.28694519E-03
   6287.3709589575410        1.07790977E-02   6.26366073E-03
   6288.9658335869190        2.83126365E-02   6.54871576E-03
   6290.5607251904930        3.13685387E-02   6.48173364E-03
