   3855.2250734323820        2.71743797E-02   6.94963476E-03
   3856.6151151834479        3.66083719E-02   7.11428560E-03
   3858.0053961827120        2.05714274E-02   6.34312537E-03
   3859.3959162910801        3.80110852E-02   6.78793853E-03
   3860.7866753694566        1.98510792E-02   6.23921957E-03
   3862.1776732787462        4.00952511E-02   7.11781299E-03
   3863.5689098798534        1.58712920E-02   6.61407039E-03
   3864.9603850336844        2.04186942E-02   6.73417933E-03
   3866.3520986011422        2.33455058E-02   6.70889672E-03
   3867.7440504431333        2.56848559E-02   6.72578672E-03
   3869.1362404205620        3.07923835E-02   6.70918263E-03
   3870.5286683943327        2.17074528E-02   6.25185668E-03
   3871.9213342253511        2.69763041E-02   6.23811921E-03
   3873.3142377745221        3.47970165E-02   6.64489204E-03
   3874.7073789027495        1.86640304E-02   6.39023865E-03
   3876.1007574709392        3.84358428E-02   6.97565405E-03
   3877.4943733399955        3.43745165E-02   6.74270093E-03
   3878.8882263708238        2.26856470E-02   6.26770267E-03
   3880.2823164243282        3.62059362E-02   6.49593677E-03
   3881.6766433614148        3.62433083E-02   6.48558838E-03
   3883.0712070429877        4.30729054E-02   6.63333479E-03
   3884.4660073299515        3.79726440E-02   6.46812795E-03
   3885.8610440832117        3.60801741E-02   6.47113239E-03
   3887.2563171636730        2.07113791E-02   5.89082390E-03
   3888.6518264322399        2.55237985E-02   5.97669091E-03
   3890.0475717498175        2.90758908E-02   6.24095835E-03
   3891.4435529773109        2.21822616E-02   6.09808415E-03
   3892.8397699756247        3.55752371E-02   6.65132003E-03
   3894.2362226056644        3.18755731E-02   6.54786965E-03
   3895.6329107283341        2.11918596E-02   6.22954080E-03
   3897.0298342045389        2.41315626E-02   6.34521665E-03
   3898.4269928951835        2.85282712E-02   6.51214039E-03
   3899.8243866611733        2.94247940E-02   6.50732312E-03
   3901.2220153634134        2.55710594E-02   6.23580348E-03
   3902.6198788628076        3.83667126E-02   6.51889388E-03
   3904.0179770202612        2.45098565E-02   5.97843155E-03
   3905.4163096966795        3.51129472E-02   6.20493386E-03
   3906.8148767529674        2.98014507E-02   6.15705410E-03
   3908.2136780500291        3.28344852E-02   6.34378148E-03
   3909.6127134487701        3.05468068E-02   6.38233637E-03
   3911.0119828100947        2.57076547E-02   6.33532088E-03
   3912.4114859949086        9.60743520E-03   5.86062344E-03
   3913.8112228641162        3.85260582E-02   6.54275203E-03
   3915.2111932786224        2.24333089E-02   6.13849889E-03
   3916.6113970993320        2.70202328E-02   6.17083674E-03
   3918.0118341871498        2.66182907E-02   6.02031546E-03
   3919.4125044029811        3.29400413E-02   6.08839095E-03
   3920.8134076077304        2.85262335E-02   5.77454688E-03
   3922.2145436623027        2.20093112E-02   5.58581296E-03
   3923.6159124276028        1.81314293E-02   5.47806593E-03
   3925.0175137645360        2.38785632E-02   5.55096846E-03
   3926.4193475340062        2.32836846E-02   5.47937956E-03
   3927.8214135969197        2.82963049E-02   5.23452973E-03
   3929.2237118141802        2.74775941E-02   5.06530609E-03
   3930.6262420466928        3.52424011E-02   4.87706065E-03
   3932.0290041553631        2.60186885E-02   4.48138779E-03
   3933.4319980010951        2.41365954E-02   4.30859858E-03
   3934.8352234447939        3.22958156E-02   4.44133999E-03
   3936.2386803473646        2.70433407E-02   4.47419658E-03
   3937.6423685697118        1.88100059E-02   4.45951428E-03
   3939.0462879727406        2.89661381E-02   5.09360107E-03
   3940.4504384173565        3.48693877E-02   5.42006642E-03
   3941.8548197644627        2.19893940E-02   5.11605805E-03
   3943.2594318749661        3.96961868E-02   5.62530383E-03
   3944.6642746097700        2.89118849E-02   5.39519591E-03
   3946.0693478297799        3.77699919E-02   5.73717104E-03
   3947.4746513959003        2.89509166E-02   5.60520962E-03
   3948.8801851690368        1.87662393E-02   5.54242125E-03
   3950.2859490100941        3.36294696E-02   5.88487228E-03
   3951.6919427799771        2.96932161E-02   5.74872037E-03
   3953.0981663395901        3.88289765E-02   6.00604527E-03
   3954.5046195498380        3.39696109E-02   5.87408803E-03
   3955.9113022716260        2.91522071E-02   5.71867730E-03
   3957.3182143658596        2.54184697E-02   5.60644548E-03
   3958.7253556934429        1.99068207E-02   5.50993113E-03
   3960.1327261152810        2.82984618E-02   5.50402235E-03
   3961.5403254922780        3.99990082E-02   5.65136131E-03
   3962.9481536853405        2.30689403E-02   5.05121564E-03
   3964.3562105553715        2.55415328E-02   4.73068422E-03
   3965.7644959632771        2.42548771E-02   4.59046708E-03
   3967.1730097699624        3.08388937E-02   4.58487822E-03
   3968.5817518363310        2.79425550E-02   4.30090399E-03
   3969.9907220232890        2.45391019E-02   4.19262378E-03
   3971.3999201917404        2.34583914E-02   4.33791149E-03
   3972.8093462025909        3.06102987E-02   4.81566554E-03
   3974.2189999167445        2.56578512E-02   4.91615105E-03
   3975.6288811951072        2.68663205E-02   5.15898271E-03
   3977.0389898985827        2.75525935E-02   5.48199797E-03
   3978.4493258880761        2.94323154E-02   5.60513930E-03
   3979.8598890244930        1.97761673E-02   5.50489314E-03
   3981.2706791687374        2.25280114E-02   5.62432734E-03
   3982.6816961817149        3.10366265E-02   5.74197527E-03
   3984.0929399243305        2.37403959E-02   5.53125283E-03
   3985.5044102574884        3.15372497E-02   5.65464515E-03
   3986.9161070420937        3.30334231E-02   5.83661394E-03
   3988.3280301390514        2.44221445E-02   5.60243288E-03
   3989.7401794092661        3.06123514E-02   5.78323705E-03
   3991.1525547136434        2.36837100E-02   5.72275976E-03
   3992.5651559130874        1.92612316E-02   5.60800359E-03
   3993.9779828685032        1.73245762E-02   5.56265935E-03
   3995.3910354407958        2.19554435E-02   5.59220556E-03
   3996.8043134908698        1.91625636E-02   5.44332573E-03
   3998.2178168796308        1.98936500E-02   5.52480156E-03
   3999.6315454679830        1.95515379E-02   5.52458363E-03
   4001.0454991168313        2.58168019E-02   5.77212777E-03
   4002.4596776870808        3.02413125E-02   5.90101769E-03
   4003.8740810396362        3.22106108E-02   5.78325847E-03
   4005.2887090354029        3.01629864E-02   5.66846924E-03
   4006.7035615352847        2.85535939E-02   5.62293921E-03
   4008.1186384001880        2.81363241E-02   5.71574923E-03
   4009.5339394910161        3.35303284E-02   5.85180568E-03
   4010.9494646686753        2.95410156E-02   5.77859534E-03
   4012.3652137940694        1.75263789E-02   5.62709663E-03
   4013.7811867281034        2.27677952E-02   5.72660845E-03
   4015.1973833316833        2.20618248E-02   5.69526618E-03
   4016.6138034657124        2.81300507E-02   5.78314532E-03
   4018.0304469910966        2.74543539E-02   5.80298295E-03
   4019.4473137687401        2.41388511E-02   5.76944975E-03
   4020.8644036595488        3.42142247E-02   5.94765134E-03
   4022.2817165244269        3.92780788E-02   5.98523254E-03
   4023.6992522242790        2.33797766E-02   5.64360339E-03
   4025.1170106200098        2.97360253E-02   5.76762715E-03
   4026.5349915725255        4.27690111E-02   6.07921416E-03
   4027.9531949427301        2.82687470E-02   5.79815125E-03
   4029.3716205915284        2.97467951E-02   5.73552446E-03
   4030.7902683798256        2.35117208E-02   5.47614647E-03
   4032.2091381685259        2.09521297E-02   5.23856515E-03
   4033.6282298185356        2.77564432E-02   5.43016987E-03
   4035.0475431907576        3.08669247E-02   5.57364104E-03
   4036.4670781460986        2.31425688E-02   5.51744876E-03
   4037.8868345454625        3.64189595E-02   5.90911135E-03
   4039.3068122497548        2.53004264E-02   5.70494868E-03
   4040.7270111198791        1.76391266E-02   5.50925871E-03
   4042.1474310167418        2.89978851E-02   5.69322612E-03
   4043.5680718012472        2.80855838E-02   5.53444587E-03
   4044.9889333342999        2.02354193E-02   5.13498532E-03
   4046.4100154768053        2.40013991E-02   5.15035214E-03
   4047.8313180896675        3.44015807E-02   5.51995495E-03
   4049.2528410337923        2.14619264E-02   5.47378743E-03
   4050.6745841700840        1.88501123E-02   5.45013603E-03
   4052.0965473594479        1.87256988E-02   5.50753297E-03
   4053.5187304627880        2.14780290E-02   5.45066036E-03
   4054.9411333410103        1.53978700E-02   5.17014647E-03
   4056.3637558550186        1.95870362E-02   5.25541650E-03
   4057.7865978657187        1.75344422E-02   5.12449071E-03
   4059.2096592340154        1.93850435E-02   5.32513345E-03
   4060.6329398208131        1.66446064E-02   5.19965962E-03
   4062.0564394870171        2.87046153E-02   5.39741991E-03
   4063.4801580935314        2.30128318E-02   5.28767845E-03
   4064.9040955012620        2.04756577E-02   5.02545433E-03
   4066.3282515711135        1.98813956E-02   5.13450941E-03
   4067.7526261639905        2.49799564E-02   5.41004864E-03
   4069.1772191407977        2.18796246E-02   5.28000342E-03
   4070.6020303624405        2.91940421E-02   5.42503037E-03
   4072.0270596898235        2.75122281E-02   5.39552234E-03
   4073.4523069838519        2.57032104E-02   5.32309664E-03
   4074.8777721054294        2.93294098E-02   5.43522788E-03
   4076.3034549154627        1.83817577E-02   5.15545718E-03
   4077.7293552748552        2.56754905E-02   5.25098946E-03
   4079.1554730445127        2.47449074E-02   5.19037247E-03
   4080.5818080853396        2.25415230E-02   5.32549340E-03
   4082.0083602582408        1.42692085E-02   5.19652106E-03
   4083.4351294241219        2.71892473E-02   5.49906958E-03
   4084.8621154438865        2.34282315E-02   5.29675372E-03
   4086.2893181784402        2.06286293E-02   5.31849731E-03
   4087.7167374886881        1.72291454E-02   5.28461346E-03
   4089.1443732355347        2.62024570E-02   5.56807313E-03
   4090.5722252798846        3.09736971E-02   5.64501854E-03
   4092.0002934826430        3.04031428E-02   5.54892328E-03
   4093.4285777047153        2.92432792E-02   5.54072764E-03
   4094.8570778070061        2.37356294E-02   5.27323736E-03
   4096.2857936504197        1.68571770E-02   5.11835003E-03
   4097.7147250958615        3.12183350E-02   5.30625088E-03
   4099.1438720042361        2.41230726E-02   5.09072002E-03
   4100.5732342364481        2.74948627E-02   5.00943279E-03
   4102.0028116534040        3.12533267E-02   4.98592015E-03
   4103.4326041160066        2.46284511E-02   4.82308958E-03
   4104.8626114851622        3.00003104E-02   5.17054088E-03
   4106.2928336217747        1.21775502E-02   4.95583983E-03
   4107.7232703867494        2.97361407E-02   5.42474445E-03
   4109.1539216409919        3.19574215E-02   5.46542788E-03
   4110.5847872454060        2.35972777E-02   5.19258343E-03
   4112.0158670608971        2.14869846E-02   5.18407952E-03
   4113.4471609483699        1.98343564E-02   5.25505887E-03
   4114.8786687687289        2.30637994E-02   5.35907783E-03
   4116.3103903828787        3.06677818E-02   5.51050017E-03
   4117.7423256517259        2.42258348E-02   5.32183843E-03
   4119.1744744361749        2.98435017E-02   5.39316004E-03
   4120.6068365971296        1.56079028E-02   5.07757859E-03
   4122.0394119954954        3.11180279E-02   5.39240707E-03
   4123.4722004921759        2.09231321E-02   5.25802234E-03
   4124.9052019480787        1.98916979E-02   5.27326763E-03
   4126.3384162241073        3.43684144E-02   5.49042085E-03
   4127.7718431811654        2.23527700E-02   5.16318483E-03
   4129.2054826801595        3.03563625E-02   5.39182639E-03
   4130.6393345819934        2.53183506E-02   5.15580084E-03
   4132.0733987475733        2.55859550E-02   5.16173616E-03
   4133.5076750378030        2.41456535E-02   5.11549739E-03
   4134.9421633135871        2.51193158E-02   5.18075796E-03
   4136.3768634358312        2.14549471E-02   5.18449768E-03
   4137.8117752654398        2.54584905E-02   5.31464303E-03
   4139.2468986633194        2.52996888E-02   5.37306443E-03
   4140.6822334903718        3.42903472E-02   5.52835409E-03
   4142.1177796075044        3.12388856E-02   5.27687790E-03
   4143.5535368756218        2.39396635E-02   5.06233191E-03
   4144.9895051556268        3.31909768E-02   5.23612462E-03
   4146.4256843084258        3.01812198E-02   5.25156921E-03
   4147.8620741949244        2.24957541E-02   5.16696740E-03
   4149.2986746760271        2.05123704E-02   5.09207370E-03
   4150.7354856126376        2.69070026E-02   5.21530351E-03
   4152.1725068656624        2.04718690E-02   5.04273036E-03
   4153.6097382960061        1.32558057E-02   4.82378434E-03
   4155.0471797645714        3.25743742E-02   5.23430482E-03
   4156.4848311322658        2.34388970E-02   4.95169684E-03
   4157.9226922599937        2.31780037E-02   5.06844465E-03
   4159.3607630086581        2.27689873E-02   5.11305826E-03
   4160.7990432391662        2.94637531E-02   5.30653307E-03
   4162.2375328124217        3.53532284E-02   5.47946757E-03
   4163.6762315893293        2.26590764E-02   5.20321541E-03
   4165.1151394307954        2.41688378E-02   5.26678655E-03
   4166.5542561977227        2.47586239E-02   5.15160942E-03
   4167.9935817510186        3.07485480E-02   5.31484839E-03
   4169.4331159515850        2.56704781E-02   5.16725332E-03
   4170.8728586603293        2.03908011E-02   5.04201325E-03
   4172.3128097381550        1.97587889E-02   4.93227178E-03
   4173.7529690459669        3.33142057E-02   5.16605936E-03
   4175.1933364446713        2.40171440E-02   4.99814097E-03
   4176.6339117951711        2.12185998E-02   4.93364083E-03
   4178.0746949583736        1.83136538E-02   4.89322515E-03
   4179.5156857951824        2.35459302E-02   5.04860235E-03
   4180.9568841665014        2.52747871E-02   5.05114440E-03
   4182.3982899332359        1.35280052E-02   4.73194616E-03
   4183.8399029562916        2.19489429E-02   4.96200519E-03
   4185.2817230965738        2.49032825E-02   5.01256902E-03
   4186.7237502149865        2.54199002E-02   4.95253736E-03
   4188.1659841724340        3.67833599E-02   5.18239243E-03
   4189.6084248298221        2.95249969E-02   5.05080912E-03
   4191.0510720480561        2.65162047E-02   5.05610881E-03
   4192.4939256880398        3.52574773E-02   5.27464971E-03
   4193.9369856106778        3.19697969E-02   5.24325436E-03
   4195.3802516768765        2.59720720E-02   5.08174906E-03
   4196.8237237475396        1.85891036E-02   4.77816630E-03
   4198.2674016835717        2.88724061E-02   4.89201210E-03
   4199.7112853458802        2.88957600E-02   4.88638831E-03
   4201.1553745953661        2.15038154E-02   4.73427959E-03
   4202.5996692929375        2.39794776E-02   4.90298495E-03
   4204.0441692994982        2.72309184E-02   4.94382437E-03
   4205.4888744759528        3.30259278E-02   5.14076138E-03
   4206.9337846832050        2.84267962E-02   5.18960180E-03
   4208.3788997821630        3.00930962E-02   5.15123876E-03
   4209.8242196337278        3.21904533E-02   5.20792045E-03
   4211.2697440988077        2.71765664E-02   5.12205530E-03
   4212.7154730383054        2.40767896E-02   5.02891839E-03
   4214.1614063131265        1.38656767E-02   4.78225015E-03
   4215.6075437841764        2.35462915E-02   4.90990747E-03
   4217.0538853123580        2.32022498E-02   4.82153939E-03
   4218.5004307585787        2.73698270E-02   5.01553342E-03
   4219.9471799837420        2.46028602E-02   5.01023699E-03
   4221.3941328487526        1.70755275E-02   4.83406894E-03
   4222.8412892145161        2.29809787E-02   4.95321397E-03
   4224.2886489419370        1.86682120E-02   4.68166498E-03
   4225.7362118919209        2.64928825E-02   4.62495023E-03
   4227.1839779253714        2.78154202E-02   4.55784705E-03
   4228.6319469031932        2.05450486E-02   4.52302722E-03
   4230.0801186862927        2.85240505E-02   4.90190275E-03
   4231.5284931355745        2.55990829E-02   5.00505697E-03
   4232.9770701119432        2.88757794E-02   4.99359099E-03
   4234.4258494763035        2.27594916E-02   4.82461648E-03
   4235.8748310895598        2.43205186E-02   4.71605221E-03
   4237.3240148126179        2.60292105E-02   4.76003205E-03
   4238.7734005063821        2.56863832E-02   4.75616427E-03
   4240.2229880317573        1.76592730E-02   4.66490444E-03
   4241.6727772496479        3.12094409E-02   4.94690239E-03
   4243.1227680209613        2.31925193E-02   4.84167971E-03
   4244.5729602065985        1.93083659E-02   4.78713633E-03
   4246.0233536674677        2.23099682E-02   4.80527151E-03
   4247.4739482644718        2.87054181E-02   4.87443572E-03
   4248.9247438585162        3.09490059E-02   4.79103392E-03
   4250.3757403105074        2.71018967E-02   4.67983633E-03
   4251.8269374813472        2.57725008E-02   4.68651392E-03
   4253.2783352319420        2.49961074E-02   4.71578073E-03
   4254.7299334231984        2.20383517E-02   4.65994235E-03
   4256.1817319160182        2.38279235E-02   4.68178885E-03
   4257.6337305713078        2.75602248E-02   4.77832649E-03
   4259.0859292499717        1.92577709E-02   4.56964690E-03
   4260.5383278129157        3.17603759E-02   4.73425863E-03
   4261.9909261210441        3.00373249E-02   4.73767612E-03
   4263.4437240352618        2.56123003E-02   4.70973505E-03
   4264.8967214164732        1.68608483E-02   4.64430545E-03
   4266.3499181255838        2.54316404E-02   4.84092580E-03
   4267.8033140234984        2.41940375E-02   4.79793735E-03
   4269.2569089711214        2.54719257E-02   4.67623677E-03
   4270.7107028293585        2.90319063E-02   4.62172693E-03
   4272.1646954591142        2.55076829E-02   4.42376826E-03
   4273.6188867212923        2.61414368E-02   4.40122280E-03
   4275.0732764767999        3.08952648E-02   4.66423063E-03
   4276.5278645865392        2.24525500E-02   4.57848655E-03
   4277.9826509114182        1.61863379E-02   4.54295427E-03
   4279.4376353123389        2.82401964E-02   4.74567153E-03
   4280.8928176502077        2.41702273E-02   4.66548465E-03
   4282.3481977859292        1.87324919E-02   4.52144491E-03
   4283.8037755804080        1.86633654E-02   4.47982317E-03
   4285.2595508945506        2.88693458E-02   4.72601177E-03
   4286.7155235892587        2.34832913E-02   4.61369893E-03
   4288.1716935254390        1.65692959E-02   4.29968536E-03
   4289.6280605639977        2.03263871E-02   4.33157152E-03
   4291.0846245658377        2.23105494E-02   4.45892988E-03
   4292.5413853918644        2.72945035E-02   4.50600777E-03
   4293.9983429029826        2.34273095E-02   4.49060136E-03
   4295.4554969600986        2.95785479E-02   4.61205840E-03
   4296.9128474241143        2.06503905E-02   4.33712546E-03
   4298.3703941559379        3.23412083E-02   4.42525605E-03
   4299.8281370164723        2.51908377E-02   4.19538468E-03
   4301.2860758666220        2.52836086E-02   4.06598300E-03
   4302.7442105672926        1.52849592E-02   3.89915542E-03
   4304.2025409793896        2.72189397E-02   4.20596404E-03
   4305.6610669638185        1.93762258E-02   3.98905482E-03
   4307.1197883814812        2.25231424E-02   4.06989828E-03
   4308.5787050932850        2.31674425E-02   3.96572938E-03
   4310.0378169601345        2.13243719E-02   3.95048037E-03
   4311.4971238429343        2.73849871E-02   4.16919636E-03
   4312.9566256025892        1.19966995E-02   3.99268884E-03
   4314.4163221000035        3.04392725E-02   4.62359469E-03
   4315.8762131960839        1.93211902E-02   4.60482994E-03
   4317.3362987517330        1.74822733E-02   4.61851759E-03
   4318.7965786278573        1.39833735E-02   4.64107515E-03
   4320.2570526853606        2.11269744E-02   4.73769056E-03
   4321.7177207851482        1.48588680E-02   4.49212454E-03
   4323.1785827881258        2.50558667E-02   4.52734157E-03
   4324.6396385551971        2.32712440E-02   4.32127202E-03
   4326.1008879472674        2.65232380E-02   4.31848923E-03
   4327.5623308252416        3.50505263E-02   4.65875585E-03
   4329.0239670500259        2.40275562E-02   4.61464142E-03
   4330.4857964825223        1.80267841E-02   4.62059304E-03
   4331.9478189836373        2.76056863E-02   4.78612538E-03
   4333.4100344142771        1.59313679E-02   4.54570260E-03
   4334.8724426353438        3.15444618E-02   4.80914023E-03
   4336.3350435077446        2.21813433E-02   4.55077039E-03
   4337.7978368923832        2.42244713E-02   4.42258827E-03
   4339.2608226501652        2.28746478E-02   4.14345367E-03
   4340.7240006419943        2.38006581E-02   4.13692091E-03
   4342.1873707287768        2.36873813E-02   4.18994809E-03
   4343.6509327714166        2.33792681E-02   4.34704637E-03
   4345.1146866308191        2.05803029E-02   4.46903473E-03
   4346.5786321678879        2.40631830E-02   4.55063256E-03
   4348.0427692435305        1.69785991E-02   4.48310003E-03
   4349.5070977186488        2.69199759E-02   4.69341129E-03
   4350.9716174541509        2.43433602E-02   4.50259820E-03
   4352.4363283109387        2.52394527E-02   4.49282071E-03
   4353.9012301499179        2.34610755E-02   4.43958538E-03
   4355.3663228319947        2.36294419E-02   4.55085281E-03
   4356.8316062180720        2.12492067E-02   4.49243234E-03
   4358.2970801690572        2.10220013E-02   4.50160401E-03
   4359.7627445458520        2.57539824E-02   4.61578835E-03
   4361.2285992093630        2.17951052E-02   4.53604665E-03
   4362.6946440204956        1.46512473E-02   4.44336887E-03
   4364.1608788401545        2.07633357E-02   4.61508147E-03
   4365.6273035292443        1.74592603E-02   4.51713055E-03
   4367.0939179486704        2.47037951E-02   4.62990627E-03
   4368.5607219593348        1.88314393E-02   4.47084289E-03
   4370.0277154221458        2.17570066E-02   4.49124863E-03
   4371.4948981980087        2.58637033E-02   4.56654746E-03
   4372.9622701478247        2.36917697E-02   4.45152074E-03
   4374.4298311325019        2.46014614E-02   4.43988806E-03
   4375.8975810129432        1.91436205E-02   4.30899765E-03
   4377.3655196500549        1.68872625E-02   4.36124112E-03
   4378.8336469047417        2.37048753E-02   4.53730114E-03
   4380.3019626379073        2.56965794E-02   4.54089325E-03
   4381.7704667104572        2.36947592E-02   4.34641587E-03
   4383.2391589832978        1.97112598E-02   4.06010775E-03
   4384.7080393173319        2.01243944E-02   4.09130659E-03
   4386.1771075734641        2.53413823E-02   4.23170859E-03
   4387.6463636126018        1.98402535E-02   4.24035033E-03
   4389.1158072956478        2.45067813E-02   4.42631776E-03
   4390.5854384835084        1.58880558E-02   4.21868358E-03
   4392.0552570370855        2.25465018E-02   4.43101069E-03
   4393.5252628172884        2.61946879E-02   4.50150948E-03
   4394.9954556850180        2.57438943E-02   4.51393193E-03
   4396.4658355011816        2.30713654E-02   4.47057048E-03
   4397.9364021266829        2.04860717E-02   4.43087518E-03
   4399.4071554224283        1.90926101E-02   4.42776317E-03
   4400.8780952493207        1.90466084E-02   4.37750574E-03
   4402.3492214682665        3.30989026E-02   4.56378376E-03
   4403.8205339401693        2.12997403E-02   4.33328934E-03
   4405.2920325259347        2.47722641E-02   4.35870606E-03
   4406.7637170864682        3.01534198E-02   4.46025608E-03
   4408.2355874826744        2.09188592E-02   4.37808782E-03
   4409.7076435754561        2.61611417E-02   4.55999793E-03
   4411.1798852257207        2.73790061E-02   4.65599168E-03
   4412.6523122943727        3.14123109E-02   4.73229820E-03
   4414.1249246423158        2.89528556E-02   4.63641528E-03
   4415.5977221304556        2.56827530E-02   4.51885629E-03
   4417.0707046196985        2.28036977E-02   4.46264585E-03
   4418.5438719709464        2.80311704E-02   4.64497507E-03
   4420.0172240451066        2.17850581E-02   4.62853117E-03
   4421.4907607030818        2.16317512E-02   4.54573845E-03
   4422.9644818057786        2.16051806E-02   4.54011280E-03
   4424.4383872141025        2.06682198E-02   4.50249948E-03
   4425.9124767889562        2.63955649E-02   4.54841414E-03
   4427.3867503912452        2.69758906E-02   4.65894165E-03
   4428.8612078818751        2.07616631E-02   4.53028828E-03
   4430.3358491217514        2.53879838E-02   4.65106918E-03
   4431.8106739717769        2.42639054E-02   4.52981982E-03
   4433.2856822928588        1.51375039E-02   4.30095941E-03
   4434.7608739459001        2.37413533E-02   4.41370159E-03
   4436.2362487918062        1.60048287E-02   4.30543814E-03
   4437.7118066914827        1.66860241E-02   4.43465682E-03
   4439.1875475058341        1.50467418E-02   4.44087898E-03
   4440.6634710957651        2.86667552E-02   4.68119280E-03
   4442.1395773221802        2.53730416E-02   4.53126244E-03
   4443.6158660459851        2.61781905E-02   4.53981571E-03
   4445.0923371280842        2.16822419E-02   4.49922774E-03
   4446.5689904293822        2.45072283E-02   4.62673185E-03
   4448.0458258107847        2.22974960E-02   4.61646030E-03
   4449.5228431331961        2.96255462E-02   4.71219048E-03
   4451.0000422575213        2.52949055E-02   4.63226484E-03
   4452.4774230446646        2.54020467E-02   4.61031310E-03
   4453.9549853555327        2.57183202E-02   4.55366122E-03
   4455.4327290510282        1.71053912E-02   4.34391294E-03
   4456.9106539920585        2.15609390E-02   4.32423176E-03
   4458.3887600395246        3.17811109E-02   4.54047695E-03
   4459.8670470543357        2.18032934E-02   4.39029699E-03
   4461.3455148973953        2.80708503E-02   4.52027237E-03
   4462.8241634296064        3.07236444E-02   4.58634412E-03
   4464.3029925118744        1.95768382E-02   4.38651396E-03
   4465.7820020051067        2.34478824E-02   4.54776734E-03
   4467.2611917702052        1.98068544E-02   4.49030753E-03
   4468.7405616680780        3.42906117E-02   4.75690002E-03
   4470.2201115596263        2.76663713E-02   4.62554861E-03
   4471.6998413057572        3.30702141E-02   4.76592965E-03
   4473.1797507673755        2.79515106E-02   4.76680882E-03
   4474.6598398053857        2.07202230E-02   4.60313447E-03
   4476.1401082806924        2.39002164E-02   4.70941467E-03
   4477.6205560542003        2.65060049E-02   4.74843895E-03
   4479.1011829868157        2.69720070E-02   4.68071224E-03
   4480.5819889394415        2.45737471E-02   4.56294557E-03
   4482.0629737729842        2.85835899E-02   4.63669188E-03
   4483.5441373483482        2.85207015E-02   4.61635087E-03
   4485.0254795264382        2.16161646E-02   4.56984714E-03
   4486.5070001681588        1.76346153E-02   4.56438400E-03
   4487.9886991344147        2.74680965E-02   4.74278908E-03
   4489.4705762861131        2.76884492E-02   4.65360004E-03
   4490.9526314841551        2.93967128E-02   4.67895530E-03
   4492.4348645894488        2.94316076E-02   4.68717050E-03
   4493.9172754628980        2.76144538E-02   4.71636094E-03
   4495.3998639654064        2.66954266E-02   4.65281634E-03
   4496.8826299578795        2.47954950E-02   4.62481426E-03
   4498.3655733012238        2.40067076E-02   4.63372050E-03
   4499.8486938563428        2.19686106E-02   4.58131824E-03
   4501.3319914841404        2.47909483E-02   4.68845386E-03
   4502.8154660455248        2.82541439E-02   4.74910159E-03
   4504.2991174013969        2.66032256E-02   4.77533601E-03
   4505.7829454126631        1.94146931E-02   4.71254904E-03
   4507.2669499402300        2.34106481E-02   4.71010990E-03
   4508.7511308450003        3.52024734E-02   4.94487910E-03
   4510.2354879878794        3.12487222E-02   4.82564140E-03
   4511.7200212297721        2.44796593E-02   4.71275300E-03
   4513.2047304315847        3.05162109E-02   4.74937167E-03
   4514.6896154542201        2.59867460E-02   4.66940086E-03
   4516.1746761585846        2.17488576E-02   4.57993336E-03
   4517.6599124055820        2.38951296E-02   4.61057574E-03
   4519.1453240561177        3.02764233E-02   4.77726711E-03
   4520.6309109710974        2.44660061E-02   4.66978271E-03
   4522.1166730114237        2.05846466E-02   4.59268456E-03
   4523.6026100380031        2.43552215E-02   4.65148827E-03
   4525.0887219117412        1.82114504E-02   4.51573217E-03
   4526.5750084935416        1.12632336E-02   4.17516008E-03
   4528.0614696443099        2.69444156E-02   4.54484206E-03
   4529.5481052249497        2.41295118E-02   4.47268458E-03
   4531.0349150963675        2.88094655E-02   4.58630919E-03
   4532.5218991194688        1.98914893E-02   4.39496292E-03
   4534.0090571551546        3.01989298E-02   4.60732356E-03
   4535.4963890643339        2.10666433E-02   4.52095317E-03
   4536.9838947079097        2.25683693E-02   4.52104909E-03
   4538.4715739467865        2.27508340E-02   4.60635684E-03
   4539.9594266418717        2.80569028E-02   4.72954195E-03
   4541.4474526540671        2.41155270E-02   4.64239717E-03
   4542.9356518442792        2.01110579E-02   4.52621607E-03
   4544.4240240734125        1.93748120E-02   4.56222752E-03
   4545.9125692023717        3.78183760E-02   4.82706912E-03
   4547.4012870920615        2.93657184E-02   4.63261455E-03
   4548.8901776033881        2.78046485E-02   4.55642771E-03
   4550.3792405972554        2.78454106E-02   4.59605316E-03
   4551.8684759345679        2.65148003E-02   4.54416592E-03
   4553.3578834762311        3.08625735E-02   4.62597935E-03
   4554.8474630831488        2.99073905E-02   4.61846823E-03
   4556.3372146162283        3.41131091E-02   4.74235369E-03
   4557.8271379363714        2.36072987E-02   4.56140889E-03
   4559.3172329044864        2.65888423E-02   4.70042787E-03
   4560.8074993814753        2.46743821E-02   4.66522574E-03
   4562.2979372282443        3.09521072E-02   4.78322431E-03
   4563.7885463056964        2.27528885E-02   4.58391523E-03
   4565.2793264747406        2.95729302E-02   4.66547487E-03
   4566.7702775962771        2.58262809E-02   4.63420944E-03
   4568.2613995312140        2.53420360E-02   4.59842011E-03
   4569.7526921404551        2.46905405E-02   4.59929509E-03
   4571.2441552849050        1.54096205E-02   4.39195056E-03
   4572.7357888254683        2.62539946E-02   4.62705456E-03
   4574.2275926230514        2.07794942E-02   4.51789936E-03
   4575.7195665385570        2.50662882E-02   4.68532601E-03
   4577.2117104328927        2.65199915E-02   4.66888957E-03
   4578.7040241669611        2.16315184E-02   4.50185919E-03
   4580.1965076016677        3.08912359E-02   4.63818479E-03
   4581.6891605979172        2.75592916E-02   4.53738915E-03
   4583.1819830166160        2.51818690E-02   4.52442188E-03
   4584.6749747186668        2.06024684E-02   4.42714011E-03
   4586.1681355649762        2.41233818E-02   4.46383236E-03
   4587.6614654164478        2.30934378E-02   4.51042829E-03
   4589.1549641339871        1.57666877E-02   4.39004041E-03
   4590.6486315784987        2.80777216E-02   4.61934833E-03
   4592.1424676108882        2.06656791E-02   4.46962332E-03
   4593.6364720920592        3.17154266E-02   4.63252654E-03
   4595.1306448829191        1.90138090E-02   4.33801813E-03
   4596.6249858443689        2.45851465E-02   4.47948603E-03
   4598.1194948373168        2.69471779E-02   4.56622755E-03
   4599.6141717226665        3.37211378E-02   4.61889617E-03
   4601.1090163613217        2.54304260E-02   4.52274410E-03
   4602.6040286141897        1.78428162E-02   4.35408996E-03
   4604.0992083421734        2.17145439E-02   4.44006315E-03
   4605.5945554061782        1.95255168E-02   4.42606537E-03
   4607.0900696671106        2.67837420E-02   4.54307813E-03
   4608.5857509858724        1.94261316E-02   4.48754290E-03
   4610.0815992233711        3.17669064E-02   4.69289348E-03
   4611.5776142405111        2.26860587E-02   4.49822051E-03
   4613.0737958981954        2.70699523E-02   4.55376646E-03
   4614.5701440573312        2.45026201E-02   4.45794826E-03
   4616.0666585788222        2.78134849E-02   4.62352950E-03
   4617.5633393235739        1.68432053E-02   4.33372194E-03
   4619.0601861524901        2.36578193E-02   4.48706839E-03
   4620.5571989264763        2.49976255E-02   4.52103233E-03
   4622.0543775064389        2.93524060E-02   4.58979653E-03
   4623.5517217532806        1.92279033E-02   4.45542857E-03
   4625.0492315279062        2.51421724E-02   4.59511997E-03
   4626.5469066912219        1.96645688E-02   4.42777853E-03
   4628.0447471041325        2.42458712E-02   4.51040780E-03
   4629.5427526275425        1.98409073E-02   4.48056497E-03
   4631.0409231223566        2.36693155E-02   4.46061511E-03
   4632.5392584494793        1.59318950E-02   4.35684342E-03
   4634.0377584698163        2.85196230E-02   4.59096348E-03
   4635.5364230442729        2.83041261E-02   4.59035579E-03
   4637.0352520337528        2.41893567E-02   4.49906383E-03
   4638.5342452991608        2.17918828E-02   4.41603456E-03
   4640.0334027014023        2.02200878E-02   4.38794401E-03
   4641.5327241013838        2.14015786E-02   4.37646220E-03
   4643.0322093600071        2.38379929E-02   4.44355793E-03
   4644.5318583381795        2.81898845E-02   4.50078025E-03
   4646.0316708968048        2.05417611E-02   4.32471000E-03
   4647.5316468967867        3.00782546E-02   4.48288303E-03
   4649.0317861990325        2.67070103E-02   4.43971995E-03
   4650.5320886644458        2.24267710E-02   4.38218610E-03
   4652.0325541539314        2.60280501E-02   4.45423089E-03
   4653.5331825283947        3.15407217E-02   4.55376366E-03
   4655.0339736487404        3.19959633E-02   4.54020267E-03
   4656.5349273758738        1.65338237E-02   4.26945323E-03
   4658.0360435706989        1.25716887E-02   4.21574386E-03
   4659.5373220941210        3.11957877E-02   4.60427348E-03
   4661.0387628070448        3.39342542E-02   4.71348315E-03
   4662.5403655703749        3.00224163E-02   4.56998171E-03
   4664.0421302450177        1.96900647E-02   4.34776302E-03
   4665.5440566918760        2.52216477E-02   4.38768603E-03
   4667.0461447718562        2.07898077E-02   4.22998285E-03
   4668.5483943458621        2.17333231E-02   4.21444327E-03
   4670.0508052747991        3.08984127E-02   4.46447497E-03
   4671.5533774195728        1.77454576E-02   4.29841084E-03
   4673.0561106410869        2.02193912E-02   4.40321863E-03
   4674.5590048002468        2.44374387E-02   4.42669913E-03
   4676.0620597579582        2.73158625E-02   4.50953143E-03
   4677.5652753751237        2.12649796E-02   4.43933485E-03
   4679.0686515126508        2.59048287E-02   4.47174395E-03
   4680.5721880314422        2.69770492E-02   4.38606180E-03
   4682.0758847924044        2.68680323E-02   4.47627530E-03
   4683.5797416564419        2.62553301E-02   4.47992980E-03
   4685.0837584844585        2.42911000E-02   4.43713507E-03
   4686.5879351373605        2.83073876E-02   4.50003566E-03
   4688.0922714760518        2.18075924E-02   4.39850427E-03
   4689.5967673614377        2.04331018E-02   4.33804421E-03
   4691.1014226544230        2.45116092E-02   4.42561228E-03
   4692.6062372159131        2.31974982E-02   4.43377392E-03
   4694.1112109068126        2.37529576E-02   4.48465301E-03
   4695.6163435880253        2.24518180E-02   4.39571403E-03
   4697.1216351204575        2.57866792E-02   4.52212058E-03
   4698.6270853650130        2.55392566E-02   4.45395056E-03
   4700.1326941825982        2.10497212E-02   4.29532398E-03
   4701.6384614341159        2.29622517E-02   4.31477232E-03
   4703.1443869804725        2.89208684E-02   4.45207022E-03
   4704.6504706825726        2.42623743E-02   4.36215103E-03
   4706.1567124013209        2.44206563E-02   4.33928054E-03
   4707.6631119976219        2.80558039E-02   4.46601212E-03
   4709.1696693323820        2.21662913E-02   4.35048575E-03
   4710.6763842665041        2.21446846E-02   4.37208544E-03
   4712.1832566608937        2.86318325E-02   4.51085670E-03
   4713.6902863764562        2.19498444E-02   4.41045174E-03
   4715.1974732740973        2.40190737E-02   4.41702036E-03
   4716.7048172147197        2.20234524E-02   4.39506304E-03
   4718.2123180592289        3.02923620E-02   4.61043138E-03
   4719.7199756685313        2.88821962E-02   4.58191615E-03
   4721.2277899035307        2.18986981E-02   4.50810045E-03
   4722.7357606251308        1.91052128E-02   4.47912049E-03
   4724.2438876942388        2.28009131E-02   4.53942688E-03
   4725.7521709717585        1.74150225E-02   4.37922729E-03
   4727.2606103185944        1.63519792E-02   4.29977290E-03
   4728.7692055956513        2.19918061E-02   4.35819617E-03
   4730.2779566638346        2.63093505E-02   4.41475864E-03
   4731.7868633840499        2.45896652E-02   4.38697217E-03
   4733.2959256171998        2.33728476E-02   4.43949038E-03
   4734.8051432241928        2.28285268E-02   4.42732265E-03
   4736.3145160659305        2.29979455E-02   4.43201745E-03
   4737.8240440033187        2.30179001E-02   4.43422142E-03
   4739.3337268972627        2.45080497E-02   4.47929837E-03
   4740.8435646086673        2.36460362E-02   4.48096311E-03
   4742.3535569984369        2.04675812E-02   4.46423516E-03
   4743.8637039274772        2.43139416E-02   4.53836331E-03
   4745.3740052566927        1.68288685E-02   4.40379977E-03
   4746.8844608469872        2.78191045E-02   4.60812403E-03
   4748.3950705592670        1.98121462E-02   4.44245106E-03
   4749.9058342544367        2.97356173E-02   4.61480208E-03
   4751.4167517934011        2.27075554E-02   4.47650906E-03
   4752.9278230370655        2.77164020E-02   4.53055790E-03
   4754.4390478463329        2.65704356E-02   4.45675990E-03
   4755.9504260821113        2.40780897E-02   4.41393629E-03
   4757.4619576053019        2.56566815E-02   4.46538674E-03
   4758.9736422768128        2.01296005E-02   4.40677814E-03
   4760.4854799575469        2.87723783E-02   4.53207921E-03
   4761.9974705084114        2.12472659E-02   4.41676099E-03
   4763.5096137903083        2.38108039E-02   4.45103319E-03
   4765.0219096641440        1.98941398E-02   4.31460515E-03
   4766.5343579908222        2.60580499E-02   4.41946462E-03
   4768.0469586312502        2.69100592E-02   4.49061114E-03
   4769.5597114463308        2.36787070E-02   4.48283507E-03
   4771.0726162969686        2.45840326E-02   4.48492635E-03
   4772.5856730440701        1.53336031E-02   4.36551822E-03
   4774.0988815485398        3.28167379E-02   4.64706868E-03
   4775.6122416712815        2.40187608E-02   4.50955005E-03
   4777.1257532732006        2.51639839E-02   4.58304863E-03
   4778.6394162152028        1.21843163E-02   4.31672111E-03
   4780.1532303581926        1.63484421E-02   4.39008651E-03
   4781.6671955630736        2.45781075E-02   4.54887515E-03
   4783.1813116907524        1.73624214E-02   4.37859213E-03
   4784.6955786021326        2.11074017E-02   4.41225339E-03
   4786.2099961581207        2.45219897E-02   4.48517874E-03
   4787.7245642196194        1.89451165E-02   4.39532241E-03
   4789.2392826475352        2.89571341E-02   4.53251135E-03
   4790.7541513027727        2.38574278E-02   4.46519395E-03
   4792.2691700462365        2.35317610E-02   4.50901268E-03
   4793.7843387388311        1.19939605E-02   4.34285216E-03
   4795.2996572414622        1.71266198E-02   4.43436112E-03
   4796.8151254150343        2.53332406E-02   4.57890425E-03
   4798.3307431204530        2.42430717E-02   4.52860259E-03
   4799.8465102186219        2.34686248E-02   4.52644192E-03
   4801.3624265704457        1.37311053E-02   4.30179480E-03
   4802.8784920368307        1.53859854E-02   4.37222142E-03
   4804.3947064786807        2.70094089E-02   4.55518253E-03
   4805.9110697569013        1.95417907E-02   4.42823442E-03
   4807.4275817323969        2.26500891E-02   4.42805653E-03
   4808.9442422660732        1.49237551E-02   4.28798469E-03
   4810.4610512188337        2.01901197E-02   4.43511829E-03
   4811.9780084515851        1.90384705E-02   4.42485837E-03
   4813.4951138252300        1.96198933E-02   4.43397649E-03
   4815.0123672006748        1.86805744E-02   4.46365634E-03
   4816.5297684388242        1.33735146E-02   4.31084866E-03
   4818.0473174005820        1.84712689E-02   4.45370795E-03
   4819.5650139468553        2.46625151E-02   4.56251716E-03
   4821.0828579385479        1.34483892E-02   4.31467546E-03
   4822.6008492365636        1.49234263E-02   4.29360801E-03
   4824.1189877018078        3.08371559E-02   4.62322682E-03
   4825.6372731951860        2.67545488E-02   4.56100795E-03
   4827.1557055776029        2.07175035E-02   4.48354101E-03
   4828.6742847099640        1.81536395E-02   4.40451177E-03
   4830.1930104531730        2.66873538E-02   4.56422660E-03
   4831.7118826681344        1.70417018E-02   4.33835294E-03
   4833.2309012157548        1.89019181E-02   4.41198749E-03
   4834.7500659569378        1.47102969E-02   4.29368624E-03
   4836.2693767525898        2.43563969E-02   4.50481940E-03
   4837.7888334636127        2.95087695E-02   4.60091280E-03
   4839.3084359509157        2.15792730E-02   4.42237873E-03
   4840.8281840753989        2.67245844E-02   4.49469127E-03
   4842.3480776979704        3.25144231E-02   4.58823331E-03
   4843.8681166795350        2.23317016E-02   4.38316213E-03
   4845.3883008809953        2.61986870E-02   4.46275109E-03
   4846.9086301632587        2.73720063E-02   4.58257273E-03
   4848.4291043872281        3.10864616E-02   4.60367091E-03
   4849.9497234138098        2.30600089E-02   4.43392154E-03
   4851.4704871039085        3.35521288E-02   4.61333338E-03
   4852.9913953184277        1.93203110E-02   4.34203446E-03
   4854.5124479182750        2.95322239E-02   4.46658395E-03
   4856.0336447643522        3.09639219E-02   4.41915402E-03
   4857.5549857175656        3.10879722E-02   4.34181979E-03
   4859.0764706388209        3.50395255E-02   4.37513832E-03
   4860.5980993890225        2.56035291E-02   4.02071700E-03
   4862.1198718290734        3.01187765E-02   4.09178017E-03
   4863.6417878198808        2.82215737E-02   4.13644500E-03
   4865.1638472223494        2.51746681E-02   4.17293049E-03
   4866.6860498973820        2.49313228E-02   4.33486793E-03
   4868.2083957058867        2.52548475E-02   4.32530232E-03
   4869.7308845087655        1.98143162E-02   4.22942732E-03
   4871.2535161669248        2.01781336E-02   4.17636568E-03
   4872.7762905412692        2.64447164E-02   4.25999099E-03
   4874.2992074927033        2.65818276E-02   4.32695355E-03
   4875.8222668821318        3.41531783E-02   4.55569802E-03
   4877.3454685704601        2.78454069E-02   4.43509547E-03
   4878.8688124185928        2.22001448E-02   4.37989691E-03
   4880.3922982874356        2.52073742E-02   4.46320092E-03
   4881.9159260378929        2.48882789E-02   4.42191819E-03
   4883.4396955308675        1.91375166E-02   4.28995490E-03
   4884.9636066272678        2.56206430E-02   4.43089614E-03
   4886.4876591879965        2.58593597E-02   4.36079223E-03
   4888.0118530739592        1.88190751E-02   4.20817593E-03
   4889.5361881460603        2.65130512E-02   4.31537628E-03
   4891.0606642652047        2.44009141E-02   4.29485040E-03
   4892.5852812922985        2.29780376E-02   4.28570341E-03
   4894.1100390882448        1.39706684E-02   4.20856662E-03
   4895.6349375139498        1.68719441E-02   4.31459583E-03
   4897.1599764303173        1.33598233E-02   4.28911718E-03
   4898.6851556982538        2.58905906E-02   4.49284120E-03
   4900.2104751786619        1.38359061E-02   4.21820767E-03
   4901.7359347324473        1.78511068E-02   4.28921450E-03
   4903.2615342205163        1.90254916E-02   4.32020985E-03
   4904.7872735037727        2.31798813E-02   4.39698063E-03
   4906.3131524431210        2.00421475E-02   4.37971950E-03
   4907.8391708994668        1.68996062E-02   4.31377348E-03
   4909.3653287337147        2.23830920E-02   4.34088660E-03
   4910.8916258067693        1.96601059E-02   4.27452708E-03
   4912.4180619795370        2.63951663E-02   4.39584721E-03
   4913.9446371129197        2.56013833E-02   4.42219479E-03
   4915.4713510678248        2.92055458E-02   4.48719505E-03
   4916.9982037051568        2.11677030E-02   4.34420770E-03
   4918.5251948858204        3.30969431E-02   4.41893283E-03
   4920.0523244707192        2.28927936E-02   4.20214236E-03
   4921.5795923207597        2.45204419E-02   4.17711679E-03
   4923.1069982968456        2.38625016E-02   4.25870810E-03
   4924.6345422598833        2.16010492E-02   4.23779292E-03
   4926.1622240707766        2.03353669E-02   4.31808922E-03
   4927.6900435904299        2.75915861E-02   4.45435243E-03
   4929.2180006797498        2.67485064E-02   4.48687002E-03
   4930.7460951996391        2.33807079E-02   4.42830753E-03
   4932.2743270110041        1.62924379E-02   4.27165348E-03
   4933.8026959747494        2.24825758E-02   4.37256834E-03
   4935.3312019517798        2.07588673E-02   4.30579623E-03
   4936.8598448030007        1.57521144E-02   4.16704779E-03
   4938.3886243893148        2.73479577E-02   4.39800974E-03
   4939.9175405716305        2.42296942E-02   4.27574990E-03
   4941.4465932108487        2.53700670E-02   4.39373916E-03
   4942.9757821678777        2.02451255E-02   4.32784157E-03
   4944.5051073036202        3.29443701E-02   4.56201704E-03
   4946.0345684789836        1.77981071E-02   4.31908993E-03
   4947.5641655548698        1.96868852E-02   4.33689170E-03
   4949.0938983921851        2.26065423E-02   4.41864599E-03
   4950.6237668518343        2.50875577E-02   4.45027137E-03
   4952.1537707947227        1.86636373E-02   4.30305442E-03
   4953.6839100817542        1.63286757E-02   4.27447911E-03
   4955.2141845738333        2.15282049E-02   4.33849590E-03
   4956.7445941318674        2.48274580E-02   4.29965369E-03
   4958.2751386167592        2.35039704E-02   4.29154048E-03
   4959.8058178894134        1.40965693E-02   4.15274082E-03
   4961.3366318107364        1.65148694E-02   4.25362634E-03
   4962.8675802416319        1.18856002E-02   4.19381354E-03
   4964.3986630430054        1.99099276E-02   4.33903746E-03
   4965.9298800757615        2.79305838E-02   4.46563913E-03
   4967.4612312008057        2.11951416E-02   4.31520259E-03
   4968.9927162790418        1.30952550E-02   4.14526742E-03
   4970.5243351713752        1.70297120E-02   4.27109515E-03
   4972.0560877387106        2.07578149E-02   4.41238144E-03
   4973.5879738419535        1.52063835E-02   4.21250984E-03
   4975.1199933420075        2.31214650E-02   4.39607166E-03
   4976.6521460997792        2.59981733E-02   4.46789479E-03
   4978.1844319761713        1.43709145E-02   4.20921063E-03
   4979.7168508320919        2.55924501E-02   4.40259185E-03
   4981.2494025284423        2.26970334E-02   4.22213972E-03
   4982.7820869261304        1.62533596E-02   4.08572704E-03
   4984.3149038860583        2.46889349E-02   4.21690010E-03
   4985.8478532691333        1.62899103E-02   4.15273290E-03
   4987.3809349362582        2.61521358E-02   4.39882558E-03
   4988.9141487483403        1.87861845E-02   4.33188817E-03
   4990.4474945662823        1.39648430E-02   4.14621225E-03
   4991.9809722509899        2.68886294E-02   4.41298215E-03
   4993.5145816633676        2.61038598E-02   4.38326504E-03
   4995.0483226643219        3.04057654E-02   4.55560628E-03
   4996.5821951147555        2.45728046E-02   4.42245929E-03
   4998.1161988755748        2.69517507E-02   4.45138803E-03
   4999.6503338076836        3.06430254E-02   4.44649765E-03
   5001.1845997719884        2.92915218E-02   4.42801509E-03
   5002.7189966293909        2.83704139E-02   4.35861154E-03
   5004.2535242407994        2.70425454E-02   4.33649635E-03
   5005.7881824671167        3.29225026E-02   4.42218781E-03
   5007.3229711692493        2.81918775E-02   4.36261529E-03
   5008.8578902080999        2.79969871E-02   4.38171718E-03
   5010.3929394445768        2.52279080E-02   4.37129103E-03
   5011.9281187395809        2.79770251E-02   4.35194420E-03
   5013.4634279540196        3.06908805E-02   4.36560018E-03
   5014.9988669487966        2.90419944E-02   4.35144221E-03
   5016.5344355848183        3.07267718E-02   4.40178346E-03
   5018.0701337229875        2.15462986E-02   4.23786463E-03
   5019.6059612242107        2.35648137E-02   4.31633554E-03
   5021.1419179493914        2.00098660E-02   4.26302664E-03
   5022.6780037594363        1.92972794E-02   4.20724833E-03
   5024.2142185152488        2.45194361E-02   4.35241917E-03
   5025.7505620777347        2.51584779E-02   4.33745328E-03
   5027.2870343077975        3.09992842E-02   4.47709998E-03
   5028.8236350663447        3.02112345E-02   4.47702548E-03
   5030.3603642142771        2.35367268E-02   4.36599879E-03
   5031.8972216125030        3.17566618E-02   4.57102340E-03
   5033.4342071219280        4.12259921E-02   4.73991968E-03
   5034.9713206034530        2.26591974E-02   4.34969412E-03
   5036.5085619179863        2.43043248E-02   4.36192844E-03
   5038.0459309264306        2.23036204E-02   4.27226769E-03
   5039.5834274896924        2.69347746E-02   4.35321592E-03
   5041.1210514686763        2.32326109E-02   4.20830585E-03
   5042.6588027242860        2.70317886E-02   4.36977251E-03
   5044.1966811174279        2.58031543E-02   4.38834215E-03
   5045.7346865090058        1.93939656E-02   4.34515625E-03
   5047.2728187599250        2.60309149E-02   4.50518494E-03
   5048.8110777310912        1.64812971E-02   4.26100427E-03
   5050.3494632834072        2.48944368E-02   4.35083685E-03
   5051.8879752777793        3.10586169E-02   4.49231593E-03
   5053.4266135751132        2.13523433E-02   4.39611217E-03
   5054.9653780363114        2.64901947E-02   4.53684339E-03
   5056.5042685222807        2.52516642E-02   4.50832956E-03
   5058.0432848939254        2.24071834E-02   4.46880190E-03
   5059.5824270121511        2.19671000E-02   4.43627033E-03
   5061.1216947378616        2.52255537E-02   4.53488901E-03
   5062.6610879319614        3.18694636E-02   4.65056067E-03
   5064.2006064553570        2.58797985E-02   4.46676463E-03
   5065.7402501689521        2.27739345E-02   4.42573102E-03
   5067.2800189336513        2.93233693E-02   4.50688740E-03
   5068.8199126103609        2.21062191E-02   4.41742549E-03
   5070.3599310599848        2.77780946E-02   4.47519636E-03
   5071.9000741434284        2.75763273E-02   4.50486969E-03
   5073.4403417215954        3.49937826E-02   4.60024737E-03
   5074.9807336553922        1.73815098E-02   4.28132201E-03
   5076.5212498057226        3.13041806E-02   4.58966289E-03
   5078.0618900334921        2.67246775E-02   4.42206999E-03
   5079.6026541996052        2.41678897E-02   4.33226814E-03
   5081.1435421649667        1.87878720E-02   4.23876476E-03
   5082.6845537904819        2.09739320E-02   4.29286854E-03
   5084.2256889370565        2.09847912E-02   4.35720664E-03
   5085.7669474655931        1.74244326E-02   4.30692825E-03
   5087.3083292369975        2.23112386E-02   4.41835029E-03
   5088.8498341121758        2.09662672E-02   4.40593669E-03
   5090.3914619520319        2.46015470E-02   4.50561848E-03
   5091.9332126174695        2.45107189E-02   4.51505370E-03
   5093.4750859693968        2.33329535E-02   4.51779366E-03
   5095.0170818687156        1.88409016E-02   4.37572738E-03
   5096.5592001763325        2.05646120E-02   4.40289080E-03
   5098.1014407531502        2.55781282E-02   4.40637022E-03
   5099.6438034600760        2.48017535E-02   4.41368436E-03
   5101.1862881580146        3.08674574E-02   4.55174409E-03
   5102.7288947078696        2.68820357E-02   4.52165073E-03
   5104.2716229705456        1.90788042E-02   4.41539288E-03
   5105.8144728069492        1.92588270E-02   4.38445155E-03
   5107.3574440779839        2.42838971E-02   4.39458387E-03
   5108.9005366445554        1.88169088E-02   4.34817933E-03
   5110.4437503675681        2.54722331E-02   4.46898118E-03
   5111.9870851079268        2.30578650E-02   4.41616913E-03
   5113.5305407265359        1.66092049E-02   4.37871600E-03
   5115.0741170843021        1.89605840E-02   4.39077662E-03
   5116.6178140421289        2.77916621E-02   4.56760917E-03
   5118.1616314609219        2.00791452E-02   4.51329397E-03
   5119.7055692015856        1.81427840E-02   4.38103406E-03
   5121.2496271250238        2.18237843E-02   4.47073160E-03
   5122.7938050921430        1.91239566E-02   4.31247195E-03
   5124.3381029638467        2.55266521E-02   4.46668733E-03
   5125.8825206010415        2.65009478E-02   4.43693390E-03
   5127.4270578646310        2.97290850E-02   4.54169232E-03
   5128.9717146155208        2.58567668E-02   4.44002869E-03
   5130.5164907146145        2.81246770E-02   4.52592550E-03
   5132.0613860228177        1.98626388E-02   4.37693112E-03
   5133.6064004010350        2.47059744E-02   4.48865304E-03
   5135.1515337101737        1.87969152E-02   4.39401530E-03
   5136.6967858111348        1.91637184E-02   4.35779896E-03
   5138.2421565648265        2.50129830E-02   4.43351641E-03
   5139.7876458321516        3.04460172E-02   4.52177413E-03
   5141.3332534740157        2.07980797E-02   4.31724638E-03
   5142.8789793513242        3.09803989E-02   4.56515281E-03
   5144.4248233249791        2.37581749E-02   4.39629145E-03
   5145.9707852558895        2.55663674E-02   4.43758629E-03
   5147.5168650049582        1.80567559E-02   4.32497729E-03
   5149.0630624330906        1.80905294E-02   4.29273862E-03
   5150.6093774011906        2.47995332E-02   4.44856426E-03
   5152.1558097701636        2.09867302E-02   4.39690473E-03
   5153.7023594009152        2.35868599E-02   4.41703200E-03
   5155.2490261543489        2.74772905E-02   4.50664060E-03
   5156.7958098913705        1.91302765E-02   4.37825220E-03
   5158.3427104728844        2.72129606E-02   4.60240245E-03
   5159.8897277597971        2.32501253E-02   4.45456663E-03
   5161.4368616130105        2.14138906E-02   4.43834905E-03
   5162.9841118934328        2.44722888E-02   4.46714554E-03
   5164.5314784619659        2.84787733E-02   4.41198284E-03
   5166.0789611795153        2.61927303E-02   4.26038913E-03
   5167.6265599069884        2.77825836E-02   4.24462277E-03
   5169.1742745052879        2.29951460E-02   4.12505586E-03
   5170.7221048353185        2.47441512E-02   4.14070440E-03
   5172.2700507579848        2.13569421E-02   4.04145103E-03
   5173.8181121341941        2.11158823E-02   4.10867482E-03
   5175.3662888248491        2.04852540E-02   4.24910476E-03
   5176.9145806908546        3.08810771E-02   4.58298763E-03
   5178.4629875931178        3.11611034E-02   4.64863004E-03
   5180.0115093925406        2.46212669E-02   4.45764605E-03
   5181.5601459500285        2.74278317E-02   4.38399473E-03
   5183.1088971264890        1.97510626E-02   4.07563010E-03
   5184.6577627828228        2.39370167E-02   4.13138233E-03
   5186.2067427799393        2.96943244E-02   4.32674494E-03
   5187.7558369787403        2.45253779E-02   4.44543874E-03
   5189.3050452401312        3.05847228E-02   4.59600613E-03
   5190.8543674250177        2.98554804E-02   4.52874321E-03
   5192.4038033943034        3.52121107E-02   4.62421216E-03
   5193.9533530088938        1.93242002E-02   4.27825376E-03
   5195.5030161296954        2.05449015E-02   4.39473614E-03
   5197.0527926176092        3.28843594E-02   4.67485376E-03
   5198.6026823335442        2.86252592E-02   4.62146569E-03
   5200.1526851384033        2.88287923E-02   4.67067584E-03
   5201.7028008930920        1.92886349E-02   4.50777682E-03
   5203.2530294585140        2.12751925E-02   4.42852080E-03
   5204.8033706955757        2.30607726E-02   4.44894284E-03
   5206.3538244651809        2.93012541E-02   4.51091491E-03
   5207.9043906282350        2.92792283E-02   4.45457362E-03
   5209.4550690456426        2.05029286E-02   4.37060138E-03
   5211.0058595783075        2.08816119E-02   4.44295490E-03
   5212.5567620871379        2.41213758E-02   4.52943146E-03
   5214.1077764330357        2.16221754E-02   4.42974176E-03
   5215.6589024769064        2.85846479E-02   4.56874166E-03
   5217.2101400796546        2.68520042E-02   4.47468413E-03
   5218.7614891021867        2.10574847E-02   4.39902209E-03
   5220.3129494054065        2.74021719E-02   4.60340502E-03
   5221.8645208502185        2.55651996E-02   4.55503445E-03
   5223.4162032975291        2.42191069E-02   4.52914229E-03
   5224.9679966082413        2.36612521E-02   4.40534716E-03
   5226.5199006432613        2.36454718E-02   4.35327273E-03
   5228.0719152634920        2.98490524E-02   4.45509935E-03
   5229.6240403298407        2.56778803E-02   4.44824621E-03
   5231.1762757032120        2.35095788E-02   4.43350710E-03
   5232.7286212445097        2.76410189E-02   4.52643447E-03
   5234.2810768146383        1.93455946E-02   4.39598877E-03
   5235.8336422745051        2.30329912E-02   4.47410718E-03
   5237.3863174850121        1.77732576E-02   4.43385541E-03
   5238.9391023070657        2.29962505E-02   4.57701739E-03
   5240.4919966015705        1.63031518E-02   4.42128861E-03
   5242.0450002294319        2.53984891E-02   4.58359020E-03
   5243.5981130515529        3.08891349E-02   4.66899388E-03
   5245.1513349288416        2.67362501E-02   4.58948407E-03
   5246.7046657221990        1.49646904E-02   4.38044826E-03
   5248.2581052925334        1.82489287E-02   4.37451154E-03
   5249.8116535007484        1.66609325E-02   4.38676402E-03
   5251.3653102077487        2.72812638E-02   4.59164148E-03
   5252.9190752744389        3.22964191E-02   4.69944905E-03
   5254.4729485617236        1.89058241E-02   4.42037918E-03
   5256.0269299305101        2.82554813E-02   4.62547271E-03
   5257.5810192416993        2.16828715E-02   4.54834802E-03
   5259.1352163561996        2.57625133E-02   4.65212949E-03
   5260.6895211349156        2.59814840E-02   4.58425842E-03
   5262.2439334387491        2.93916278E-02   4.57914686E-03
   5263.7984531286074        2.48270743E-02   4.36147535E-03
   5265.3530800653953        2.73799095E-02   4.37838910E-03
   5266.9078141100181        2.51251142E-02   4.35654446E-03
   5268.4626551233796        2.04451736E-02   4.27886052E-03
   5270.0176029663844        3.19779962E-02   4.47640242E-03
   5271.5726574999380        2.45775301E-02   4.37039882E-03
   5273.1278185849469        1.87758338E-02   4.31275880E-03
   5274.6830860823129        2.83329915E-02   4.58411779E-03
   5276.2384598529425        2.35935021E-02   4.53770347E-03
   5277.7939397577402        2.16779653E-02   4.55019576E-03
   5279.3495256576116        1.95716266E-02   4.48679551E-03
   5280.9052174134613        2.17212103E-02   4.48138313E-03
   5282.4610148861930        2.68356800E-02   4.56567109E-03
   5284.0169179367140        2.61295084E-02   4.57354821E-03
   5285.5729264259262        1.68963708E-02   4.33922233E-03
   5287.1290402147370        2.20804643E-02   4.58345935E-03
   5288.6852591640500        2.70898808E-02   4.68374602E-03
   5290.2415831347698        2.68945824E-02   4.69843624E-03
   5291.7980119878021        1.24813737E-02   4.42625582E-03
   5293.3545455840531        1.60511918E-02   4.53069434E-03
   5294.9111837844239        2.26594675E-02   4.61567612E-03
   5296.4679264498227        1.82689223E-02   4.40266309E-03
   5298.0247734411532        2.33678743E-02   4.54256637E-03
   5299.5817246193210        2.86327749E-02   4.59101424E-03
   5301.1387798452288        2.41558906E-02   4.59420262E-03
   5302.6959389797839        2.35065036E-02   4.54081548E-03
   5304.2532018838901        2.10668035E-02   4.52775368E-03
   5305.8105684184520        1.77827030E-02   4.52265609E-03
   5307.3680384443760        2.32806485E-02   4.60768910E-03
   5308.9256118225658        2.49083862E-02   4.67248401E-03
   5310.4832884139250        2.85585634E-02   4.80307126E-03
   5312.0410680793611        2.82124411E-02   4.80019953E-03
   5313.5989506797778        2.46217400E-02   4.67651570E-03
   5315.1569360760805        2.13826187E-02   4.56653349E-03
   5316.7150241291720        2.48871818E-02   4.65235440E-03
   5318.2732146999597        1.62041020E-02   4.44372743E-03
   5319.8315076493473        2.20030379E-02   4.62377490E-03
   5321.3899028382384        2.70429645E-02   4.70562000E-03
   5322.9484001275414        2.17488110E-02   4.58171498E-03
   5324.5069993781590        2.83931866E-02   4.67730453E-03
   5326.0657004509949        2.82346644E-02   4.55766125E-03
   5327.6245032069555        2.55262032E-02   4.50103031E-03
   5329.1834075069473        1.91423204E-02   4.40385053E-03
   5330.7424132118713        2.38513257E-02   4.55336319E-03
   5332.3015201826347        1.74125768E-02   4.52157203E-03
   5333.8607282801431        2.37221662E-02   4.66186367E-03
   5335.4200373652993        1.87290199E-02   4.55847662E-03
   5336.9794472990097        3.12353112E-02   4.81968559E-03
   5338.5389579421790        2.24418025E-02   4.60802065E-03
   5340.0985691557116        2.60212943E-02   4.64060297E-03
   5341.6582808005132        2.77887974E-02   4.66259476E-03
   5343.2180927374866        2.57465336E-02   4.60919365E-03
   5344.7780048275399        2.11269744E-02   4.57419176E-03
   5346.3380169315742        1.83191672E-02   4.55998117E-03
   5347.8981289104986        2.22797245E-02   4.56905039E-03
   5349.4583406252141        2.20006127E-02   4.58277157E-03
   5351.0186519366280        2.49854028E-02   4.62398445E-03
   5352.5790627056440        1.82052385E-02   4.60106926E-03
   5354.1395727931676        2.60131434E-02   4.72130906E-03
   5355.7001820601045        2.26326399E-02   4.68571857E-03
   5357.2608903673581        3.05125751E-02   4.85576503E-03
   5358.8216975758332        2.84269936E-02   4.79583023E-03
   5360.3826035464353        2.28759907E-02   4.64209635E-03
   5361.9436081400690        2.79378612E-02   4.75193653E-03
   5363.5047112176408        1.68767292E-02   4.51507047E-03
   5365.0659126400533        2.43124161E-02   4.59202053E-03
   5366.6272122682121        2.56956909E-02   4.64331172E-03
   5368.1886099630219        2.89198495E-02   4.65361122E-03
   5369.7501055853891        1.99965034E-02   4.46004607E-03
   5371.3116989962164        2.40634400E-02   4.55853203E-03
   5372.8733900564093        2.23080683E-02   4.55474714E-03
   5374.4351786268744        2.60385200E-02   4.66000848E-03
   5375.9970645685144        2.02890448E-02   4.59650205E-03
   5377.5590477422356        2.21685804E-02   4.66838060E-03
   5379.1211280089419        1.70735419E-02   4.50663548E-03
   5380.6833052295387        3.25094834E-02   4.80228709E-03
   5382.2455792649307        1.64200645E-02   4.47644666E-03
   5383.8079499760233        2.23792810E-02   4.62714909E-03
   5385.3704172237194        3.13191451E-02   4.79778321E-03
   5386.9329808689272        3.34996283E-02   4.80910484E-03
   5388.4956407725485        2.02543680E-02   4.62129153E-03
   5390.0583967954908        2.18403079E-02   4.60986560E-03
   5391.6212487986568        1.58174243E-02   4.45586862E-03
   5393.1841966429520        2.32874881E-02   4.56877891E-03
   5394.7472401892819        1.95640195E-02   4.51611122E-03
   5396.3103792985503        1.46829458E-02   4.37653018E-03
   5397.8736138316644        2.11925246E-02   4.56019817E-03
   5399.4369436495263        1.43516026E-02   4.39167907E-03
   5401.0003686130412        2.06791926E-02   4.58494015E-03
   5402.5638885831167        2.54092980E-02   4.61957045E-03
   5404.1275034206546        1.90397929E-02   4.41009831E-03
   5405.6912129865614        3.61356176E-02   4.75120265E-03
   5407.2550171417415        1.73506923E-02   4.38909419E-03
   5408.8189157470988        2.34105960E-02   4.56183683E-03
   5410.3829086635396        2.92852577E-02   4.67929104E-03
   5411.9469957519686        2.36388855E-02   4.59469156E-03
   5413.5111768732913        2.55954619E-02   4.61012777E-03
   5415.0754518884114        2.58000549E-02   4.64729592E-03
   5416.6398206582335        1.68302450E-02   4.49696602E-03
   5418.2042830436640        3.03379092E-02   4.74593509E-03
   5419.7688389056057        1.79626681E-02   4.56592301E-03
   5421.3334881049650        1.69853307E-02   4.53151530E-03
   5422.8982305026457        1.78166684E-02   4.51025879E-03
   5424.4630659595550        2.61533819E-02   4.67423629E-03
   5426.0279943365958        1.99522283E-02   4.55758302E-03
   5427.5930154946727        2.78301369E-02   4.71939100E-03
   5429.1581292946930        1.43395765E-02   4.44694655E-03
   5430.7233355975577        2.57384013E-02   4.66882158E-03
   5432.2886342641750        2.19142605E-02   4.55901120E-03
   5433.8540251554477        1.96163226E-02   4.50238399E-03
   5435.4195081322823        2.62786336E-02   4.65509947E-03
   5436.9850830555833        2.11366341E-02   4.60081641E-03
   5438.5507497862545        2.20908988E-02   4.66881087E-03
   5440.1165081852014        2.17769872E-02   4.66297241E-03
   5441.6823581133294        2.95456350E-02   4.86550108E-03
   5443.2482994315424        2.75009219E-02   4.75944672E-03
   5444.8143320007466        1.64060164E-02   4.47278377E-03
   5446.3804556818459        1.74120404E-02   4.46893554E-03
   5447.9466703357457        2.44047102E-02   4.63997852E-03
   5449.5129758233506        2.27822661E-02   4.61411709E-03
   5451.0793720055644        1.96887013E-02   4.67154384E-03
   5452.6458587432935        2.76163556E-02   4.77866363E-03
   5454.2124358974434        1.41469594E-02   4.43149405E-03
   5455.7791033289168        2.22478360E-02   4.59559308E-03
   5457.3458608986202        2.38226410E-02   4.67211520E-03
   5458.9127084674574        2.09179763E-02   4.67249192E-03
   5460.4796458963347        1.91898979E-02   4.62204171E-03
   5462.0466730461549        2.57216487E-02   4.71721264E-03
   5463.6137897778253        2.37001069E-02   4.63813124E-03
   5465.1809959522488        2.27159411E-02   4.59329924E-03
   5466.7482914303318        2.33706590E-02   4.65881731E-03
   5468.3156760729771        2.03881916E-02   4.61018132E-03
   5469.8831497410920        2.72317361E-02   4.79467679E-03
   5471.4507122955802        2.40582395E-02   4.65672277E-03
   5473.0183635973472        2.19944157E-02   4.65349201E-03
   5474.5861035072967        1.58390384E-02   4.46783565E-03
   5476.1539318863342        1.91037692E-02   4.52974159E-03
   5477.7218485953645        1.91768557E-02   4.50482965E-03
   5479.2898534952928        2.26893406E-02   4.56226105E-03
   5480.8579464470240        2.32483838E-02   4.66901716E-03
   5482.4261273114626        1.82010010E-02   4.56341123E-03
   5483.9943959495140        2.37566605E-02   4.70557623E-03
   5485.5627522220821        1.69092398E-02   4.54322109E-03
   5487.1311959900722        1.62979681E-02   4.50209901E-03
   5488.6997271143900        2.39773020E-02   4.71911486E-03
   5490.2683454559401        1.77237596E-02   4.51664627E-03
   5491.8370508756261        1.68387648E-02   4.61702701E-03
   5493.4058432343545        2.75073573E-02   4.77137743E-03
   5494.9747223930299        2.54824758E-02   4.74733859E-03
   5496.5436882125550        2.49868184E-02   4.70460532E-03
   5498.1127405538382        2.18424574E-02   4.69976244E-03
   5499.6818792777822        2.51933075E-02   4.74900287E-03
   5501.2511042452916        1.11627588E-02   4.44331160E-03
   5502.8204153172728        2.63138618E-02   4.70717810E-03
   5504.3898123546296        1.54633913E-02   4.55833459E-03
   5505.9592952182666        1.46464147E-02   4.49515181E-03
   5507.5288637690901        2.74239369E-02   4.80734557E-03
   5509.0985178680048        1.67907774E-02   4.55496134E-03
   5510.6682573759135        1.91425011E-02   4.57500014E-03
   5512.2380821537226        1.35970954E-02   4.45700483E-03
   5513.8079920623368        2.63076741E-02   4.71214484E-03
   5515.3779869626615        2.71293931E-02   4.82455501E-03
   5516.9480667156013        1.73681360E-02   4.59743245E-03
   5518.5182311820608        2.23643649E-02   4.70427936E-03
   5520.0884802229439        2.60865744E-02   4.78121685E-03
   5521.6588136991577        2.26388518E-02   4.77028871E-03
   5523.2292314716060        1.38645954E-02   4.57938015E-03
   5524.7997334011925        2.59751026E-02   4.76483209E-03
   5526.3703193488245        1.91520192E-02   4.55769431E-03
   5527.9409891754049        2.56974213E-02   4.65856725E-03
   5529.5117427418390        1.79156661E-02   4.54255566E-03
   5531.0825799090326        2.06382852E-02   4.68821963E-03
   5532.6535005378892        2.02250741E-02   4.63579735E-03
   5534.2245044893152        2.19093934E-02   4.67286119E-03
   5535.7955916242136        2.36785393E-02   4.74734325E-03
   5537.3667618034915        1.85177736E-02   4.62106941E-03
   5538.9380148880518        2.53540203E-02   4.80607804E-03
   5540.5093507388001        2.60722470E-02   4.77850763E-03
   5542.0807692166418        2.90833283E-02   4.84401407E-03
   5543.6522701824815        1.51542109E-02   4.59013972E-03
   5545.2238534972248        2.57553104E-02   4.82040877E-03
   5546.7955190217745        1.46116232E-02   4.60098218E-03
   5548.3672666170360        2.33592633E-02   4.79283091E-03
   5549.9390961439167        2.72521637E-02   4.87350486E-03
   5551.5110074633185        2.20317245E-02   4.74109920E-03
   5553.0830004361478        1.87666230E-02   4.70222114E-03
   5554.6550749233083        2.11254135E-02   4.71601868E-03
   5556.2272307857074        1.72633361E-02   4.65398468E-03
   5557.7994678842470        1.85550582E-02   4.65334998E-03
   5559.3717860798342        1.68766230E-02   4.62403893E-03
   5560.9441852333712        2.40788274E-02   4.75873472E-03
   5562.5166652057660        2.61833109E-02   4.80943499E-03
   5564.0892258579224        2.47188788E-02   4.75769443E-03
   5565.6618670507441        2.25704554E-02   4.73415432E-03
   5567.2345886451367        1.51318647E-02   4.59723081E-03
   5568.8073905020065        1.92072392E-02   4.64052428E-03
   5570.3802724822563        2.73948796E-02   4.77034459E-03
   5571.9532344467916        2.06109472E-02   4.65753442E-03
   5573.5262762565189        2.27690730E-02   4.84451465E-03
   5575.0993977723392        2.99855322E-02   7.97061529E-03
   5576.6725988551616        2.37642936E-02   1.01765739E-02
   5578.2458793658880        3.08263078E-02   1.06300227E-02
   5579.8192391654256        1.69446021E-02   9.51770134E-03
   5581.3926781146783        3.19079757E-02   6.35913340E-03
   5582.9661960745507        1.89994108E-02   4.86447336E-03
   5584.5397929059473        2.20802557E-02   4.69892332E-03
   5586.1134684697736        2.44204774E-02   4.73453384E-03
   5587.6872226269343        1.64566096E-02   4.49570222E-03
   5589.2610552383339        2.60363966E-02   4.68832487E-03
   5590.8349661648799        3.65439653E-02   4.93552582E-03
   5592.4089552674732        2.89936792E-02   4.80531808E-03
   5593.9830224070201        2.41157096E-02   4.72551631E-03
   5595.5571674444273        2.06589513E-02   4.68956074E-03
   5597.1313902405973        2.28777751E-02   4.73752012E-03
   5598.7056906564367        1.33135486E-02   4.52078553E-03
   5600.2800685528491        2.69176029E-02   4.80295438E-03
   5601.8545237907401        2.02398039E-02   4.60638665E-03
   5603.4290562310143        2.02380847E-02   4.71209874E-03
   5605.0036657345772        2.31654998E-02   4.79392940E-03
   5606.5783521623334        2.33712066E-02   4.87533864E-03
   5608.1531153751857        1.77393518E-02   4.73931804E-03
   5609.7279552340424        2.10321825E-02   4.77391807E-03
   5611.3028715998062        1.62564870E-02   4.71568201E-03
   5612.8778643333826        2.98603047E-02   4.98139719E-03
   5614.4529332956754        1.25108855E-02   4.53264685E-03
   5616.0280783475919        1.57016739E-02   4.56413347E-03
   5617.6032993500357        2.01356113E-02   4.67544468E-03
   5619.1785961639116        1.47137884E-02   4.63206554E-03
   5620.7539686501241        2.37168614E-02   4.81852563E-03
   5622.3294166695778        1.63552593E-02   4.68426198E-03
   5623.9049400831791        2.30229534E-02   4.73134127E-03
   5625.4805387518327        1.88564733E-02   4.68976935E-03
   5627.0562125364413        2.01789644E-02   4.75475192E-03
   5628.6319612979123        2.26038266E-02   4.78893844E-03
   5630.2077848971485        2.72470843E-02   4.92947502E-03
   5631.7836831950572        2.53814980E-02   4.93018189E-03
   5633.3596560525402        2.60730349E-02   4.86685196E-03
   5634.9357033305050        1.65684484E-02   4.67097620E-03
   5636.5118248898561        2.70720068E-02   4.86881100E-03
   5638.0880205914964        2.56456081E-02   4.90380498E-03
   5639.6642902963340        1.45113748E-02   4.63845301E-03
   5641.2406338652709        1.24159157E-02   4.58548218E-03
   5642.8170511592134        1.78721324E-02   4.70240740E-03
   5644.3935420390662        2.19306722E-02   4.80580237E-03
   5645.9701063657330        1.74409244E-02   4.74206638E-03
   5647.5467440001212        1.83765832E-02   4.81196679E-03
   5649.1234548031334        1.75596084E-02   4.79100458E-03
   5650.7002386356753        2.60741543E-02   4.91627399E-03
   5652.2770953586514        2.88008880E-02   4.95819701E-03
   5653.8540248329682        2.14289278E-02   4.82205115E-03
   5655.4310269195275        1.87606271E-02   4.78129601E-03
   5657.0081014792368        2.57892795E-02   4.85888589E-03
   5658.5852483730014        1.92430224E-02   4.65248339E-03
   5660.1624674617242        2.33188719E-02   4.80184890E-03
   5661.7397586063098        2.83154920E-02   4.88704490E-03
   5663.3171216676647        2.70425435E-02   4.96759312E-03
   5664.8945565066942        2.41054408E-02   4.86245332E-03
   5666.4720629843014        2.11020764E-02   4.81871935E-03
   5668.0496409613916        1.52113372E-02   4.69858479E-03
   5669.6272902988712        2.62357481E-02   4.93679661E-03
   5671.2050108576432        1.76833849E-02   4.80390061E-03
   5672.7828024986129        1.69043876E-02   4.81227553E-03
   5674.3606650826850        1.85891371E-02   4.85630427E-03
   5675.9385984707660        2.73195319E-02   5.04266052E-03
   5677.5166025237586        1.86193064E-02   4.83690202E-03
   5679.0946771025692        1.78511534E-02   4.80452226E-03
   5680.6728220681025        2.42396910E-02   4.90866834E-03
   5682.2510372812631        1.67820342E-02   4.77526709E-03
   5683.8293226029546        1.68378949E-02   4.70793620E-03
   5685.4076778940844        1.97266787E-02   4.80805198E-03
   5686.9861030155562        2.36444790E-02   4.86980658E-03
   5688.5645978282746        3.03103495E-02   5.05805388E-03
   5690.1431621931442        1.97115317E-02   4.79506981E-03
   5691.7217959710706        1.71753801E-02   4.78115026E-03
   5693.3004990229583        2.30930354E-02   4.89160279E-03
   5694.8792712097129        2.42533069E-02   5.00785839E-03
   5696.4581123922380        1.93859320E-02   4.84916382E-03
   5698.0370224314393        2.76016518E-02   5.04423352E-03
   5699.6160011882212        2.62910761E-02   4.94058896E-03
   5701.1950485234902        1.71504505E-02   4.79842117E-03
   5702.7741642981482        2.38128472E-02   4.92724869E-03
   5704.3533483731026        1.97185352E-02   4.84776031E-03
   5705.9326006092579        2.11296417E-02   4.82257269E-03
   5707.5119208675187        2.81186197E-02   4.99734376E-03
   5709.0913090087888        2.27891468E-02   4.83853230E-03
   5710.6707648939737        2.38504428E-02   4.85282717E-03
   5712.2502883839798        1.96516123E-02   4.83098021E-03
   5713.8298793397107        2.27317996E-02   4.92182886E-03
   5715.4095376220712        2.25048549E-02   4.88537317E-03
   5716.9892630919658        3.07959691E-02   5.12963068E-03
   5718.5690556103000        1.94369890E-02   4.90232557E-03
   5720.1489150379794        2.30915379E-02   5.01164468E-03
   5721.7288412359067        3.01676113E-02   5.12167532E-03
   5723.3088340649883        2.23757066E-02   4.99705318E-03
   5724.8888933861299        8.09570029E-03   4.73327609E-03
   5726.4690190602350        2.72807032E-02   5.07285213E-03
   5728.0492109482084        2.15384439E-02   4.99763945E-03
   5729.6294689109563        2.33210381E-02   4.98171430E-03
   5731.2097928093826        2.05565225E-02   5.00981696E-03
   5732.7901825043919        2.42097732E-02   5.05456282E-03
   5734.3706378568895        1.99100729E-02   5.03437873E-03
   5735.9511587277802        1.39627615E-02   4.83762054E-03
   5737.5317449779695        2.79428288E-02   5.12071792E-03
   5739.1123964683611        1.47663755E-02   4.79751267E-03
   5740.6931130598614        1.62982028E-02   4.85737389E-03
   5742.2738946133732        1.52322995E-02   4.83932719E-03
   5743.8547409898038        2.41483524E-02   4.96914517E-03
   5745.4356520500560        2.54553966E-02   5.10941772E-03
   5747.0166276550362        3.07396185E-02   5.20112459E-03
   5748.5976676656474        1.75431427E-02   4.83698584E-03
   5750.1787719427966        1.64517500E-02   4.83419467E-03
   5751.7599403473878        1.91870481E-02   4.89638839E-03
   5753.3411727403254        2.25841366E-02   4.98126447E-03
   5754.9224689825160        1.99073534E-02   4.87073418E-03
   5756.5038289348622        2.82641500E-02   5.05003799E-03
   5758.0852524582697        1.85709242E-02   4.93608508E-03
   5759.6667394136439        1.95863191E-02   4.93576378E-03
   5761.2482896618894        2.64214296E-02   5.04839281E-03
   5762.8299030639100        2.56124847E-02   4.97488538E-03
   5764.4115794806130        2.28101443E-02   5.05029736E-03
   5765.9933187729021        2.96711978E-02   5.19969501E-03
   5767.5751208016809        2.17663236E-02   4.99008363E-03
   5769.1569854278559        2.38571540E-02   5.07857278E-03
   5770.7389125123309        1.91075895E-02   4.99967905E-03
   5772.3209019160122        1.95693132E-02   5.03675127E-03
   5773.9029534998035        2.27216091E-02   4.96628229E-03
   5775.4850671246095        1.84735544E-02   4.96990513E-03
   5777.0672426513356        2.67993882E-02   5.13260951E-03
   5778.6494799408865        1.92551203E-02   4.95950785E-03
   5780.2317788541677        2.16457210E-02   4.96832328E-03
   5781.8141392520829        2.17678770E-02   4.93110344E-03
   5783.3965609955385        2.30604969E-02   4.95847408E-03
   5784.9790439454382        1.91315711E-02   4.87675238E-03
   5786.5615879626876        1.97038967E-02   4.90869302E-03
   5788.1441929081911        2.76485514E-02   5.14119631E-03
   5789.7268586428536        2.30153780E-02   5.03670983E-03
   5791.3095850275804        2.34387685E-02   4.98378510E-03
   5792.8923719232744        1.69317108E-02   4.86602867E-03
   5794.4752191908437        2.06866041E-02   5.06191561E-03
   5796.0581266911913        2.56527923E-02   5.14412811E-03
   5797.6410942852217        1.39839295E-02   4.86438954E-03
   5799.2241218338422        2.12270841E-02   5.04918303E-03
   5800.8072091979539        2.19579320E-02   5.06013446E-03
   5802.3903562384648        2.05402821E-02   4.97790659E-03
   5803.9735628162780        2.29136404E-02   5.10734972E-03
   5805.5568287922997        1.80101674E-02   5.00751194E-03
   5807.1401540274346        3.33558545E-02   5.22667076E-03
   5808.7235383825855        1.87781733E-02   4.95353295E-03
   5810.3069817186606        1.98077839E-02   5.02789533E-03
   5811.8904838965627        1.71179175E-02   5.03896270E-03
   5813.4740447771974        2.88153104E-02   5.24998456E-03
   5815.0576642214692        1.45384576E-02   4.88715712E-03
   5816.6413420902818        1.87343713E-02   5.00080781E-03
   5818.2250782445426        2.85444912E-02   5.17709693E-03
   5819.8088725451544        1.90229323E-02   5.03741624E-03
   5821.3927248530226        1.41022727E-02   4.96490113E-03
   5822.9766350290529        1.38418330E-02   4.93321568E-03
   5824.5606029341498        2.87773591E-02   5.27312234E-03
   5826.1446284292178        2.26266682E-02   5.17242169E-03
   5827.7287113751618        1.48902340E-02   4.99041798E-03
   5829.3128516328879        2.22838242E-02   5.18937828E-03
   5830.8970490632992        2.42617484E-02   5.17145125E-03
   5832.4813035273019        2.43072659E-02   5.17939171E-03
   5834.0656148857988        2.32156403E-02   5.14702685E-03
   5835.6499829996974        1.93416700E-02   5.00450144E-03
   5837.2344077299012        2.01198515E-02   5.08561172E-03
   5838.8188889373150        2.25342605E-02   5.18051488E-03
   5840.4034264828451        1.92649569E-02   5.10566402E-03
   5841.9880202273953        2.69896593E-02   5.24009950E-03
   5843.5726700318701        1.82583928E-02   5.11659263E-03
   5845.1573757571741        1.61916018E-02   5.01524145E-03
   5846.7421372642129        1.31452633E-02   4.94383555E-03
   5848.3269544138930        3.04113608E-02   5.33208949E-03
   5849.9118270671152        1.79756433E-02   5.01206378E-03
   5851.4967550847887        2.58793067E-02   5.19924704E-03
   5853.0817383278163        2.79767048E-02   5.21199824E-03
   5854.6667766571018        2.53566150E-02   5.14041586E-03
   5856.2518699335524        2.47291327E-02   5.11729345E-03
   5857.8370180180718        3.04316748E-02   5.24194492E-03
   5859.4222207715638        3.70635018E-02   5.39654819E-03
   5861.0074780549357        3.14626172E-02   5.29833650E-03
   5862.5927897290903        3.68223265E-02   5.42397518E-03
   5864.1781556549340        3.71458456E-02   5.45379287E-03
   5865.7635756933714        2.21311841E-02   5.26093785E-03
   5867.3490497053062        3.18583362E-02   5.44633297E-03
   5868.9345775516440        3.31359021E-02   5.48050134E-03
   5870.5201590932902        3.52863260E-02   5.52790752E-03
   5872.1057941911504        2.76567023E-02   5.30986581E-03
   5873.6914827061255        3.49542052E-02   5.48015162E-03
   5875.2772244991256        2.80729048E-02   5.36892191E-03
   5876.8630194310517        2.75164861E-02   5.28848264E-03
   5878.4488673628111        3.79514471E-02   5.53831924E-03
   5880.0347681553067        3.06787156E-02   5.40694362E-03
   5881.6207216694456        2.89536938E-02   5.28971851E-03
   5883.2067277661308        3.24362665E-02   5.39011182E-03
   5884.7927863062678        2.47603953E-02   5.28816367E-03
   5886.3788971507611        3.13660577E-02   5.53126168E-03
   5887.9650601605181        2.71403752E-02   5.79807581E-03
   5889.5512751964397        3.21206972E-02   6.13826234E-03
   5891.1375421194325        2.85755154E-02   6.00673864E-03
   5892.7238607904019        3.39390486E-02   5.91972563E-03
   5894.3102310702534        2.62938142E-02   5.67292888E-03
   5895.8966528198898        3.10592074E-02   5.77576831E-03
   5897.4831259002176        3.59492414E-02   5.94376726E-03
   5899.0696501721422        3.95037308E-02   5.74923912E-03
   5900.6562254965656        3.36764194E-02   5.39735425E-03
   5902.2428517343942        3.42448018E-02   5.45241218E-03
   5903.8295287465353        3.12331878E-02   5.48476493E-03
   5905.4162563938908        2.67709699E-02   5.34907496E-03
   5907.0030345373661        2.74799448E-02   5.35734650E-03
   5908.5898630378670        2.60513760E-02   5.37834829E-03
   5910.1767417562978        3.84056717E-02   5.59696835E-03
   5911.7636705535624        2.81428155E-02   5.36800968E-03
   5913.3506492905681        1.96823999E-02   5.24734193E-03
   5914.9376778282185        2.84816921E-02   5.39494632E-03
   5916.5247560274165        2.58800723E-02   5.32187242E-03
   5918.1118837490703        2.41438039E-02   5.36299683E-03
   5919.6990608540837        2.68006567E-02   5.30899828E-03
   5921.2862872033602        2.50845496E-02   5.33552933E-03
   5922.8735626578064        1.55598838E-02   5.10714669E-03
   5924.4608870783250        2.59589627E-02   5.35322214E-03
   5926.0482603258233        2.26312466E-02   5.33624273E-03
   5927.6356822612051        1.05492910E-02   5.05277328E-03
   5929.2231527453760        2.38090158E-02   5.29996026E-03
   5930.8106716392404        1.68460123E-02   5.20139607E-03
   5932.3982388037020        2.46795136E-02   5.42489812E-03
   5933.9858540996674        2.25088056E-02   5.37809078E-03
   5935.5735173880403        2.18243450E-02   5.30196773E-03
   5937.1612285297269        1.19931707E-02   5.04525565E-03
   5938.7489873856302        2.19883751E-02   5.31062903E-03
   5940.3367938166566        2.26734597E-02   5.41514205E-03
   5941.9246476837106        9.41727217E-03   4.93696472E-03
   5943.5125488476970        1.97383240E-02   5.25107561E-03
   5945.1004971695211        1.75786652E-02   5.26109664E-03
   5946.6884925100858        3.01342085E-02   5.45730675E-03
   5948.2765347302993        2.32948307E-02   5.31743746E-03
   5949.8646236910645        1.87242720E-02   5.17901639E-03
   5951.4527592532868        1.30312704E-02   5.18268906E-03
   5953.0409412778690        1.07540144E-02   5.09974174E-03
   5954.6291696257204        1.43956821E-02   5.21976640E-03
   5956.2174441577399        1.96940769E-02   5.25018899E-03
   5957.8057647348387        2.42563505E-02   5.37451217E-03
   5959.3941312179177        2.61431839E-02   5.42470766E-03
   5960.9825434678833        1.89548340E-02   5.20154834E-03
   5962.5710013456383        2.53177714E-02   5.43458248E-03
   5964.1595047120909        2.25325786E-02   5.32832090E-03
   5965.7480534281431        1.72171835E-02   5.24388300E-03
   5967.3366473547012        1.86621472E-02   5.27140079E-03
   5968.9252863526699        1.91439688E-02   5.31352498E-03
   5970.5139702829538        2.61958521E-02   5.50232688E-03
   5972.1026990064574        2.93231942E-02   5.55202924E-03
   5973.6914723840873        2.36746911E-02   5.41947782E-03
   5975.2802902767462        3.71671654E-02   5.69197536E-03
   5976.8691525453405        1.97589975E-02   5.35527524E-03
   5978.4580590507749        3.74088548E-02   5.70932357E-03
   5980.0470096539530        2.61342749E-02   5.47633413E-03
   5981.6360042157812        2.85047293E-02   5.52568538E-03
   5983.2250425971633        1.73759032E-02   5.24672261E-03
   5984.8141246590058        2.09312979E-02   5.32778120E-03
   5986.4032502622122        2.35631876E-02   5.38399909E-03
   5987.9924192676872        3.09345089E-02   5.53786103E-03
   5989.5816315363354        2.73272526E-02   5.49221691E-03
   5991.1708869290633        2.33933367E-02   5.48598217E-03
   5992.7601853067745        1.49544142E-02   5.21648582E-03
   5994.3495265303745        2.44392436E-02   5.46652591E-03
   5995.9389104607681        1.55580724E-02   5.28655713E-03
   5997.5283369588587        8.26081261E-03   5.07473061E-03
   5999.1178058855539        2.78913770E-02   5.52796852E-03
   6000.7073171017573        1.78425945E-02   5.32832649E-03
   6002.2968704683726        2.59787217E-02   5.49540808E-03
   6003.8864658463071        2.24094708E-02   5.45072183E-03
   6005.4761030964637        3.08866836E-02   5.57517493E-03
   6007.0657820797469        1.54442443E-02   5.26328478E-03
   6008.6555026570641        1.90771576E-02   5.31050609E-03
   6010.2452646893189        1.44592933E-02   5.26661379E-03
   6011.8350680374142        3.13152410E-02   5.64003037E-03
   6013.4249125622564        2.27534324E-02   5.41289477E-03
   6015.0147981247528        2.17042565E-02   5.31214196E-03
   6016.6047245858044        2.26702411E-02   5.43348910E-03
   6018.1946918063186        1.21332332E-02   5.17900568E-03
   6019.7846996471990        2.11714953E-02   5.38983196E-03
   6021.3747479693511        1.86991915E-02   5.30429371E-03
   6022.9648366336796        1.50444163E-02   5.27433166E-03
   6024.5549655010882        2.48671491E-02   5.47158299E-03
   6026.1451344324851        2.42105518E-02   5.46576735E-03
   6027.7353432887703        1.60346646E-02   5.30445576E-03
   6029.3255919308531        9.89106949E-03   5.17232483E-03
   6030.9158802196362        1.27983894E-02   5.31723490E-03
   6032.5062080160260        1.92326792E-02   5.43949148E-03
   6034.0965751809254        1.10672386E-02   5.29006822E-03
   6035.6869815752416        2.04511806E-02   5.52201876E-03
   6037.2774270598766        2.57160012E-02   5.59002813E-03
   6038.8679114957367        1.99174490E-02   5.43387281E-03
   6040.4584347437285        1.88181829E-02   5.40418644E-03
   6042.0489966647528        3.33760008E-02   5.75360050E-03
   6043.6395971197189        1.46371350E-02   5.30578662E-03
   6045.2302359695295        2.51585133E-02   5.59293013E-03
   6046.8209130750884        1.04999831E-02   5.24933217E-03
   6048.4116282973037        2.27380544E-02   5.57355024E-03
   6050.0023814970773        2.21899748E-02   5.55554591E-03
   6051.5931725353148        1.72786321E-02   5.47078904E-03
   6053.1840012729208        1.47341285E-02   5.33598848E-03
   6054.7748675708017        2.04212070E-02   5.46324905E-03
   6056.3657712898612        2.75416598E-02   5.69766248E-03
   6057.9567122910057        1.74145289E-02   5.38804987E-03
   6059.5476904351372        1.06811048E-02   5.39422128E-03
   6061.1387055831628        2.20820345E-02   5.56795066E-03
   6062.7297575959874        1.81208309E-02   5.40810172E-03
   6064.3208463345136        2.31670141E-02   5.61364321E-03
   6065.9119716596488        2.03485303E-02   5.53387497E-03
   6067.5031334322975        2.36493479E-02   5.58562018E-03
   6069.0943315133636        2.14773789E-02   5.58416545E-03
   6070.6855657637525        1.87235791E-02   5.61711658E-03
   6072.2768360443697        2.18804516E-02   5.57270460E-03
   6073.8681422161180        2.25823652E-02   5.69461426E-03
   6075.4594841399048        2.58720834E-02   5.65827545E-03
   6077.0508616766338        2.27837805E-02   5.62695600E-03
   6078.6422746872104        2.11956743E-02   5.55176428E-03
   6080.2337230325384        1.89006887E-02   5.55166416E-03
   6081.8252065735232        1.98305417E-02   5.51738963E-03
   6083.4167251710705        1.77124050E-02   5.54722128E-03
   6085.0082786860839        2.19135284E-02   5.59356529E-03
   6086.5998669794690        2.23871376E-02   5.62939374E-03
   6088.1914899121311        2.47977767E-02   5.72691020E-03
   6089.7831473449742        2.25968510E-02   5.60932187E-03
   6091.3748391389036        1.32387504E-02   5.40752988E-03
   6092.9665651548239        2.63104886E-02   5.76367509E-03
   6094.5583252536399        2.67855935E-02   5.73234633E-03
   6096.1501192962569        3.01512275E-02   5.83614688E-03
   6097.7419471435796        9.39820241E-03   5.42718265E-03
   6099.3338086565127        1.67940445E-02   5.57176722E-03
   6100.9257036959616        2.71140449E-02   5.72802918E-03
   6102.5176321228309        3.03041935E-02   5.81947900E-03
   6104.1095937980253        2.12369598E-02   5.58475312E-03
   6105.7015885824503        3.40941958E-02   5.91872307E-03
   6107.2936163370096        2.40500718E-02   5.69187431E-03
   6108.8856769226095        1.98131800E-02   5.66565618E-03
   6110.4777702001529        2.40914002E-02   5.74775366E-03
   6112.0698960305472        2.07602810E-02   5.63978683E-03
   6113.6620542746959        2.16518659E-02   5.73562831E-03
   6115.2542447935039        1.60195176E-02   5.59472339E-03
   6116.8464674478755        2.30994541E-02   5.80727169E-03
   6118.4387220987173        2.83981934E-02   5.89320622E-03
   6120.0310086069330        2.14393474E-02   5.67941135E-03
   6121.6233268334272        1.98011324E-02   5.59258414E-03
   6123.2156766391045        2.09174436E-02   5.71560441E-03
   6124.8080578848731        2.05913428E-02   5.62617043E-03
   6126.4004704316330        2.05250755E-02   5.74990828E-03
   6127.9929141402918        1.13384537E-02   5.53669967E-03
   6129.5853888717538        3.28719802E-02   6.00738497E-03
   6131.1778944869238        2.44391374E-02   5.78789273E-03
   6132.7704308467073        1.59841701E-02   5.63636655E-03
   6134.3629978120089        2.08706483E-02   5.77461394E-03
   6135.9555952437331        3.39813977E-02   6.02247659E-03
   6137.5482230027847        2.35143825E-02   5.77600161E-03
   6139.1408809500699        1.59783792E-02   5.63166570E-03
   6140.7335689464917        2.68903952E-02   5.89344604E-03
   6142.3262868529564        2.71449666E-02   5.93988504E-03
   6143.9190345303668        1.89197697E-02   5.74781466E-03
   6145.5118118396313        2.55451072E-02   5.90293482E-03
   6147.1046186416515        2.72214394E-02   5.96534880E-03
   6148.6974547973350        2.92622391E-02   5.96688269E-03
   6150.2903201675836        1.52480826E-02   5.71849383E-03
   6151.8832146133045        2.12325398E-02   5.85888419E-03
   6153.4761379954025        1.61778331E-02   5.79781784E-03
   6155.0690901747812        1.87233966E-02   5.75503288E-03
   6156.6620710123461        1.82429105E-02   5.81956562E-03
   6158.2550803690028        2.31992323E-02   5.92914876E-03
   6159.8481181056550        1.64189767E-02   5.67657268E-03
   6161.4411840832081        1.91261508E-02   5.75118139E-03
   6163.0342781625668        1.40141165E-02   5.61532192E-03
   6164.6274002046375        1.32644717E-02   5.65895019E-03
   6166.2205500703230        1.61158107E-02   5.76368067E-03
   6167.8137276205280        2.13640444E-02   5.86605072E-03
   6169.4069327161596        1.81820206E-02   5.84286032E-03
   6171.0001652181209        1.60742346E-02   5.79536334E-03
   6172.5934249873180        3.19554657E-02   6.19839923E-03
   6174.1867118846540        2.68205404E-02   6.10994222E-03
   6175.7800257710351        1.91979893E-02   5.94989303E-03
   6177.3733665073660        2.84190811E-02   6.19444717E-03
   6178.9667339545513        2.18538586E-02   6.04816433E-03
   6180.5601279734956        1.95202082E-02   5.94488671E-03
   6182.1535484251053        2.86717806E-02   6.17940072E-03
   6183.7469951702833        2.58246362E-02   6.06538402E-03
   6185.3404680699368        1.70479100E-02   5.91929071E-03
   6186.9339669849678        2.57004816E-02   6.10014936E-03
   6188.5274917762827        3.25267762E-02   6.26207748E-03
   6190.1210423047869        1.81133766E-02   5.91390533E-03
   6191.7146184313851        2.69265827E-02   6.17465703E-03
   6193.3082200169811        2.28896029E-02   6.16347045E-03
   6194.9018469224811        2.42726617E-02   6.22958783E-03
   6196.4954990087890        3.14414501E-02   6.35743793E-03
   6198.0891761368102        3.63776051E-02   6.45126356E-03
   6199.6828781674494        1.53821381E-02   6.09340239E-03
   6201.2766049616121        2.04643272E-02   6.17835857E-03
   6202.8703563802010        4.12271684E-03   5.83780836E-03
   6204.4641322841244        2.23279893E-02   6.29482279E-03
   6206.0579325342842        2.36620884E-02   6.26237039E-03
   6207.6517569915868        1.83164570E-02   6.11021509E-03
   6209.2456055169359        3.32390778E-02   6.43702783E-03
   6210.8394779712389        2.34624185E-02   6.34845532E-03
   6212.4333742153976        3.30565348E-02   6.48014667E-03
   6214.0272941103176        3.47217880E-02   6.44898461E-03
   6215.6212375169071        1.02535328E-02   5.97238680E-03
   6217.2152042960652        2.72089243E-02   6.27654605E-03
   6218.8091943087020        3.45112458E-02   6.53948868E-03
   6220.4032074157194        3.84310856E-02   6.66004140E-03
   6221.9972434780229        2.99331211E-02   6.50043087E-03
   6223.5913023565181        2.42792312E-02   6.40704902E-03
   6225.1853839121095        2.15296783E-02   6.32811151E-03
   6226.7794880057018        2.35282276E-02   6.38081552E-03
   6228.3736144981995        2.86153108E-02   6.48953766E-03
   6229.9677632505081        2.48844754E-02   6.41608285E-03
   6231.5619341235324        1.96818318E-02   6.26433641E-03
   6233.1561269781769        2.21645627E-02   6.54416857E-03
   6234.7503416753480        1.83857903E-02   6.53774943E-03
   6236.3445780759484        1.52250249E-02   6.56722952E-03
   6237.9388360408839        2.62548849E-02   6.67925738E-03
   6239.5331154310588        1.03046000E-02   6.37091324E-03
   6241.1274161073807        3.49739417E-02   6.73882291E-03
   6242.7217379307504        2.40654685E-02   6.61611184E-03
   6244.3160807620752        2.80354153E-02   6.54871622E-03
   6245.9104444622599        2.72478592E-02   6.54442515E-03
   6247.5048288922089        3.84443961E-02   6.84008095E-03
   6249.0992339128270        2.63249744E-02   6.58658473E-03
   6250.6936593850196        2.30392087E-02   6.50318153E-03
   6252.2881051696913        1.05601335E-02   6.21571625E-03
   6253.8825711277468        2.30482481E-02   6.47562463E-03
   6255.4770571200906        2.23953016E-02   6.66345004E-03
   6257.0715630076284        2.18582097E-02   6.70141121E-03
   6258.6660886512655        2.66349800E-02   6.83452375E-03
   6260.2606339119038        3.84335145E-02   7.11780787E-03
   6261.8551986504535        1.12441815E-02   6.46572514E-03
   6263.4497827278155        2.50972603E-02   6.80483691E-03
   6265.0443860048945        1.62765849E-02   6.66683912E-03
   6266.6390083425968        2.56637577E-02   6.84377551E-03
   6268.2336496018279        2.47059297E-02   6.77126506E-03
   6269.8283096434898        2.88594849E-02   6.84641395E-03
   6271.4229883284906        1.19202137E-02   6.64553605E-03
   6273.0176855177351        1.44174341E-02   6.60723587E-03
   6274.6124010721251        2.09565368E-02   6.73839590E-03
   6276.2071348525678        3.19633931E-02   6.98728021E-03
   6277.8018867199671        2.23055314E-02   6.69941027E-03
   6279.3966565352293        3.12517770E-02   6.89429138E-03
   6280.9914441592573        1.14686526E-02   6.48362515E-03
   6282.5862494529583        2.80840546E-02   6.98759966E-03
   6284.1810722772370        1.40728066E-02   6.79739518E-03
   6285.7759124929953        3.99627127E-02   7.41242897E-03
   6287.3707699611396        3.42107564E-02   7.32081383E-03
   6288.9656445425762        2.80603319E-02   7.19042541E-03
   6290.5605360982090        2.24298444E-02   7.07902014E-03
