   3855.2274303843919        2.79448144E-02   5.72112855E-03
   3856.6174729852814        2.32838336E-02   5.48686180E-03
   3858.0077548345162        2.07636114E-02   5.22720581E-03
   3859.3982757930003        1.69813596E-02   5.08849882E-03
   3860.7890357216388        3.38278189E-02   5.65041555E-03
   3862.1800344813364        2.09612437E-02   5.42209763E-03
   3863.5712719329986        1.85988192E-02   5.49833477E-03
   3864.9627479375290        2.49544233E-02   5.73923578E-03
   3866.3544623558328        2.17731073E-02   5.43907424E-03
   3867.7464150488154        1.61370635E-02   5.28877461E-03
   3869.1386058773810        2.42405105E-02   5.31568099E-03
   3870.5310347024347        1.19804060E-02   4.83790645E-03
   3871.9237013848806        2.55211759E-02   5.14824968E-03
   3873.3166057856251        2.72511598E-02   5.38803730E-03
   3874.7097477655711        2.72108316E-02   5.55269327E-03
   3876.1031271856245        2.50865854E-02   5.43969916E-03
   3877.4967439066895        2.89214477E-02   5.47157926E-03
   3878.8905977896716        2.72952244E-02   5.32227056E-03
   3880.2846886954749        2.23333184E-02   5.09032421E-03
   3881.6790164850049        3.10089774E-02   5.31997625E-03
   3883.0735810191663        2.89536323E-02   5.23077184E-03
   3884.4683821588628        3.04943658E-02   5.39974170E-03
   3885.8634197650008        2.25088280E-02   5.04323188E-03
   3887.2586936984835        2.25387514E-02   5.02604479E-03
   3888.6542038202169        3.23096849E-02   5.21629769E-03
   3890.0499499911057        2.01203041E-02   4.90284991E-03
   3891.4459320720539        2.05365345E-02   5.09708934E-03
   3892.8421499239666        2.49851551E-02   5.25293313E-03
   3894.2386034077495        1.75096896E-02   4.97194380E-03
   3895.6352923843060        3.16238105E-02   5.31581789E-03
   3897.0322167145418        2.15654392E-02   5.07202046E-03
   3898.4293762593616        2.30488293E-02   5.12808468E-03
   3899.8267708796698        2.17578728E-02   5.05106058E-03
   3901.2244004363715        3.12542617E-02   5.29281283E-03
   3902.6222647903719        2.03467943E-02   4.96071810E-03
   3904.0203638025746        2.45453976E-02   4.97140875E-03
   3905.4186973338851        2.58360188E-02   4.97724814E-03
   3906.8172652452090        2.07556840E-02   4.87349648E-03
   3908.2160673974495        2.97985151E-02   5.26709436E-03
   3909.6151036515130        1.61629003E-02   4.92297858E-03
   3911.0143738683028        2.80610174E-02   5.20377373E-03
   3912.4138779087248        1.76681317E-02   4.96031437E-03
   3913.8136156336832        1.87152456E-02   5.00119384E-03
   3915.2135869040831        1.29347984E-02   4.79176361E-03
   3916.6137915808290        2.77326666E-02   5.07692248E-03
   3918.0142295248256        1.40452450E-02   4.64454480E-03
   3919.4149005969789        2.25485787E-02   4.75795893E-03
   3920.8158046581921        2.10224763E-02   4.60710144E-03
   3922.2169415693711        2.76251733E-02   4.79219155E-03
   3923.6183111914197        2.55001336E-02   4.64454573E-03
   3925.0199133852434        2.76441909E-02   4.71520657E-03
   3926.4217480117468        2.00871490E-02   4.36407747E-03
   3927.8238149318354        1.36811314E-02   3.90954828E-03
   3929.2261140064124        1.20736649E-02   3.67689505E-03
   3930.6286450963839        2.63563879E-02   3.90441320E-03
   3932.0314080626545        2.25586984E-02   3.66016245E-03
   3933.4344027661291        2.48718224E-02   3.64429224E-03
   3934.8376290677115        2.47907266E-02   3.60455993E-03
   3936.2410868283077        2.46469565E-02   3.76925338E-03
   3937.6447759088214        2.45121866E-02   3.95064149E-03
   3939.0486961701586        2.72026062E-02   4.16288292E-03
   3940.4528474732233        3.03254984E-02   4.43817163E-03
   3941.8572296789202        2.36108694E-02   4.32031183E-03
   3943.2618426481549        1.72579139E-02   4.10963548E-03
   3944.6666862418315        2.92262323E-02   4.52955952E-03
   3946.0717603208545        1.30693596E-02   4.13211389E-03
   3947.4770647461296        2.68326420E-02   4.63803485E-03
   3948.8825993785613        1.97544806E-02   4.49250778E-03
   3950.2883640790542        2.70121526E-02   4.69295681E-03
   3951.6943587085134        2.26733964E-02   4.51922882E-03
   3953.1005831278426        2.15405487E-02   4.53122333E-03
   3954.5070371979482        2.86753066E-02   4.75660199E-03
   3955.9137207797335        1.36698214E-02   4.24704375E-03
   3957.3206337341048        2.51605716E-02   4.53695236E-03
   3958.7277759219655        2.63486039E-02   4.65349387E-03
   3960.1351472042215        2.48518642E-02   4.43832530E-03
   3961.5427474417766        2.93308608E-02   4.42188326E-03
   3962.9505764955366        2.56163813E-02   4.14134562E-03
   3964.3586342264052        2.69110296E-02   4.01288969E-03
   3965.7669204952886        3.01542412E-02   4.02796175E-03
   3967.1754351630902        2.71685291E-02   3.73401144E-03
   3968.5841780907153        2.73161195E-02   3.60078178E-03
   3969.9931491390689        2.36889385E-02   3.53046693E-03
   3971.4023481690560        2.72250064E-02   3.78810964E-03
   3972.8117750415809        2.56229695E-02   3.94420279E-03
   3974.2214296175489        1.95649490E-02   3.93099943E-03
   3975.6313117578638        1.85580608E-02   4.07947507E-03
   3977.0414213234317        2.28225458E-02   4.30358481E-03
   3978.4517581751561        2.57048272E-02   4.51542996E-03
   3979.8623221739426        2.06569470E-02   4.39668633E-03
   3981.2731131806959        1.70767959E-02   4.37930040E-03
   3982.6841310563204        2.56090742E-02   4.54838574E-03
   3984.0953756617218        1.88691728E-02   4.36755875E-03
   3985.5068468578042        1.63060036E-02   4.23045317E-03
   3986.9185445054723        2.21710801E-02   4.45162272E-03
   3988.3304684656314        2.69096326E-02   4.62166406E-03
   3989.7426185991858        2.81554200E-02   4.63113701E-03
   3991.1549947670405        2.04764940E-02   4.52622585E-03
   3992.5675968301002        1.99364871E-02   4.45391703E-03
   3993.9804246492699        2.16253567E-02   4.52812715E-03
   3995.3934780854543        1.84006095E-02   4.38165292E-03
   3996.8067569995578        1.56058045E-02   4.22710832E-03
   3998.2202612524861        1.53600918E-02   4.28151945E-03
   3999.6339907051433        2.53584944E-02   4.58311150E-03
   4001.0479452184345        1.70645546E-02   4.42432612E-03
   4002.4621246532638        2.05722507E-02   4.53924155E-03
   4003.8765288705367        1.88485496E-02   4.40092385E-03
   4005.2911577311584        2.19562594E-02   4.36345348E-03
   4006.7060110960324        1.46834338E-02   4.19759611E-03
   4008.1210888260648        2.26196889E-02   4.40579792E-03
   4009.5363907821597        2.64001396E-02   4.62400261E-03
   4010.9519168252223        2.06523705E-02   4.45672171E-03
   4012.3676668161565        2.73425486E-02   4.64419695E-03
   4013.7836406158676        1.80570483E-02   4.43144888E-03
   4015.1998380852615        2.46108714E-02   4.56283288E-03
   4016.6162590852409        2.04041358E-02   4.43944475E-03
   4018.0329034767124        2.37692874E-02   4.48688958E-03
   4019.4497711205800        1.50027955E-02   4.30581765E-03
   4020.8668618777483        2.06736717E-02   4.46188403E-03
   4022.2841756091225        2.77296957E-02   4.64499788E-03
   4023.7017121756076        2.27167215E-02   4.43697209E-03
   4025.1194714381072        3.19717936E-02   4.68100235E-03
   4026.5374532575279        1.31351622E-02   4.24910663E-03
   4027.9556574947728        1.76865403E-02   4.38162358E-03
   4029.3740840107480        1.91255286E-02   4.34793346E-03
   4030.7927326663571        2.42702272E-02   4.38846042E-03
   4032.2116033225061        2.47396287E-02   4.32063919E-03
   4033.6306958400992        1.56799220E-02   3.99676291E-03
   4035.0500100800409        1.95243917E-02   4.22395300E-03
   4036.4695459032364        2.20219977E-02   4.35484434E-03
   4037.8893031705907        2.45712902E-02   4.48597502E-03
   4039.3092817430083        2.54479777E-02   4.58336435E-03
   4040.7294814813936        1.97762996E-02   4.31645196E-03
   4042.1499022466523        1.92389823E-02   4.30491939E-03
   4043.5705438996888        2.15365384E-02   4.24004579E-03
   4044.9914063014071        2.18845159E-02   4.13643569E-03
   4046.4124893127132        1.57818738E-02   3.95433698E-03
   4047.8337927945113        1.67914368E-02   4.00640490E-03
   4049.2553166077059        1.05913756E-02   4.01230110E-03
   4050.6770606132027        1.97187252E-02   4.32027644E-03
   4052.0990246719057        1.71612408E-02   4.23172629E-03
   4053.5212086447195        1.83697380E-02   4.21947427E-03
   4054.9436123925502        1.78316832E-02   4.12081694E-03
   4056.3662357763010        2.38534417E-02   4.24052076E-03
   4057.7890786568778        2.00062022E-02   4.06532316E-03
   4059.2121408951853        1.64282583E-02   4.07484500E-03
   4060.6354223521275        2.25456618E-02   4.19659493E-03
   4062.0589228886106        2.18495075E-02   4.14989796E-03
   4063.4826423655377        1.47322007E-02   3.89943831E-03
   4064.9065806438143        2.50819158E-02   4.09752131E-03
   4066.3307375843460        2.14801319E-02   4.07683523E-03
   4067.7551130480365        1.68719012E-02   4.12705122E-03
   4069.1797068957908        2.20513735E-02   4.19753138E-03
   4070.6045189885144        2.14145444E-02   4.14951425E-03
   4072.0295491871111        1.74158979E-02   4.03326843E-03
   4073.4547973524868        1.37634408E-02   3.91549896E-03
   4074.8802633455448        1.57520734E-02   3.99177521E-03
   4076.3059470271915        2.52856947E-02   4.18828847E-03
   4077.7318482583305        2.19281409E-02   4.11207322E-03
   4079.1579668998670        2.27321628E-02   4.08156356E-03
   4080.5843028127060        1.74088329E-02   4.06836299E-03
   4082.0108558577526        1.20437946E-02   3.95402312E-03
   4083.4376258959110        2.61304229E-02   4.27183462E-03
   4084.8646127880857        2.06425898E-02   4.10879403E-03
   4086.2918163951822        1.85529627E-02   4.14858572E-03
   4087.7192365781048        2.37327293E-02   4.28758794E-03
   4089.1468731977589        2.02775765E-02   4.23488067E-03
   4090.5747261150486        2.94779036E-02   4.42833034E-03
   4092.0027951908792        2.62347274E-02   4.30021714E-03
   4093.4310802861551        2.58045774E-02   4.27484047E-03
   4094.8595812617814        2.11579744E-02   4.11426835E-03
   4096.2882979786627        1.33410022E-02   3.86937917E-03
   4097.7172302977042        2.09657326E-02   3.99684627E-03
   4099.1463780798103        2.16708053E-02   3.90484743E-03
   4100.5757411858858        2.17690282E-02   3.83841409E-03
   4102.0053194768352        2.22378746E-02   3.76940612E-03
   4103.4351128135640        2.22004857E-02   3.74337845E-03
   4104.8651210569769        2.04647537E-02   3.89902433E-03
   4106.2953440679785        1.96690764E-02   3.95371858E-03
   4107.7257817074724        2.18942463E-02   4.05239686E-03
   4109.1564338363660        2.51482427E-02   4.14995849E-03
   4110.5873003155621        1.83423236E-02   3.93884117E-03
   4112.0183810059661        1.70215629E-02   3.92157026E-03
   4113.4496757684828        2.77414657E-02   4.27045906E-03
   4114.8811844640159        1.97322275E-02   4.12483234E-03
   4116.3129069534716        1.38792368E-02   3.96457454E-03
   4117.7448430977556        1.55443531E-02   3.97426961E-03
   4119.1769927577698        1.48883117E-02   3.95002170E-03
   4120.6093557944223        2.15472393E-02   4.04572580E-03
   4122.0419320686151        2.03993805E-02   4.01514862E-03
   4123.4747214412537        1.93080883E-02   4.06395132E-03
   4124.9077237732436        1.84521172E-02   4.02249582E-03
   4126.3409389254903        1.77469254E-02   3.96120781E-03
   4127.7743667588966        2.04329398E-02   3.97535926E-03
   4129.2080071343680        1.55044999E-02   3.88760236E-03
   4130.6418599128101        1.78441945E-02   3.90679250E-03
   4132.0759249551274        2.03385651E-02   3.92246014E-03
   4133.5102021222247        1.88123137E-02   3.83619475E-03
   4134.9446912750045        1.85533464E-02   3.85273434E-03
   4136.3793922743762        1.85019299E-02   3.93357500E-03
   4137.8143049812406        2.21188460E-02   4.08536056E-03
   4139.2494292565043        2.25554630E-02   4.05931892E-03
   4140.6847649610718        1.96521282E-02   4.02953848E-03
   4142.1203119558477        1.47425691E-02   3.78809427E-03
   4143.5560701017375        2.01842710E-02   3.86225781E-03
   4144.9920392596441        2.24624313E-02   3.93906655E-03
   4146.4282192904739        1.61107909E-02   3.78866168E-03
   4147.8646100551323        1.87986717E-02   3.88063956E-03
   4149.3012114145231        1.73007008E-02   3.83664109E-03
   4150.7380232295500        2.12621037E-02   3.93138500E-03
   4152.1750453611203        2.74392646E-02   4.04928112E-03
   4153.6122776701368        1.58284958E-02   3.76612414E-03
   4155.0497200175050        2.06476692E-02   3.84257874E-03
   4156.4873722641296        3.02330200E-02   4.05609934E-03
   4157.9252342709169        1.82494931E-02   3.81509634E-03
   4159.3633058987680        1.61039270E-02   3.75300320E-03
   4160.8015870085910        1.74566265E-02   3.86897032E-03
   4162.2400774612897        2.28027515E-02   3.99746839E-03
   4163.6787771177687        1.92245375E-02   3.94709734E-03
   4165.1176858389335        2.58603729E-02   4.08238824E-03
   4166.5568034856869        2.54575182E-02   4.08390490E-03
   4167.9961299189372        2.22182088E-02   3.99038335E-03
   4169.4356649995852        2.20984239E-02   3.94335296E-03
   4170.8754085885384        2.29656305E-02   3.93625163E-03
   4172.3153605467005        1.79053694E-02   3.73047381E-03
   4173.7555207349769        2.00934988E-02   3.75401485E-03
   4175.1958890142723        1.59093831E-02   3.70943244E-03
   4176.6364652454904        2.29705777E-02   3.83720128E-03
   4178.0772492895376        1.60526279E-02   3.67587642E-03
   4179.5182410073185        8.43629520E-03   3.46477912E-03
   4180.9594402597368        2.22915988E-02   3.82997678E-03
   4182.4008469076980        1.61389541E-02   3.64260538E-03
   4183.8424608121059        1.50083108E-02   3.70569341E-03
   4185.2842818338677        2.28016749E-02   3.82399024E-03
   4186.7263098338854        1.82182342E-02   3.68057634E-03
   4188.1685446730662        1.72121860E-02   3.68997874E-03
   4189.6109862123121        1.71725843E-02   3.67823686E-03
   4191.0536343125314        2.37755943E-02   3.93939763E-03
   4192.4964888346258        2.20630094E-02   3.89576121E-03
   4193.9395496395009        2.62163766E-02   3.96325486E-03
   4195.3828165880632        1.89189035E-02   3.70415789E-03
   4196.8262895412154        1.42710246E-02   3.55344778E-03
   4198.2699683598630        1.90076549E-02   3.57664772E-03
   4199.7138529049116        2.06658095E-02   3.65257962E-03
   4201.1579430372640        1.92959718E-02   3.59336985E-03
   4202.6022386178274        2.31092032E-02   3.72688705E-03
   4204.0467395075057        2.18909476E-02   3.74695100E-03
   4205.4914455672033        1.22696860E-02   3.53833940E-03
   4206.9363566578249        1.91144831E-02   3.75173031E-03
   4208.3814726402752        1.43122841E-02   3.59747000E-03
   4209.8267933754596        1.49994865E-02   3.64599982E-03
   4211.2723187242827        1.57045089E-02   3.69883981E-03
   4212.7180485476501        1.84360221E-02   3.78656015E-03
   4214.1639827064655        1.70071907E-02   3.68074584E-03
   4215.6101210616334        2.18095519E-02   3.75638995E-03
   4217.0564634740585        2.02781241E-02   3.69354500E-03
   4218.5030098046473        1.58654358E-02   3.59629793E-03
   4219.9497599143033        1.59658864E-02   3.65398941E-03
   4221.3967136639312        2.10255086E-02   3.77074140E-03
   4222.8438709144366        1.70676503E-02   3.62470653E-03
   4224.2912315267240        1.86274815E-02   3.56926001E-03
   4225.7387953616972        1.81523282E-02   3.36033176E-03
   4227.1865622802616        1.91752743E-02   3.38289258E-03
   4228.6345321433228        1.68223232E-02   3.40212113E-03
   4230.0827048117844        7.85409100E-03   3.27845360E-03
   4231.5310801465530        2.05285326E-02   3.71216028E-03
   4232.9796580085313        2.61820406E-02   3.84319760E-03
   4234.4284382586256        2.27210261E-02   3.67635582E-03
   4235.8774207577399        2.16610469E-02   3.58302798E-03
   4237.3266053667785        2.00263541E-02   3.57434433E-03
   4238.7759919466471        2.22596489E-02   3.59195285E-03
   4240.2255803582502        2.04157531E-02   3.57501139E-03
   4241.6753704624925        1.58510245E-02   3.46164242E-03
   4243.1253621202795        2.24360060E-02   3.65525065E-03
   4244.5755551925158        2.27044914E-02   3.65141290E-03
   4246.0259495401051        1.28182480E-02   3.40190181E-03
   4247.4765450239529        2.67524775E-02   3.73054761E-03
   4248.9273415049638        1.84442718E-02   3.46632558E-03
   4250.3783388440434        2.80972458E-02   3.67430528E-03
   4251.8295369020962        1.51817203E-02   3.40028410E-03
   4253.2809355400259        2.01483425E-02   3.48624075E-03
   4254.7325346187390        1.57528203E-02   3.42400512E-03
   4256.1843339991383        1.24686304E-02   3.29355593E-03
   4257.6363335421302        1.48335677E-02   3.37234209E-03
   4259.0885331086183        1.03389239E-02   3.19323596E-03
   4260.5409325595092        1.30868824E-02   3.21492716E-03
   4261.9935317557065        2.18129344E-02   3.47498665E-03
   4263.4463305581139        2.08459124E-02   3.49399005E-03
   4264.8993288276388        1.66878756E-02   3.48535203E-03
   4266.3525264251839        2.05608159E-02   3.59101081E-03
   4267.8059232116548        1.71737466E-02   3.47783207E-03
   4269.2595190479551        1.76591501E-02   3.38629284E-03
   4270.7133137949922        1.70519091E-02   3.29607446E-03
   4272.1673073136681        2.00890191E-02   3.29534546E-03
   4273.6214994648890        2.10538860E-02   3.28542525E-03
   4275.0758901095605        1.82907563E-02   3.35932593E-03
   4276.5304791085855        1.79324392E-02   3.37568647E-03
   4277.9852663228703        1.53615130E-02   3.36595089E-03
   4279.4402516133187        1.72572639E-02   3.39084491E-03
   4280.8954348408352        1.73250921E-02   3.36610689E-03
   4282.3508158663262        2.31857318E-02   3.51635413E-03
   4283.8063945506956        1.74109396E-02   3.36000510E-03
   4285.2621707548487        1.59035642E-02   3.30491806E-03
   4286.7181443396894        2.17840727E-02   3.45331058E-03
   4288.1743151661221        2.17836425E-02   3.37428600E-03
   4289.6306830950534        1.44441668E-02   3.18646035E-03
   4291.0872479873860        2.55404580E-02   3.46123218E-03
   4292.5440097040264        2.22850535E-02   3.39930155E-03
   4294.0009681058782        1.21862087E-02   3.16736777E-03
   4295.4581230538479        1.34215644E-02   3.19176936E-03
   4296.9154744088382        1.28437895E-02   3.08718137E-03
   4298.3730220317548        1.65550094E-02   3.12564918E-03
   4299.8307657835030        1.95391439E-02   3.10461549E-03
   4301.2887055249867        1.96981821E-02   3.05205304E-03
   4302.7468411171112        1.65902618E-02   3.00454465E-03
   4304.2051724207813        1.72186941E-02   3.00445198E-03
   4305.6636992969025        2.17566155E-02   3.11948336E-03
   4307.1224216063774        1.83266737E-02   3.01892590E-03
   4308.5813392101127        1.22931562E-02   2.80264718E-03
   4310.0404519690128        1.35577973E-02   2.80857901E-03
   4311.4997597439833        1.96138117E-02   3.06276092E-03
   4312.9592623959261        1.97526198E-02   3.19046620E-03
   4314.4189597857494        1.46914311E-02   3.15367640E-03
   4315.8788517743569        1.43730137E-02   3.31574492E-03
   4317.3389382226524        1.35817444E-02   3.34786368E-03
   4318.7992189915412        1.53894322E-02   3.41833546E-03
   4320.2596939419282        1.74931474E-02   3.44218127E-03
   4321.7203629347177        2.03286055E-02   3.44080245E-03
   4323.1812258308164        2.21910942E-02   3.36109661E-03
   4324.6422824911269        1.96275711E-02   3.18225892E-03
   4326.1035327765549        1.92462504E-02   3.12572345E-03
   4327.5649765480048        1.94939803E-02   3.29419225E-03
   4329.0266136663831        1.87059753E-02   3.33531201E-03
   4330.4884439925927        1.77592356E-02   3.38356895E-03
   4331.9504673875372        2.08307300E-02   3.45893600E-03
   4333.4126837121257        2.05535144E-02   3.41913197E-03
   4334.8750928272584        2.04069633E-02   3.41671263E-03
   4336.3376945938435        2.50179637E-02   3.44505045E-03
   4337.8004888727828        1.99474506E-02   3.23023717E-03
   4339.2634755249837        2.17993706E-02   3.11641349E-03
   4340.7266544113500        2.24550720E-02   3.13639850E-03
   4342.1900253927861        1.87076721E-02   3.04637360E-03
   4343.6535883301976        1.60650928E-02   3.12222820E-03
   4345.1173430844892        1.42699489E-02   3.15715536E-03
   4346.5812895165636        2.45930143E-02   3.42470291E-03
   4348.0454274873291        1.17081692E-02   3.17641743E-03
   4349.5097568576884        1.72685795E-02   3.28875566E-03
   4350.9742774885462        2.02415586E-02   3.30037484E-03
   4352.4389892408080        1.30108418E-02   3.08049377E-03
   4353.9038919753784        1.09724654E-02   3.01938038E-03
   4355.3689855531620        2.29983814E-02   3.38775502E-03
   4356.8342698350634        1.98378060E-02   3.29146814E-03
   4358.2997446819891        1.74303297E-02   3.26293125E-03
   4359.7654099548408        1.65657811E-02   3.26977461E-03
   4361.2312655145251        1.85753983E-02   3.29877483E-03
   4362.6973112219475        1.50889242E-02   3.24297603E-03
   4364.1635469380117        2.38516107E-02   3.44581879E-03
   4365.6299725236231        2.01654360E-02   3.35435453E-03
   4367.0965878396864        1.59131382E-02   3.23940674E-03
   4368.5633927471044        1.81123335E-02   3.23715270E-03
   4370.0303871067854        1.90930385E-02   3.25938594E-03
   4371.4975707796320        1.17543843E-02   3.08575807E-03
   4372.9649436265499        1.78450774E-02   3.18669179E-03
   4374.4325055084428        1.51800970E-02   3.09075858E-03
   4375.9002562862161        1.64079685E-02   3.09640053E-03
   4377.3681958207753        1.75825246E-02   3.21064959E-03
   4378.8363239730243        1.70288421E-02   3.15112271E-03
   4380.3046406038675        1.26543138E-02   3.07279103E-03
   4381.7731455742105        1.98431015E-02   3.15838773E-03
   4383.2418387449588        2.03274544E-02   3.02080018E-03
   4384.7107199770162        1.78844146E-02   2.93931062E-03
   4386.1797891312863        1.36712231E-02   2.90719979E-03
   4387.6490460686755        1.79360658E-02   3.08768894E-03
   4389.1184906500894        1.73159018E-02   3.14263022E-03
   4390.5881227364316        1.52558619E-02   3.02919070E-03
   4392.0579421886059        1.62627045E-02   3.13578011E-03
   4393.5279488675196        1.69943292E-02   3.12285591E-03
   4394.9981426340746        1.73617434E-02   3.18087242E-03
   4396.4685233491773        1.76199712E-02   3.15279607E-03
   4397.9390908737332        1.23302927E-02   3.03786225E-03
   4399.4098450686461        1.38346413E-02   3.10483016E-03
   4400.8807857948213        1.37425363E-02   3.04470840E-03
   4402.3519129131628        1.64463595E-02   3.04809469E-03
   4403.8232262845750        1.65300779E-02   3.02662654E-03
   4405.2947257699643        1.88149624E-02   3.11525515E-03
   4406.7664112302355        1.90434717E-02   3.07854475E-03
   4408.2382825262921        1.46097643E-02   3.01812473E-03
   4409.7103395190388        1.40195712E-02   3.11377202E-03
   4411.1825820693812        1.55262500E-02   3.18483193E-03
   4412.6550100382237        1.90521218E-02   3.24521121E-03
   4414.1276232864720        1.92023925E-02   3.21515184E-03
   4415.6004216750298        1.66631844E-02   3.14514805E-03
   4417.0734050648025        1.90123133E-02   3.17812129E-03
   4418.5465733166948        1.39614223E-02   3.09035089E-03
   4420.0199262916112        1.05742803E-02   3.07136565E-03
   4421.4934638504565        1.38610769E-02   3.12687736E-03
   4422.9671858541360        1.49384728E-02   3.13790422E-03
   4424.4410921635545        1.66051853E-02   3.16595961E-03
   4425.9151826396155        1.92318838E-02   3.21135018E-03
   4427.3894571432256        1.75725557E-02   3.18433787E-03
   4428.8639155352876        1.54158296E-02   3.13449372E-03
   4430.3385576767087        1.62058361E-02   3.13822157E-03
   4431.8133834283917        2.02522930E-02   3.25405481E-03
   4433.2883926512422        1.42838741E-02   3.05981515E-03
   4434.7635852061658        1.58121586E-02   3.06442287E-03
   4436.2389609540651        1.53776770E-02   3.09678027E-03
   4437.7145197558466        1.76813789E-02   3.15017928E-03
   4439.1902614724158        1.18049840E-02   3.06090037E-03
   4440.6661859646747        1.55841764E-02   3.14651732E-03
   4442.1422930935314        9.80525929E-03   2.92631844E-03
   4443.6185827198879        1.37152802E-02   3.06111760E-03
   4445.0950547046505        1.84295028E-02   3.16666719E-03
   4446.5717089087248        2.18335036E-02   3.30852647E-03
   4448.0485451930135        1.72224119E-02   3.20506818E-03
   4449.5255634184223        1.68187860E-02   3.17705143E-03
   4451.0027634458556        2.16040369E-02   3.29146977E-03
   4452.4801451362191        1.78312082E-02   3.14735807E-03
   4453.9577083504182        1.99914202E-02   3.20468098E-03
   4455.4354529493548        2.16617994E-02   3.19961621E-03
   4456.9133787939372        2.09557787E-02   3.13917035E-03
   4458.3914857450673        1.94431711E-02   3.09264380E-03
   4459.8697736636523        2.39150859E-02   3.21507733E-03
   4461.3482424105960        1.47000216E-02   3.01980344E-03
   4462.8268918468020        1.69200841E-02   3.09774932E-03
   4464.3057218331751        1.95456687E-02   3.18236230E-03
   4465.7847322306225        1.98511072E-02   3.22646927E-03
   4467.2639229000479        1.79584920E-02   3.16574355E-03
   4468.7432937023559        1.92286242E-02   3.18835443E-03
   4470.2228444984503        1.99383851E-02   3.20046348E-03
   4471.7025751492374        2.37497687E-02   3.34205851E-03
   4473.1824855156210        1.71768051E-02   3.20048910E-03
   4474.6625754585066        1.76861864E-02   3.26423137E-03
   4476.1428448387987        2.24607736E-02   3.36124515E-03
   4477.6232935174012        1.70787387E-02   3.22776265E-03
   4479.1039213552212        2.18559913E-02   3.29980091E-03
   4480.5847282131608        2.39941943E-02   3.28466622E-03
   4482.0657139521263        1.45113962E-02   3.09355953E-03
   4483.5468784330233        1.80067159E-02   3.17499042E-03
   4485.0282215167545        1.70481410E-02   3.16458545E-03
   4486.5097430642263        1.43882474E-02   3.15216742E-03
   4487.9914429363425        2.31111217E-02   3.32518364E-03
   4489.4733209940086        1.83677748E-02   3.17562488E-03
   4490.9553770981283        1.73747987E-02   3.14961793E-03
   4492.4376111096080        1.97681002E-02   3.25026643E-03
   4493.9200228893524        2.18668692E-02   3.27594741E-03
   4495.4026122982650        1.18050184E-02   3.02122114E-03
   4496.8853791972497        1.58833787E-02   3.12821288E-03
   4498.3683234472146        1.88895166E-02   3.22745601E-03
   4499.8514449090626        1.50844799E-02   3.15847062E-03
   4501.3347434436982        1.68848205E-02   3.22927884E-03
   4502.8182189120271        1.88561752E-02   3.28653026E-03
   4504.3018711749528        1.65465549E-02   3.22762155E-03
   4505.7857000933809        1.27712088E-02   3.16409743E-03
   4507.2697055282160        2.08462458E-02   3.33431223E-03
   4508.7538873403637        1.37466192E-02   3.19367135E-03
   4510.2382453907285        1.15538957E-02   3.14115221E-03
   4511.7227795402141        1.50699578E-02   3.16686579E-03
   4513.2074896497261        1.38341291E-02   3.14717647E-03
   4514.6923755801690        8.96988064E-03   3.00442521E-03
   4516.1774371924485        1.74711924E-02   3.20057478E-03
   4517.6626743474681        1.50049217E-02   3.14422371E-03
   4519.1480869061343        1.50042698E-02   3.13374423E-03
   4520.6336747293499        1.67857166E-02   3.17599205E-03
   4522.1194376780204        1.71119813E-02   3.21308197E-03
   4523.6053756130505        1.75864119E-02   3.19033628E-03
   4525.0914883953456        2.12558843E-02   3.26227560E-03
   4526.5777758858112        1.84219033E-02   3.09882872E-03
   4528.0642379453511        2.04211436E-02   3.13794333E-03
   4529.5508744348681        1.62091013E-02   3.02536716E-03
   4531.0376852152713        1.48516847E-02   3.03444965E-03
   4532.5246701474625        1.44208530E-02   3.01136984E-03
   4534.0118290923456        2.15771776E-02   3.21963988E-03
   4535.4991619108287        1.83260310E-02   3.13382945E-03
   4536.9866684638146        2.30137855E-02   3.25741735E-03
   4538.4743486122070        1.87004432E-02   3.19739408E-03
   4539.9622022169133        1.87894460E-02   3.23527656E-03
   4541.4502291388380        1.63601302E-02   3.12723848E-03
   4542.9384292388831        1.93948522E-02   3.21615068E-03
   4544.4268023779559        1.06634013E-02   2.99760327E-03
   4545.9153484169610        1.91753991E-02   3.18649900E-03
   4547.4040672168012        1.71345118E-02   3.09953419E-03
   4548.8929586383847        1.33676408E-02   3.02001485E-03
   4550.3820225426143        2.29955707E-02   3.25860293E-03
   4551.8712587903929        2.67893951E-02   3.31621896E-03
   4553.3606672426295        1.98081080E-02   3.16185784E-03
   4554.8502477602251        1.79029740E-02   3.09982477E-03
   4556.3400002040871        1.73877664E-02   3.13124456E-03
   4557.8299244351183        1.54981669E-02   3.10018309E-03
   4559.3200203142260        1.58775039E-02   3.17589217E-03
   4560.8102877023121        1.75030418E-02   3.22671840E-03
   4562.3007264602829        1.97763070E-02   3.25636636E-03
   4563.7913364490432        1.87882744E-02   3.19878152E-03
   4565.2821175294985        1.53373228E-02   3.09976796E-03
   4566.7730695625514        1.83991902E-02   3.16630723E-03
   4568.2641924091085        1.60920136E-02   3.15371994E-03
   4569.7554859300753        1.44778853E-02   3.07255005E-03
   4571.2469499863546        2.00752690E-02   3.19667161E-03
   4572.7385844388509        1.40582547E-02   3.04922368E-03
   4574.2303891484717        1.51474327E-02   3.07095470E-03
   4575.7223639761187        1.46665527E-02   3.14234174E-03
   4577.2145087826993        1.65053550E-02   3.15051922E-03
   4578.7068234291182        1.57442074E-02   3.11193033E-03
   4580.1993077762772        1.90601293E-02   3.13808653E-03
   4581.6919616850837        1.76851023E-02   3.06902430E-03
   4583.1847850164422        1.71224363E-02   3.08494712E-03
   4584.6777776312574        1.51290791E-02   3.02788219E-03
   4586.1709393904339        2.10265722E-02   3.16291000E-03
   4587.6642701548762        1.37547133E-02   3.02704563E-03
   4589.1577697854882        1.71811190E-02   3.13240802E-03
   4590.6514381431780        1.70322992E-02   3.11430986E-03
   4592.1452750888475        1.45068690E-02   3.05596669E-03
   4593.6392804834013        1.81219298E-02   3.09397024E-03
   4595.1334541877468        1.39656495E-02   3.00081121E-03
   4596.6277960627849        1.91148408E-02   3.09751579E-03
   4598.1223059694248        2.17946637E-02   3.19496705E-03
   4599.6169837685675        2.01763287E-02   3.14967078E-03
   4601.1118293211202        1.81385484E-02   3.12201842E-03
   4602.6068424879868        1.41764181E-02   2.99127214E-03
   4604.1020231300727        1.94636937E-02   3.11475596E-03
   4605.5973711082806        1.38319507E-02   3.01639875E-03
   4607.0928862835190        2.31773723E-02   3.26962420E-03
   4608.5885685166895        1.59440134E-02   3.12262424E-03
   4610.0844176686987        1.62579026E-02   3.10885836E-03
   4611.5804336004503        1.80832613E-02   3.14827892E-03
   4613.0766161728488        2.07616929E-02   3.17630218E-03
   4614.5729652467999        1.54537326E-02   3.07737198E-03
   4616.0694806832080        1.48845678E-02   3.09437350E-03
   4617.5661623429796        1.32515496E-02   2.98900064E-03
   4619.0630100870167        1.94916744E-02   3.16691794E-03
   4620.5600237762246        1.62650235E-02   3.09923687E-03
   4622.0572032715099        1.79318339E-02   3.08297481E-03
   4623.5545484337772        1.72984153E-02   3.15157580E-03
   4625.0520591239283        1.88816041E-02   3.14735062E-03
   4626.5497352028715        1.49102453E-02   3.06138094E-03
   4628.0475765315105        1.93142761E-02   3.11493780E-03
   4629.5455829707489        1.78018641E-02   3.16019426E-03
   4631.0437543814933        1.89693533E-02   3.16840177E-03
   4632.5420906246472        1.31186247E-02   3.01593053E-03
   4634.0405915611154        1.77196134E-02   3.13272304E-03
   4635.5392570518034        1.35662202E-02   3.01032141E-03
   4637.0380869576156        1.91298593E-02   3.13343760E-03
   4638.5370811394578        2.10976694E-02   3.17072775E-03
   4640.0362394582316        1.44008705E-02   3.01159127E-03
   4641.5355617748464        1.75308287E-02   3.07740364E-03
   4643.0350479502040        1.83696933E-02   3.14836740E-03
   4644.5346978452098        1.85935739E-02   3.11774784E-03
   4646.0345113207686        1.77693889E-02   3.08515062E-03
   4647.5344882377849        2.02055760E-02   3.07110441E-03
   4649.0346284571642        1.74601916E-02   3.02456715E-03
   4650.5349318398103        1.81553978E-02   3.07737617E-03
   4652.0353982466295        1.74135994E-02   3.09986202E-03
   4653.5360275385256        1.69327483E-02   3.07421619E-03
   4655.0368195764031        1.66478157E-02   3.06325848E-03
   4656.5377742211676        1.73522942E-02   3.05378716E-03
   4658.0388913337238        1.73296686E-02   3.10533843E-03
   4659.5401707749752        1.50893368E-02   3.08503094E-03
   4661.0416124058283        1.55616561E-02   3.10381502E-03
   4662.5432160871869        1.16022741E-02   2.99109961E-03
   4664.0449816799573        2.01659445E-02   3.14936019E-03
   4665.5469090450415        2.01644693E-02   3.09528154E-03
   4667.0489980433467        1.37798097E-02   2.88936705E-03
   4668.5512485357767        1.91090796E-02   3.05312825E-03
   4670.0536603832361        1.71546657E-02   3.07358941E-03
   4671.5562334466313        1.87893305E-02   3.08947428E-03
   4673.0589675868641        2.03800406E-02   3.16505716E-03
   4674.5618626648420        1.57341044E-02   3.06158722E-03
   4676.0649185414695        1.36452261E-02   3.04905209E-03
   4677.5681350776495        1.96971204E-02   3.16377380E-03
   4679.0715121342892        2.35600471E-02   3.25005688E-03
   4680.5750495722905        2.35142410E-02   3.18532949E-03
   4682.0787472525608        2.00545918E-02   3.14916996E-03
   4683.5826050360056        1.51430340E-02   3.06456769E-03
   4685.0866227835259        2.33178958E-02   3.22434353E-03
   4686.5908003560298        2.00059712E-02   3.17076524E-03
   4688.0951376144203        1.83678176E-02   3.15646315E-03
   4689.5996344196037        1.94728654E-02   3.12836119E-03
   4691.1042906324828        2.64355820E-02   3.28484317E-03
   4692.6091061139659        2.05174033E-02   3.17490799E-03
   4694.1140807249540        1.75812673E-02   3.14025627E-03
   4695.6192143263534        1.50620360E-02   3.04481108E-03
   4697.1245067790687        1.91013552E-02   3.18701449E-03
   4698.6299579440047        1.82662178E-02   3.06657027E-03
   4700.1355676820667        2.37773545E-02   3.19536915E-03
   4701.6413358541595        1.63372457E-02   3.05253011E-03
   4703.1472623211876        1.64604560E-02   3.04311817E-03
   4704.6533469440546        2.07092203E-02   3.15007241E-03
   4706.1595895836681        1.65357050E-02   3.07427719E-03
   4707.6659901009298        2.02402547E-02   3.11817252E-03
   4709.1725483567461        1.20774321E-02   2.98184319E-03
   4710.6792642120226        1.74468122E-02   3.11453338E-03
   4712.1861375276621        2.08998378E-02   3.18621448E-03
   4713.6931681645710        1.47350766E-02   3.06878751E-03
   4715.2003559836539        1.49459438E-02   3.06647853E-03
   4716.7077008458145        1.91187542E-02   3.18193762E-03
   4718.2152026119584        1.93121750E-02   3.20138945E-03
   4719.7228611429900        2.08069161E-02   3.26517876E-03
   4721.2306762998151        1.69008691E-02   3.17869429E-03
   4722.7386479433371        2.04124674E-02   3.24454950E-03
   4724.2467759344618        1.62225403E-02   3.16947117E-03
   4725.7550601340945        1.50574939E-02   3.14994529E-03
   4727.2635004031381        1.38517721E-02   3.06183891E-03
   4728.7720966024990        1.50507782E-02   3.03870137E-03
   4730.2808485930800        1.94181055E-02   3.14982398E-03
   4731.7897562357884        1.57358050E-02   3.04659642E-03
   4733.2988193915280        1.78788453E-02   3.17933736E-03
   4734.8080379212042        1.50848394E-02   3.07993754E-03
   4736.3174116857208        1.93286091E-02   3.19757406E-03
   4737.8269405459832        1.88074410E-02   3.17843072E-03
   4739.3366243628943        1.47896092E-02   3.10542108E-03
   4740.8464629973623        1.29072834E-02   3.07383761E-03
   4742.3564563102900        1.84474215E-02   3.20412754E-03
   4743.8666041625811        1.52868861E-02   3.11860582E-03
   4745.3769064151429        2.31758133E-02   3.32234893E-03
   4746.8873629288782        1.37992986E-02   3.08660883E-03
   4748.3979735646926        1.71807893E-02   3.17817018E-03
   4749.9087381834916        1.26937181E-02   3.10067623E-03
   4751.4196566461787        1.55470138E-02   3.13485367E-03
   4752.9307288136606        1.27704497E-02   3.07090813E-03
   4754.4419545468390        1.56558622E-02   3.11929267E-03
   4755.9533337066214        1.72929410E-02   3.12921801E-03
   4757.4648661539113        1.79137718E-02   3.19303735E-03
   4758.9765517496135        1.30715268E-02   3.09276534E-03
   4760.4883903546333        1.49112465E-02   3.13781784E-03
   4762.0003818298765        1.35305226E-02   3.05654388E-03
   4763.5125260362456        1.65943000E-02   3.12041026E-03
   4765.0248228346472        1.37156881E-02   3.04710539E-03
   4766.5372720859850        1.44692129E-02   3.06143495E-03
   4768.0498736511645        1.47492066E-02   3.09421099E-03
   4769.5626273910902        1.79385673E-02   3.20132752E-03
   4771.0755331666660        1.57911908E-02   3.15995421E-03
   4772.5885908387982        1.58396065E-02   3.20247142E-03
   4774.1018002683913        1.44539261E-02   3.14410962E-03
   4775.6151613163502        1.32018225E-02   3.12943500E-03
   4777.1286738435783        1.65159199E-02   3.20321112E-03
   4778.6423377109813        2.08184328E-02   3.30972578E-03
   4780.1561527794647        1.43465791E-02   3.16136004E-03
   4781.6701189099322        1.95553061E-02   3.26263672E-03
   4783.1842359632901        2.18382068E-02   3.31117236E-03
   4784.6985038004404        1.44522004E-02   3.14096664E-03
   4786.2129222822914        1.24029843E-02   3.11084022E-03
   4787.7274912697458        1.58416815E-02   3.17200040E-03
   4789.2422106237082        1.52567243E-02   3.15755955E-03
   4790.7570802050832        2.01624911E-02   3.27252923E-03
   4792.2720998747782        1.29044196E-02   3.16155469E-03
   4793.7872694936950        1.04783643E-02   3.07751982E-03
   4795.3025889227392        1.61700826E-02   3.23900953E-03
   4796.8180580228163        1.64990630E-02   3.21709644E-03
   4798.3336766548318        1.69323776E-02   3.24704731E-03
   4799.8494446796876        1.33966617E-02   3.11866519E-03
   4801.3653619582910        1.39062991E-02   3.14225978E-03
   4802.8814283515467        1.24445409E-02   3.11610010E-03
   4804.3976437203582        1.88526101E-02   3.24584777E-03
   4805.9140079256313        1.91748403E-02   3.26911686E-03
   4807.4305208282694        1.53121324E-02   3.14145628E-03
   4808.9471822891801        1.47753991E-02   3.14210099E-03
   4810.4639921692651        1.82802621E-02   3.28327832E-03
   4811.9809503294318        1.30115636E-02   3.14543769E-03
   4813.4980566305831        1.66148413E-02   3.20879673E-03
   4815.0153109336252        2.13967506E-02   3.36264656E-03
   4816.5327130994610        1.15588615E-02   3.09347827E-03
   4818.0502629889961        1.11657716E-02   3.10982158E-03
   4819.5679604631368        1.68094300E-02   3.26638529E-03
   4821.0858053827869        8.70504044E-03   3.04699317E-03
   4822.6037976088501        1.21315746E-02   3.12943128E-03
   4824.1219370022318        1.68318283E-02   3.21215275E-03
   4825.6402234238376        8.67922697E-03   3.01485253E-03
   4827.1586567345721        1.28593538E-02   3.13481921E-03
   4828.6772367953399        1.17468899E-02   3.11757927E-03
   4830.1959634670457        1.11387083E-02   3.09382984E-03
   4831.7148366105939        1.54488068E-02   3.18312133E-03
   4833.2338560868902        1.44100552E-02   3.13626346E-03
   4834.7530217568383        2.08345708E-02   3.29337735E-03
   4836.2723334813445        1.95181649E-02   3.29128071E-03
   4837.7917911213108        1.42822135E-02   3.17781279E-03
   4839.3113945376463        2.64183991E-02   3.39842215E-03
   4840.8311435912510        1.85668822E-02   3.21109383E-03
   4842.3510381430333        2.54459456E-02   3.38706700E-03
   4843.8710780538977        2.00374834E-02   3.28008784E-03
   4845.3912631847461        2.25694180E-02   3.32735828E-03
   4846.9115933964868        2.56104320E-02   3.44153773E-03
   4848.4320685500215        2.72744764E-02   3.44889378E-03
   4849.9526885062578        2.22484935E-02   3.30718700E-03
   4851.4734531260992        2.43043769E-02   3.38458782E-03
   4852.9943622704495        2.36452110E-02   3.30939842E-03
   4854.5154158002151        2.02778000E-02   3.23347631E-03
   4856.0366135763006        2.27419436E-02   3.25409230E-03
   4857.5579554596097        1.94056295E-02   3.09077534E-03
   4859.0794413110480        1.74339507E-02   2.99909897E-03
   4860.6010709915208        2.51919087E-02   3.09429318E-03
   4862.1228443619311        2.34330464E-02   3.00285034E-03
   4863.6447612831862        1.89353991E-02   2.98073492E-03
   4865.1668216161888        2.13696100E-02   3.12549737E-03
   4866.6890252218445        1.96791887E-02   3.17394082E-03
   4868.2113719610588        2.34585144E-02   3.26435291E-03
   4869.7338616947354        1.49343330E-02   3.03581357E-03
   4871.2564942837780        2.06587631E-02   3.14706354E-03
   4872.7792695890948        2.22633071E-02   3.18989228E-03
   4874.3021874715878        2.36963946E-02   3.24844196E-03
   4875.8252477921624        1.74977202E-02   3.14145302E-03
   4877.3484504117241        2.41678394E-02   3.32428259E-03
   4878.8717951911767        2.53270213E-02   3.38654453E-03
   4880.3952819914266        2.03987230E-02   3.26914061E-03
   4881.9189106733775        2.16598120E-02   3.28313210E-03
   4883.4426810979330        1.85076781E-02   3.21658142E-03
   4884.9665931259997        2.43105814E-02   3.33471736E-03
   4886.4906466184812        2.09858976E-02   3.22761852E-03
   4888.0148414362839        1.29424753E-02   3.02296644E-03
   4889.5391774403106        1.34231262E-02   2.96603702E-03
   4891.0636544914678        1.29412236E-02   2.98561878E-03
   4892.5882724506591        1.40365614E-02   3.07581760E-03
   4894.1130311787902        1.80257764E-02   3.22048576E-03
   4895.6379305367664        1.12757906E-02   3.08961258E-03
   4897.1629703854896        1.71321798E-02   3.23786121E-03
   4898.6881505858682        1.93583760E-02   3.28887207E-03
   4900.2134709988050        1.85001828E-02   3.27749038E-03
   4901.7389314852035        1.83094405E-02   3.24951787E-03
   4903.2645319059720        2.50366218E-02   3.35297943E-03
   4904.7902721220125        1.14223165E-02   3.05997860E-03
   4906.3161519942305        2.13060975E-02   3.32121807E-03
   4907.8421713835314        2.05426887E-02   3.27014504E-03
   4909.3683301508199        1.84103251E-02   3.19501152E-03
   4910.8946281570006        2.20824480E-02   3.26398388E-03
   4912.4210652629781        2.12544724E-02   3.23400344E-03
   4913.9476413296561        1.91851947E-02   3.23638925E-03
   4915.4743562179419        2.23430898E-02   3.31245991E-03
   4917.0012097887393        1.66920312E-02   3.22005781E-03
   4918.5282019029528        2.16720719E-02   3.18465196E-03
   4920.0553324214861        1.85417067E-02   3.08455620E-03
   4921.5826012052457        2.12895460E-02   3.16672120E-03
   4923.1100081151353        2.14376114E-02   3.19402409E-03
   4924.6375530120604        1.27019165E-02   3.05837928E-03
   4926.1652357569255        2.48174686E-02   3.34908254E-03
   4927.6930562106354        2.52268519E-02   3.40169645E-03
   4929.2210142340955        1.43963993E-02   3.15774581E-03
   4930.7491096882095        2.17467882E-02   3.34531441E-03
   4932.2773424338829        1.44937932E-02   3.13737104E-03
   4933.8057123320204        2.07573101E-02   3.28942342E-03
   4935.3342192435266        1.68757774E-02   3.13175330E-03
   4936.8628630293069        2.14679074E-02   3.26820812E-03
   4938.3916435502651        1.12446826E-02   3.01957922E-03
   4939.9205606673067        1.36949522E-02   3.07432655E-03
   4941.4496142413363        1.37793394E-02   3.10010649E-03
   4942.9788041332586        2.20519155E-02   3.33982031E-03
   4944.5081302039780        2.05134526E-02   3.30018136E-03
   4946.0375923144011        1.32580213E-02   3.13877943E-03
   4947.5671903254297        1.97684094E-02   3.29864188E-03
   4949.0969240979712        1.57777909E-02   3.22481431E-03
   4950.6267934929292        1.54765984E-02   3.16839921E-03
   4952.1567983712093        1.25756646E-02   3.13283969E-03
   4953.6869385937161        1.74090359E-02   3.21558723E-03
   4955.2172140213524        2.08431240E-02   3.25561804E-03
   4956.7476245150256        1.91632006E-02   3.19471187E-03
   4958.2781699356401        1.40747214E-02   3.09399422E-03
   4959.8088501440989        1.73712466E-02   3.15761426E-03
   4961.3396650013092        2.10097153E-02   3.32215312E-03
   4962.8706143681738        1.87934283E-02   3.28607555E-03
   4964.4016981055984        1.53214028E-02   3.17800371E-03
   4965.9329160744883        1.16237896E-02   3.07431142E-03
   4967.4642681357473        1.73316542E-02   3.19064548E-03
   4968.9957541502808        1.35302171E-02   3.12687503E-03
   4970.5273739789936        1.47410929E-02   3.16865812E-03
   4972.0591274827902        2.02752762E-02   3.28351161E-03
   4973.5910145225744        1.89563446E-02   3.23493290E-03
   4975.1230349592533        2.51679383E-02   3.40993190E-03
   4976.6551886537300        1.86820198E-02   3.26133706E-03
   4978.1874754669097        1.71671882E-02   3.24428151E-03
   4979.7198952596982        1.04588019E-02   3.04107834E-03
   4981.2524478929981        1.36343455E-02   3.06251855E-03
   4982.7851332277160        2.01527178E-02   3.19141964E-03
   4984.3179511247563        1.76867712E-02   3.11272987E-03
   4985.8509014450237        2.15157587E-02   3.22974054E-03
   4987.3839840494220        2.35243104E-02   3.35293636E-03
   4988.9171987988584        2.30613854E-02   3.35149351E-03
   4990.4505455542348        1.90439355E-02   3.27835791E-03
   4991.9840241764587        2.30915342E-02   3.31935915E-03
   4993.5176345264317        2.08564028E-02   3.28119379E-03
   4995.0513764650623        1.97522081E-02   3.30050569E-03
   4996.5852498532531        2.80769542E-02   3.45522631E-03
   4998.1192545519098        2.13780943E-02   3.30818957E-03
   4999.6533904219350        2.00320166E-02   3.27711808E-03
   5001.1876573242371        2.51702499E-02   3.33126634E-03
   5002.7220551197179        2.14761868E-02   3.22320615E-03
   5004.2565836692838        1.76543109E-02   3.18648550E-03
   5005.7912428338386        1.75941568E-02   3.14017525E-03
   5007.3260324742878        2.29087323E-02   3.27307219E-03
   5008.8609524515350        2.40789484E-02   3.32600856E-03
   5010.3960026264876        1.87949371E-02   3.22017982E-03
   5011.9311828600485        2.91844495E-02   3.41136358E-03
   5013.4664930131221        2.04651449E-02   3.21976654E-03
   5015.0019329466140        2.15236135E-02   3.23773315E-03
   5016.5375025214289        1.92441195E-02   3.20900138E-03
   5018.0732015984722        2.08098348E-02   3.22928210E-03
   5019.6090300386468        1.79434773E-02   3.15768085E-03
   5021.1449877028590        1.73028260E-02   3.21661471E-03
   5022.6810744520135        2.11034995E-02   3.26519809E-03
   5024.2172901470149        2.17777863E-02   3.30465147E-03
   5025.7536346487677        1.77071244E-02   3.20816087E-03
   5027.2901078181776        2.42786985E-02   3.33405542E-03
   5028.8267095161491        2.62081567E-02   3.37413372E-03
   5030.3634396035859        1.87854841E-02   3.25075467E-03
   5031.9002979413935        1.94719974E-02   3.30609898E-03
   5033.4372843904775        1.71918888E-02   3.25280405E-03
   5034.9743988117416        2.37648897E-02   3.36787826E-03
   5036.5116410660912        1.91717874E-02   3.22845974E-03
   5038.0490110144301        2.34911963E-02   3.33890296E-03
   5039.5865085176647        2.24860888E-02   3.26077058E-03
   5041.1241334366987        2.24526227E-02   3.24635184E-03
   5042.6618856324367        1.93513278E-02   3.25433048E-03
   5044.1997649657842        2.08725799E-02   3.31537449E-03
   5045.7377712976468        1.55487126E-02   3.24375276E-03
   5047.2759044889262        2.20376626E-02   3.34391813E-03
   5048.8141644005309        1.94699373E-02   3.30482144E-03
   5050.3525508933635        1.75458100E-02   3.20785539E-03
   5051.8910638283287        1.46886995E-02   3.16294818E-03
   5053.4297030663329        1.36678247E-02   3.17621627E-03
   5054.9684684682788        2.45161988E-02   3.44616687E-03
   5056.5073598950730        1.85907092E-02   3.31691955E-03
   5058.0463772076191        2.20628716E-02   3.39912553E-03
   5059.5855202668236        1.75109692E-02   3.30396672E-03
   5061.1247889335891        2.03774944E-02   3.37922573E-03
   5062.6641830688213        1.74193941E-02   3.31343873E-03
   5064.2037025334257        1.38089480E-02   3.21914023E-03
   5065.7433471883060        1.89330019E-02   3.28692654E-03
   5067.2831168943667        2.74390373E-02   3.49166570E-03
   5068.8230115125143        1.41955595E-02   3.19654518E-03
   5070.3630309036525        2.07354501E-02   3.34836263E-03
   5071.9031749286860        1.46488212E-02   3.22622037E-03
   5073.4434434485202        1.23522049E-02   3.15704336E-03
   5074.9838363240597        2.02191323E-02   3.34920571E-03
   5076.5243534162082        1.72700696E-02   3.29857203E-03
   5078.0649945858731        1.97581332E-02   3.31960572E-03
   5079.6057596939563        2.31147576E-02   3.37473210E-03
   5081.1466486013633        1.50372433E-02   3.15650017E-03
   5082.6876611690004        2.39107143E-02   3.37258191E-03
   5084.2287972577715        1.64989829E-02   3.25014768E-03
   5085.7700567285810        1.70278903E-02   3.27821309E-03
   5087.3114394423328        1.35531723E-02   3.22343688E-03
   5088.8529452599341        1.68473180E-02   3.33354506E-03
   5090.3945740422887        1.75440758E-02   3.35175917E-03
   5091.9363256503002        2.17363834E-02   3.45751620E-03
   5093.4781999448751        2.08013617E-02   3.42136715E-03
   5095.0201967869170        2.00844314E-02   3.37028992E-03
   5096.5623160373316        1.89334415E-02   3.31354793E-03
   5098.1045575570224        1.76025108E-02   3.26825143E-03
   5099.6469212068969        1.71393193E-02   3.25972843E-03
   5101.1894068478559        2.28298977E-02   3.39465449E-03
   5102.7320143408078        1.75684150E-02   3.31394095E-03
   5104.2747435466554        2.40442436E-02   3.45196528E-03
   5105.8175943263041        1.86075941E-02   3.29987565E-03
   5107.3605665406585        2.20440589E-02   3.36341211E-03
   5108.9036600506233        1.76541097E-02   3.29116127E-03
   5110.4468747171040        1.34979375E-02   3.19586229E-03
   5111.9902104010043        2.18140427E-02   3.36674624E-03
   5113.5336669632297        1.88419055E-02   3.35211819E-03
   5115.0772442646858        1.91885941E-02   3.37828090E-03
   5116.6209421662761        2.06982158E-02   3.40878917E-03
   5118.1647605289054        1.94044746E-02   3.39912693E-03
   5119.7086992134791        1.40291722E-02   3.27310408E-03
   5121.2527580809019        2.10414734E-02   3.42096225E-03
   5122.7969369920784        1.35869356E-02   3.19045363E-03
   5124.3412358079122        2.12631226E-02   3.36242770E-03
   5125.8856543893107        2.08677780E-02   3.30689782E-03
   5127.4301925971768        2.04100404E-02   3.35875782E-03
   5128.9748502924167        1.93473604E-02   3.28280451E-03
   5130.5196273359334        2.05155071E-02   3.38787888E-03
   5132.0645235886332        1.77110229E-02   3.30350129E-03
   5133.6095389114189        2.07581166E-02   3.40099586E-03
   5135.1546731651988        2.00862605E-02   3.36596929E-03
   5136.6999262108739        2.32007783E-02   3.43573629E-03
   5138.2452979093514        2.05567405E-02   3.34180519E-03
   5139.7907881215360        2.10133940E-02   3.33539816E-03
   5141.3363967083314        1.93105713E-02   3.32852127E-03
   5142.8821235306432        2.08715480E-02   3.35712708E-03
   5144.4279684493749        1.81664638E-02   3.30652529E-03
   5145.9739313254331        2.23371796E-02   3.37097049E-03
   5147.5200120197214        2.12612692E-02   3.39263771E-03
   5149.0662103931454        2.05489621E-02   3.35851079E-03
   5150.6125263066097        2.45929733E-02   3.41973803E-03
   5152.1589596210188        2.23413017E-02   3.44676850E-03
   5153.7055101972774        1.94275714E-02   3.31754680E-03
   5155.2521778962900        1.71609093E-02   3.31665459E-03
   5156.7989625789614        1.36114471E-02   3.26462719E-03
   5158.3458641061970        2.08211858E-02   3.42373550E-03
   5159.8928823389033        2.38530785E-02   3.49749066E-03
   5161.4400171379812        1.82618350E-02   3.34739499E-03
   5162.9872683643389        1.76876280E-02   3.33512016E-03
   5164.5346358788784        1.99109968E-02   3.28756822E-03
   5166.0821195425060        2.22031083E-02   3.25445714E-03
   5167.6297192161273        1.95374154E-02   3.16819758E-03
   5169.1774347606470        2.41010468E-02   3.26041179E-03
   5170.7252660369668        2.04088986E-02   3.18256812E-03
   5172.2732129059950        2.72674188E-02   3.31368227E-03
   5173.8212752286354        2.44080871E-02   3.26317316E-03
   5175.3694528657925        2.29840875E-02   3.34969093E-03
   5176.9177456783709        2.53624879E-02   3.49550555E-03
   5178.4661535272762        2.10426319E-02   3.42343329E-03
   5180.0146762734121        2.29905918E-02   3.45333037E-03
   5181.5633137776831        1.88394878E-02   3.21585638E-03
   5183.1120659009966        1.91401150E-02   3.13874986E-03
   5184.6609325042537        2.40972806E-02   3.24996421E-03
   5186.2099134483633        2.13335752E-02   3.24864150E-03
   5187.7590085942265        2.20688414E-02   3.39709967E-03
   5189.3082178027507        2.11915411E-02   3.38885421E-03
   5190.8575409348396        2.23517064E-02   3.39333015E-03
   5192.4069778513967        2.04117429E-02   3.36932763E-03
   5193.9565284133287        1.93636548E-02   3.27870436E-03
   5195.5061924815409        1.60072446E-02   3.34879034E-03
   5197.0559699169353        1.86016485E-02   3.44730518E-03
   5198.6058605804192        1.49325067E-02   3.43169854E-03
   5200.1558643328972        1.94004979E-02   3.55207315E-03
   5201.7059810352730        1.95094589E-02   3.48752295E-03
   5203.2562105484512        1.78770367E-02   3.34971142E-03
   5204.8065527333383        1.80611908E-02   3.29886330E-03
   5206.3570074508380        1.56515259E-02   3.23502533E-03
   5207.9075745618547        1.68787297E-02   3.23763024E-03
   5209.4582539272942        1.75576862E-02   3.27838887E-03
   5211.0090454080582        1.41198281E-02   3.28577403E-03
   5212.5599488650578        1.51216285E-02   3.29772965E-03
   5214.1109641591920        1.53648909E-02   3.30764311E-03
   5215.6620911513683        1.88921597E-02   3.35921976E-03
   5217.2133297024893        2.36836337E-02   3.44913080E-03
   5218.7646796734634        1.75466780E-02   3.33309988E-03
   5220.3161409251916        2.22016927E-02   3.44967633E-03
   5221.8677133185820        1.83647592E-02   3.38766281E-03
   5223.4193967145375        1.56216128E-02   3.28030228E-03
   5224.9711909739626        1.82534922E-02   3.29360878E-03
   5226.5230959577630        1.59380175E-02   3.21461447E-03
   5228.0751115268422        2.42208131E-02   3.40224965E-03
   5229.6272375421067        1.98165569E-02   3.34234885E-03
   5231.1794738644612        1.97710488E-02   3.38032888E-03
   5232.7318203548093        2.59646457E-02   3.51594063E-03
   5234.2842768740566        1.71369035E-02   3.30654485E-03
   5235.8368432831085        1.14685427E-02   3.18584521E-03
   5237.3895194428669        1.57573838E-02   3.34724435E-03
   5238.9423052142402        1.97070297E-02   3.44842090E-03
   5240.4952004581319        1.64929405E-02   3.35563929E-03
   5242.0482050354458        2.05941144E-02   3.47230909E-03
   5243.6013188070865        1.86784230E-02   3.40400171E-03
   5245.1545416339613        1.90857723E-02   3.41299968E-03
   5246.7078733769722        1.32208485E-02   3.29363719E-03
   5248.2613138970264        1.81492735E-02   3.40497890E-03
   5249.8148630550268        1.85360536E-02   3.39357974E-03
   5251.3685207118797        1.18218232E-02   3.23048350E-03
   5252.9222867284889        1.81562472E-02   3.38573172E-03
   5254.4761609657580        2.11954955E-02   3.43232858E-03
   5256.0301432845945        1.75447874E-02   3.37341824E-03
   5257.5842335459010        1.69585999E-02   3.41414241E-03
   5259.1384316105841        2.21087001E-02   3.54564912E-03
   5260.6927373395483        2.22475212E-02   3.48496065E-03
   5262.2471505936965        2.08283961E-02   3.39497114E-03
   5263.8016712339349        1.24728298E-02   3.12827108E-03
   5265.3562991211675        2.25785747E-02   3.33156460E-03
   5266.9110341163014        1.73744801E-02   3.20256152E-03
   5268.4658760802395        1.79440826E-02   3.25922272E-03
   5270.0208248738854        1.97530817E-02   3.27920308E-03
   5271.5758803581457        1.43184848E-02   3.16622457E-03
   5273.1310423939267        1.78962350E-02   3.34370043E-03
   5274.6863108421303        1.94637999E-02   3.37635889E-03
   5276.2416855636611        2.02865191E-02   3.47413053E-03
   5277.7971664194265        1.43560674E-02   3.32925026E-03
   5279.3527532703292        1.78674553E-02   3.35056544E-03
   5280.9084459772757        1.66448001E-02   3.36721796E-03
   5282.4642444011679        1.88802369E-02   3.40278773E-03
   5284.0201484029149        1.98771767E-02   3.38549586E-03
   5285.5761578434176        1.86361764E-02   3.40563431E-03
   5287.1322725835817        1.96767393E-02   3.46997054E-03
   5288.6884924843143        2.02016681E-02   3.48282675E-03
   5290.2448174065175        1.61034875E-02   3.38348933E-03
   5291.8012472110959        1.18321860E-02   3.31270462E-03
   5293.3577817589585        1.92773659E-02   3.46016418E-03
   5294.9144209110045        1.92825757E-02   3.43619054E-03
   5296.4711645281423        2.06371937E-02   3.44024436E-03
   5298.0280124712754        1.50690861E-02   3.30710434E-03
   5299.5849646013094        2.01796964E-02   3.39860492E-03
   5301.1420207791471        1.32616451E-02   3.28930491E-03
   5302.6991808656958        2.43359264E-02   3.59577104E-03
   5304.2564447218592        2.00949628E-02   3.48984357E-03
   5305.8138122085411        1.64959691E-02   3.41917179E-03
   5307.3712831866487        1.89345870E-02   3.44970636E-03
   5308.9288575170849        2.42374558E-02   3.60224932E-03
   5310.4865350607542        1.19777573E-02   3.36539373E-03
   5312.0443156785641        1.77152604E-02   3.46153346E-03
   5313.6021992314163        1.75780635E-02   3.45342956E-03
   5315.1601855802173        2.10119151E-02   3.50923766E-03
   5316.7182745858709        1.48354704E-02   3.39004886E-03
   5318.2764661092824        1.75446980E-02   3.44481086E-03
   5319.8347600113566        1.56777427E-02   3.40291578E-03
   5321.3931561529971        1.94212943E-02   3.47832683E-03
   5322.9516543951113        1.45966755E-02   3.35426768E-03
   5324.5102545986028        1.64418481E-02   3.40759987E-03
   5326.0689566243755        2.17366740E-02   3.43805389E-03
   5327.6277603333347        2.15745550E-02   3.43382685E-03
   5329.1866655863860        1.42924031E-02   3.25155631E-03
   5330.7456722444331        2.13488620E-02   3.49855050E-03
   5332.3047801683806        2.47610621E-02   3.63516365E-03
   5333.8639892191359        1.73088480E-02   3.42235202E-03
   5335.4232992575999        1.67647377E-02   3.43532162E-03
   5336.9827101446790        1.70793775E-02   3.45516228E-03
   5338.5422217412797        1.60488728E-02   3.39115923E-03
   5340.1018339083048        2.02824008E-02   3.47098592E-03
   5341.6615465066607        1.93086211E-02   3.42004490E-03
   5343.2213593972501        1.77905355E-02   3.39261536E-03
   5344.7812724409787        1.71608608E-02   3.41315730E-03
   5346.3412854987519        1.02168657E-02   3.23910848E-03
   5347.9013984314743        2.11501289E-02   3.51467985E-03
   5349.4616111000496        2.30119452E-02   3.54370754E-03
   5351.0219233653843        1.33800004E-02   3.31771304E-03
   5352.5823350883820        2.45254952E-02   3.60707217E-03
   5354.1428461299483        1.52218062E-02   3.42929550E-03
   5355.7034563509878        1.83956232E-02   3.50909145E-03
   5357.2641656124042        2.03829147E-02   3.52772349E-03
   5358.8249737751030        1.69487987E-02   3.48252896E-03
   5360.3858806999897        2.26836354E-02   3.60208307E-03
   5361.9468862479680        1.15704322E-02   3.33934766E-03
   5363.5079902799444        1.90147739E-02   3.46220192E-03
   5365.0691926568215        1.49610350E-02   3.34357540E-03
   5366.6304932395060        1.97882392E-02   3.42757953E-03
   5368.1918918889005        1.86307896E-02   3.44220782E-03
   5369.7533884659115        1.43929394E-02   3.31689348E-03
   5371.3149828314445        1.99359097E-02   3.41202179E-03
   5372.8766748464013        2.25419365E-02   3.52723198E-03
   5374.4384643716903        1.25828478E-02   3.35129863E-03
   5376.0003512682133        1.96035206E-02   3.50947236E-03
   5377.5623353968767        1.82344075E-02   3.48716928E-03
   5379.1244166185861        1.73687618E-02   3.45257670E-03
   5380.6865947942433        1.67339221E-02   3.39736231E-03
   5382.2488697847566        1.83750261E-02   3.44869541E-03
   5383.8112414510288        1.88965444E-02   3.46248271E-03
   5385.3737096539644        1.36161353E-02   3.36924242E-03
   5386.9362742544699        2.21413765E-02   3.52640753E-03
   5388.4989351134473        2.04489790E-02   3.53151676E-03
   5390.0616920918046        2.07402315E-02   3.50823975E-03
   5391.6245450504439        1.94105208E-02   3.45954672E-03
   5393.1874938502724        1.35524329E-02   3.32906540E-03
   5394.7505383521930        2.23505851E-02   3.51905846E-03
   5396.3136784171111        2.00196654E-02   3.42126726E-03
   5397.8769139059323        1.81958228E-02   3.39937326E-03
   5399.4402446795602        1.69957969E-02   3.38219502E-03
   5401.0036705989005        1.99975856E-02   3.43523966E-03
   5402.5671915248577        2.25105230E-02   3.53777828E-03
   5404.1308073183363        2.34257150E-02   3.51569219E-03
   5405.6945178402411        2.20421515E-02   3.43886018E-03
   5407.2583229514776        1.74576864E-02   3.34999571E-03
   5408.8222225129484        1.74569655E-02   3.35465139E-03
   5410.3862163855611        2.21957695E-02   3.47075542E-03
   5411.9503044302191        1.83907170E-02   3.43195070E-03
   5413.5144865078282        2.04804726E-02   3.46807158E-03
   5415.0787624792920        1.86517742E-02   3.45785008E-03
   5416.6431322055150        2.72575282E-02   3.59665207E-03
   5418.2075955474038        1.39060589E-02   3.35196173E-03
   5419.7721523658611        2.04276294E-02   3.51470779E-03
   5421.3368025217942        1.91570073E-02   3.45160137E-03
   5422.9015458761041        1.42367193E-02   3.30495834E-03
   5424.4663822897001        1.84150506E-02   3.43901990E-03
   5426.0313116234847        1.81939155E-02   3.42148682E-03
   5427.5963337383619        1.64851416E-02   3.41548910E-03
   5429.1614484952379        1.87722594E-02   3.44261178E-03
   5430.7266557550165        1.41812842E-02   3.29028745E-03
   5432.2919553786041        2.00640261E-02   3.42985941E-03
   5433.8573472269027        2.15058289E-02   3.46846879E-03
   5435.4228311608194        2.06475835E-02   3.45337368E-03
   5436.9884070412591        2.05992535E-02   3.55288060E-03
   5438.5540747291252        2.02283636E-02   3.54192895E-03
   5440.1198340853234        1.07385134E-02   3.31792026E-03
   5441.6856849707574        2.09459774E-02   3.58710601E-03
   5443.2516272463336        1.68299545E-02   3.45052709E-03
   5444.8176607729556        1.60063952E-02   3.37632117E-03
   5446.3837854115300        1.73806511E-02   3.39100254E-03
   5447.9500010229585        1.13968849E-02   3.27630690E-03
   5449.5163074681486        2.39042379E-02   3.58556071E-03
   5451.0827046080040        1.94066875E-02   3.54779279E-03
   5452.6491923034291        1.73428692E-02   3.48367053E-03
   5454.2157704153296        1.68222543E-02   3.44590633E-03
   5455.7824388046101        1.79472622E-02   3.42897186E-03
   5457.3491973321752        1.49472198E-02   3.36128520E-03
   5458.9160458589295        1.80374775E-02   3.48936673E-03
   5460.4829842457775        1.93674117E-02   3.50936479E-03
   5462.0500123536249        1.41802616E-02   3.36460513E-03
   5463.6171300433762        1.14492234E-02   3.32061155E-03
   5465.1843371759351        1.40935425E-02   3.32278456E-03
   5466.7516336122089        1.51388133E-02   3.40137794E-03
   5468.3190192130996        1.85352173E-02   3.46884993E-03
   5469.8864938395136        1.64118577E-02   3.42755881E-03
   5471.4540573523564        1.54581331E-02   3.42045561E-03
   5473.0217096125307        1.68827195E-02   3.41304205E-03
   5474.5894504809430        2.10032295E-02   3.50504857E-03
   5476.1572798184970        1.16772717E-02   3.25964927E-03
   5477.7251974860974        1.93933528E-02   3.45369778E-03
   5479.2932033446505        1.77404676E-02   3.36297229E-03
   5480.8612972550591        1.37728769E-02   3.33468150E-03
   5482.4294790782296        1.56564415E-02   3.42705986E-03
   5483.9977486750668        2.04057079E-02   3.51489754E-03
   5485.5661059064732        1.91794336E-02   3.48906382E-03
   5487.1345506333564        1.25780562E-02   3.38385906E-03
   5488.7030827166200        2.23729573E-02   3.57485912E-03
   5490.2717020171694        1.89058781E-02   3.49986297E-03
   5491.8404083959085        2.32762340E-02   3.64816072E-03
   5493.4092017137418        2.12686360E-02   3.53707070E-03
   5494.9780818315758        1.86303407E-02   3.49588273E-03
   5496.5470486103141        1.28198974E-02   3.32048652E-03
   5498.1161019108604        2.23793667E-02   3.59924627E-03
   5499.6852415941221        1.66019201E-02   3.41912429E-03
   5501.2544675210020        1.41125098E-02   3.38139641E-03
   5502.8237795524064        1.77825522E-02   3.46407108E-03
   5504.3931775492383        2.21364852E-02   3.55776516E-03
   5505.9626613724040        1.79049484E-02   3.46806785E-03
   5507.5322308828063        2.08717920E-02   3.51227238E-03
   5509.1018859413534        1.38728777E-02   3.36861750E-03
   5510.6716264089473        1.77303962E-02   3.47004412E-03
   5512.2414521464934        1.83638688E-02   3.46618518E-03
   5513.8113630148964        1.75520666E-02   3.42417788E-03
   5515.3813588750618        2.24117599E-02   3.53919039E-03
   5516.9514395878950        1.52455494E-02   3.42738512E-03
   5518.5216050142990        2.03182008E-02   3.55607620E-03
   5520.0918550151782        1.98986847E-02   3.51479137E-03
   5521.6621894514401        1.47283403E-02   3.46751651E-03
   5523.2326081839874        2.03406271E-02   3.53618711E-03
   5524.8031110737256        1.63922962E-02   3.47020873E-03
   5526.3736979815594        1.92337707E-02   3.49264732E-03
   5527.9443687683934        1.91253684E-02   3.46985762E-03
   5529.5151232951321        1.57952029E-02   3.38806864E-03
   5531.0859614226811        2.33637393E-02   3.59454029E-03
   5532.6568830119450        1.63085535E-02   3.42920376E-03
   5534.2278879238283        1.99467987E-02   3.54572898E-03
   5535.7989760192359        1.82912834E-02   3.52982478E-03
   5537.3701471590730        1.57229416E-02   3.43286595E-03
   5538.9414012042434        1.46395573E-02   3.45514738E-03
   5540.5127380156528        1.93128753E-02   3.52029665E-03
   5542.0841574542055        1.76471639E-02   3.46611859E-03
   5543.6556593808073        1.42344153E-02   3.44256940E-03
   5545.2272436563617        2.26343535E-02   3.63245490E-03
   5546.7989101417734        1.69875827E-02   3.51860235E-03
   5548.3706586979479        1.40068764E-02   3.43258353E-03
   5549.9424891857907        1.22342752E-02   3.41824535E-03
   5551.5144014662055        1.70432366E-02   3.49293160E-03
   5553.0863954000970        1.37735112E-02   3.41235334E-03
   5554.6584708483706        1.62739903E-02   3.43914400E-03
   5556.2306276719310        1.38747608E-02   3.40010435E-03
   5557.8028657316827        2.13200990E-02   3.58366012E-03
   5559.3751848885304        1.33539187E-02   3.36850062E-03
   5560.9475850033787        1.52716739E-02   3.46050505E-03
   5562.5200659371339        2.27487963E-02   3.60316038E-03
   5564.0926275506999        1.92690883E-02   3.51795112E-03
   5565.6652697049794        1.85678340E-02   3.54452338E-03
   5567.2379922608807        2.08811592E-02   3.56950192E-03
   5568.8107950793064        1.68274567E-02   3.46599380E-03
   5570.3836780211632        1.19201196E-02   3.30874021E-03
   5571.9566409473528        1.59493089E-02   3.40790418E-03
   5573.5296837187834        1.57578718E-02   3.66773200E-03
   5575.1028061963571        2.32429691E-02   6.80212537E-03
   5576.6760082409801        2.85451990E-02   8.43533501E-03
   5578.2492897135562        2.28468478E-02   8.63412861E-03
   5579.8226504749919        2.54896842E-02   7.58091453E-03
   5581.3960903861907        1.45582277E-02   4.43684263E-03
   5582.9696093080574        1.65764280E-02   3.63688124E-03
   5584.5432071014975        1.80337392E-02   3.47269466E-03
   5586.1168836274146        1.38668874E-02   3.38390958E-03
   5587.6906387467143        1.31469760E-02   3.36684496E-03
   5589.2644723203020        1.13750156E-02   3.26534454E-03
   5590.8383842090825        1.46312090E-02   3.41477850E-03
   5592.4123742739584        2.01905817E-02   3.52492160E-03
   5593.9864423758363        1.97877269E-02   3.48691735E-03
   5595.5605883756216        1.97119899E-02   3.55344987E-03
   5597.1348121342171        1.18188364E-02   3.34386458E-03
   5598.7091135125293        1.99470371E-02   3.53299733E-03
   5600.2834923714627        2.11262498E-02   3.55291087E-03
   5601.8579485719210        1.68515407E-02   3.41282878E-03
   5603.4324819748108        1.79241020E-02   3.50718899E-03
   5605.0070924410356        2.02456675E-02   3.55806504E-03
   5606.5817798315002        1.66176781E-02   3.57243116E-03
   5608.1565440071090        1.44763160E-02   3.47170862E-03
   5609.7313848287686        1.74976643E-02   3.54565005E-03
   5611.3063021573826        1.69767831E-02   3.48346913E-03
   5612.8812958538547        1.07909637E-02   3.37871700E-03
   5614.4563657790914        2.19936632E-02   3.58490646E-03
   5616.0315117939972        1.18669998E-02   3.34456447E-03
   5617.6067337594768        1.70678236E-02   3.43235582E-03
   5619.1820315364348        2.04203725E-02   3.57224513E-03
   5620.7574049857749        2.07530484E-02   3.55173834E-03
   5622.3328539684044        1.31801479E-02   3.46118980E-03
   5623.9083783452261        1.63712446E-02   3.47550143E-03
   5625.4839779771464        1.37311090E-02   3.43778939E-03
   5627.0596527250682        1.36002032E-02   3.42327752E-03
   5628.6354024498978        2.02377271E-02   3.56360013E-03
   5630.2112270125381        1.16934311E-02   3.38026369E-03
   5631.7871262738963        1.34680066E-02   3.46552581E-03
   5633.3631000948753        1.63137950E-02   3.50606372E-03
   5634.9391483363815        1.65810548E-02   3.48544889E-03
   5636.5152708593187        1.46959666E-02   3.41947796E-03
   5638.0914675245913        1.27922343E-02   3.39671993E-03
   5639.6677381931058        1.74302030E-02   3.51710408E-03
   5641.2440827257651        1.53826149E-02   3.59033234E-03
   5642.8205009834746        9.51175671E-03   5.24976617E-03
   5644.3969928271399        4.04271185E-02   1.05659617E-02
   5645.9735581176647        4.37928848E-02   5.18564135E-03
   5647.5501967159535        1.96457468E-02   3.62148182E-03
   5649.1269084829137        1.14653930E-02   3.42094363E-03
   5650.7036932794463        1.72089580E-02   3.54719139E-03
   5652.2805509664586        1.57111641E-02   3.50448955E-03
   5653.8574814048552        1.70318689E-02   3.50590306E-03
   5655.4344844555399        1.72312185E-02   3.48318252E-03
   5657.0115599794190        1.49496784E-02   3.42641352E-03
   5658.5887078373962        1.07331676E-02   3.25546111E-03
   5660.1659278903762        1.85686257E-02   3.52924736E-03
   5661.7432199992636        1.36216590E-02   3.41540901E-03
   5663.3205840249648        1.70211717E-02   3.54774948E-03
   5664.8980198283825        2.39641648E-02   3.68627021E-03
   5666.4755272704233        1.07422285E-02   3.41274962E-03
   5668.0531062119908        2.10191477E-02   3.62700876E-03
   5669.6307565139905        1.42271584E-02   3.49328644E-03
   5671.2084780373261        1.25119835E-02   3.48051172E-03
   5672.7862706429041        9.60804056E-03   3.40323034E-03
   5674.3641341916273        2.09187493E-02   3.66736995E-03
   5675.9420685444020        1.71569642E-02   3.59636801E-03
   5677.5200735621329        2.32598726E-02   3.74011672E-03
   5679.0981491057237        2.06357148E-02   3.66168213E-03
   5680.6762950360799        1.62955467E-02   3.52610159E-03
   5682.2545112141070        1.57414153E-02   3.52163985E-03
   5683.8327975007087        1.96163990E-02   3.57317226E-03
   5685.4111537567906        2.07520239E-02   3.62293818E-03
   5686.9895798432572        8.48921388E-03   3.30469501E-03
   5688.5680756210122        2.46752631E-02   3.72726424E-03
   5690.1466409509621        1.59595683E-02   3.46941897E-03
   5691.7252756940106        1.14838742E-02   3.42080370E-03
   5693.3039797110632        1.69445109E-02   3.58038140E-03
   5694.8827528630254        1.17006637E-02   3.42720444E-03
   5696.4615950107991        2.10100822E-02   3.67246987E-03
   5698.0405060152916        1.98082030E-02   3.64961266E-03
   5699.6194857374066        1.66290998E-02   3.57905426E-03
   5701.1985340380506        2.40820423E-02   3.73590388E-03
   5702.7776507781264        1.34386476E-02   3.45476368E-03
   5704.3568358185403        1.25054345E-02   3.41864629E-03
   5705.9360890201961        2.17023324E-02   3.62622691E-03
   5707.5154102439983        1.66829824E-02   3.53458663E-03
   5709.0947993508516        1.46517800E-02   3.40396957E-03
   5710.6742562016616        1.77560654E-02   3.50816688E-03
   5712.2537806573346        1.84202883E-02   3.57143651E-03
   5713.8333725787725        2.06435844E-02   3.59226530E-03
   5715.4130318268817        1.78148262E-02   3.57637764E-03
   5716.9927582625660        1.65381096E-02   3.59301991E-03
   5718.5725517467317        1.16595887E-02   3.42541886E-03
   5720.1524121402826        1.10719735E-02   3.39355716E-03
   5721.7323393041224        1.61886178E-02   3.62362876E-03
   5723.3123330991575        1.40679637E-02   3.54484096E-03
   5724.8923933862925        1.27562601E-02   3.48665845E-03
   5726.4725200264320        1.53156742E-02   3.60199646E-03
   5728.0527128804806        1.37773110E-02   3.56048951E-03
   5729.6329718093439        1.67645365E-02   3.58920614E-03
   5731.2132966739255        1.50558921E-02   3.59819224E-03
   5732.7936873351309        1.17802089E-02   3.46937147E-03
   5734.3741436538648        2.06864085E-02   3.73324053E-03
   5735.9546654910318        2.13844720E-02   3.75526724E-03
   5737.5352527075365        2.13178135E-02   3.72421811E-03
   5739.1159051642844        1.46280136E-02   3.58905038E-03
   5740.6966227221801        1.49010150E-02   3.55429971E-03
   5742.2774052421273        1.14113232E-02   3.48621118E-03
   5743.8582525850334        1.99515875E-02   3.69356386E-03
   5745.4391646118011        1.56988949E-02   3.58060864E-03
   5747.0201411833350        1.50120985E-02   3.55831510E-03
   5748.6011821605398        1.57136321E-02   3.55600263E-03
   5750.1822874043219        1.79962777E-02   3.66950035E-03
   5751.7634567755840        1.74469110E-02   3.60973645E-03
   5753.3446901352336        1.48677630E-02   3.53061641E-03
   5754.9259873441733        2.12051217E-02   3.66740650E-03
   5756.5073482633097        2.32062414E-02   3.73804523E-03
   5758.0887727535446        1.77438594E-02   3.64949321E-03
   5759.6702606757863        1.60753168E-02   3.59156705E-03
   5761.2518118909366        1.86635200E-02   3.66618112E-03
   5762.8334262599019        1.94572229E-02   3.62256472E-03
   5764.4151036435869        1.56622380E-02   3.60496761E-03
   5765.9968439028971        1.83008406E-02   3.67114716E-03
   5767.5786468987353        1.06823724E-02   3.46382312E-03
   5769.1605124920079        1.52947176E-02   3.59522202E-03
   5770.7424405436186        1.79778486E-02   3.66972550E-03
   5772.3244309144729        1.98347904E-02   3.66572826E-03
   5773.9064834654764        1.79065280E-02   3.64549854E-03
   5775.4885980575327        1.38497194E-02   3.54348822E-03
   5777.0707745515465        1.13206543E-02   3.49387829E-03
   5778.6530128084232        1.91483274E-02   3.65910633E-03
   5780.2353126890675        1.29711814E-02   3.46885365E-03
   5781.8176740543831        1.73200034E-02   3.57676949E-03
   5783.4000967652773        1.14686079E-02   3.43487179E-03
   5784.9825806826520        1.59060042E-02   3.60485935E-03
   5786.5651256674146        1.17900176E-02   3.42222210E-03
   5788.1477315804677        1.03285257E-02   3.46095045E-03
   5789.7303982827179        1.91676021E-02   3.69583047E-03
   5791.3131256350689        1.98295638E-02   3.63752642E-03
   5792.8959134984252        1.88654028E-02   3.65036353E-03
   5794.4787617336924        1.81733072E-02   3.69225116E-03
   5796.0616702017751        1.14594353E-02   3.50864208E-03
   5797.6446387635779        1.00013232E-02   3.46614770E-03
   5799.2276672800072        1.63812190E-02   3.60288727E-03
   5800.8107556119639        1.62858218E-02   3.60781560E-03
   5802.3939036203565        1.32996161E-02   3.54844844E-03
   5803.9771111660884        1.51312007E-02   3.59536684E-03
   5805.5603781100635        8.01162887E-03   3.39945173E-03
   5807.1437043131891        1.54037140E-02   3.59193003E-03
   5808.7270896363671        1.17600830E-02   3.52829555E-03
   5810.3105339405047        1.97648276E-02   3.70827387E-03
   5811.8940370865057        9.25404113E-03   3.52438120E-03
   5813.4775989352747        1.69289913E-02   3.65856593E-03
   5815.0612193477173        1.03529980E-02   3.43816797E-03
   5816.6448981847361        1.31517705E-02   3.58263589E-03
   5818.2286353072386        1.60998236E-02   3.64022213E-03
   5819.8124305761276        1.05117382E-02   3.51520116E-03
   5821.3962838523094        1.24319103E-02   3.55152995E-03
   5822.9801949966877        1.85283944E-02   3.72900185E-03
   5824.5641638701672        1.52878771E-02   3.63440788E-03
   5826.1481903336544        1.86820086E-02   3.70143657E-03
   5827.7322742480519        1.64270382E-02   3.64422589E-03
   5829.3164154742672        1.71493329E-02   3.71601037E-03
   5830.9006138732020        1.27968388E-02   3.60505912E-03
   5832.4848693057638        1.99972671E-02   3.74523038E-03
   5834.0691816328545        1.68927927E-02   3.69735854E-03
   5835.6535507153803        1.25170229E-02   3.54607380E-03
   5837.2379764142479        1.36518721E-02   3.62365227E-03
   5838.8224585903590        1.86656825E-02   3.75660323E-03
   5840.4069971046210        1.87199228E-02   3.76854651E-03
   5841.9915918179368        1.95825677E-02   3.79892020E-03
   5843.5762425912117        1.44950738E-02   3.67803941E-03
   5845.1609492853504        1.57076586E-02   3.67815280E-03
   5846.7457117612585        2.27278620E-02   3.82540375E-03
   5848.3305298798405        2.41261087E-02   3.87337338E-03
   5849.9154035020001        2.06805188E-02   3.80777591E-03
   5851.5003324886429        2.19065435E-02   3.79855256E-03
   5853.0853167006753        2.59531103E-02   3.93496128E-03
   5854.6703559989992        2.47823708E-02   3.90049652E-03
   5856.2554502445209        1.80135667E-02   3.65387299E-03
   5857.8405992981452        2.70839706E-02   3.85603285E-03
   5859.4258030207757        2.97325533E-02   3.97422491E-03
   5861.0110612733197        2.57051568E-02   3.93074146E-03
   5862.5963739166791        2.10114904E-02   3.81193892E-03
   5864.1817408117613        2.86903381E-02   4.02729260E-03
   5865.7671618194699        3.08400430E-02   4.12525842E-03
   5867.3526368007088        2.67526172E-02   3.99507722E-03
   5868.9381656163841        2.17307378E-02   3.93369095E-03
   5870.5237481273998        2.79526860E-02   4.02015308E-03
   5872.1093841946622        3.00842281E-02   4.05249698E-03
   5873.6950736790741        3.10206283E-02   4.10588365E-03
   5875.2808164415419        2.54323296E-02   3.96364694E-03
   5876.8666123429684        3.03943083E-02   4.00772039E-03
   5878.4524612442610        2.22454369E-02   3.91849224E-03
   5880.0383630063216        2.53253467E-02   3.94584611E-03
   5881.6243174900574        2.31971778E-02   3.87330819E-03
   5883.2103245563721        2.42525190E-02   3.86957941E-03
   5884.7963840661714        1.85400862E-02   3.82276438E-03
   5886.3824958803580        2.57567465E-02   4.03867057E-03
   5887.9686598598400        1.68163795E-02   4.10555629E-03
   5889.5548758655195        2.55986359E-02   4.42991359E-03
   5891.1411437583010        2.55254414E-02   4.38764924E-03
   5892.7274633990919        3.15644927E-02   4.37480956E-03
   5894.3138346487949        3.39154713E-02   4.37223213E-03
   5895.9002573683147        2.43320409E-02   4.20395518E-03
   5897.4867314185576        2.34948266E-02   4.16715536E-03
   5899.0732566604293        2.53930427E-02   4.08668816E-03
   5900.6598329548297        2.55824216E-02   4.00591502E-03
   5902.2464601626680        2.23635323E-02   3.86689906E-03
   5903.8331381448479        2.45843418E-02   4.00497671E-03
   5905.4198667622741        2.60707065E-02   4.01464384E-03
   5907.0066458758511        2.07931213E-02   3.90137266E-03
   5908.5934753464844        2.44798884E-02   3.97779979E-03
   5910.1803550350787        2.20338758E-02   3.91634973E-03
   5911.7672848025368        2.17996761E-02   3.89615074E-03
   5913.3542645097659        1.86996311E-02   3.83410952E-03
   5914.9412940176708        1.68533828E-02   3.85026867E-03
   5916.5283731871550        1.36730373E-02   3.75519111E-03
   5918.1155018791242        6.46094233E-03   3.51679721E-03
   5919.7026799544828        1.70519687E-02   3.78472544E-03
   5921.2899072741347        2.29906291E-02   3.97741748E-03
   5922.8771836989863        2.21454594E-02   3.92913120E-03
   5924.4645090899403        1.39911240E-02   3.77064454E-03
   5926.0518833079050        1.88088473E-02   3.87807563E-03
   5927.6393062137813        2.38682181E-02   3.95756913E-03
   5929.2267776684776        5.85911237E-03   3.49737261E-03
   5930.8142975328956        8.56384449E-03   3.61651694E-03
   5932.4018656679409        1.68865509E-02   3.84573732E-03
   5933.9894819345200        1.13099441E-02   3.71534098E-03
   5935.5771461935356        1.92404613E-02   3.90078337E-03
   5937.1648583058950        1.66440140E-02   3.82310688E-03
   5938.7526181324993        2.10223328E-02   3.97377694E-03
   5940.3404255342557        2.09307801E-02   3.90449748E-03
   5941.9282803720689        1.74219683E-02   3.79033363E-03
   5943.5161825068435        2.03257650E-02   3.92932910E-03
   5945.1041317994841        1.04100425E-02   3.74225294E-03
   5946.6921281108953        1.97778977E-02   3.89520288E-03
   5948.2801713019826        1.68950278E-02   3.83574958E-03
   5949.8682612336506        1.37315150E-02   3.72881326E-03
   5951.4563977668049        2.55411044E-02   4.08584531E-03
   5953.0445807623473        1.43142249E-02   3.78601300E-03
   5954.6328100811861        2.03279890E-02   3.96031793E-03
   5956.2210855842222        1.12883328E-02   3.75876296E-03
   5957.8094071323658        1.01324711E-02   3.70331877E-03
   5959.3977745865177        1.96285229E-02   3.90620064E-03
   5960.9861878075835        1.58781409E-02   3.82186240E-03
   5962.5746466564669        1.78228300E-02   3.92167689E-03
   5964.1631509940753        1.67532414E-02   3.84848216E-03
   5965.7517006813123        1.71078388E-02   3.88337648E-03
   5967.3402955790816        1.46207809E-02   3.82402446E-03
   5968.9289355482897        2.16761082E-02   4.02858900E-03
   5970.5176204498403        1.53339775E-02   3.86361033E-03
   5972.1063501446379        1.08797392E-02   3.72321159E-03
   5973.6951244935899        1.98929682E-02   3.93425114E-03
   5975.2839433575973        1.73485223E-02   3.92177422E-03
   5976.8728065975674        1.47797409E-02   3.88474320E-03
   5978.4617140744040        1.24595361E-02   3.80301452E-03
   5980.0506656490124        1.37503725E-02   3.82023910E-03
   5981.6396611822975        1.53045878E-02   3.84197850E-03
   5983.2287005351627        2.10577510E-02   3.98772676E-03
   5984.8177835685146        1.29254935E-02   3.74699733E-03
   5986.4069101432578        2.18911804E-02   3.98150785E-03
   5987.9960801202960        1.60918124E-02   3.87077662E-03
   5989.5852933605338        1.19144339E-02   3.71232699E-03
   5991.1745497248776        1.39667653E-02   3.86928604E-03
   5992.7638490742320        1.48776527E-02   3.84872826E-03
   5994.3531912694998        1.91765409E-02   3.95328505E-03
   5995.9425761715884        1.27885947E-02   3.79912369E-03
   5997.5320036414005        1.82097889E-02   3.94365238E-03
   5999.1214735398416        1.61502678E-02   3.91274830E-03
   6000.7109857278183        1.81359537E-02   3.96421412E-03
   6002.3005400662314        1.84773058E-02   3.93233122E-03
   6003.8901364159901        2.04789974E-02   4.04258724E-03
   6005.4797746379954        1.28852483E-02   3.85230640E-03
   6007.0694545931547        2.44762301E-02   4.10116510E-03
   6008.6591761423724        2.01937258E-02   3.97691317E-03
   6010.2489391465524        1.76982246E-02   3.92048620E-03
   6011.8387434665983        1.22615229E-02   3.84056219E-03
   6013.4285889634175        1.62652526E-02   3.93536314E-03
   6015.0184754979146        1.40566099E-02   3.85297253E-03
   6016.6084029309932        1.25658503E-02   3.81015381E-03
   6018.1983711235589        7.59291323E-03   3.66934435E-03
   6019.7883799365145        2.31199078E-02   4.06292453E-03
   6021.3784292307673        1.09699341E-02   3.69929895E-03
   6022.9685188672220        1.85090937E-02   3.95496096E-03
   6024.5586487067812        9.00816638E-03   3.71144293E-03
   6026.1488186103516        1.07061490E-02   3.77880689E-03
   6027.7390284388366        1.05808135E-02   3.78418295E-03
   6029.3292780531428        2.01579481E-02   4.09270544E-03
   6030.9195673141739        1.09865563E-02   3.80890770E-03
   6032.5098960828345        1.44487424E-02   3.94947128E-03
   6034.1002642200301        5.98768285E-03   3.71811609E-03
   6035.6906715866662        1.40723437E-02   4.00657626E-03
   6037.2811180436438        1.25455009E-02   3.87607515E-03
   6038.8716034518720        8.66870768E-03   3.78740579E-03
   6040.4621276722546        1.61894970E-02   3.97715345E-03
   6042.0526905656943        1.51330866E-02   3.96553380E-03
   6043.6432919930985        1.30824996E-02   3.90073378E-03
   6045.2339318153718        1.98325403E-02   4.10398701E-03
   6046.8246098934160        2.15006433E-02   4.14196029E-03
   6048.4153260881394        1.72398221E-02   4.02278919E-03
   6050.0060802604448        2.10621357E-02   4.15487401E-03
   6051.5968722712369        2.04512812E-02   4.10300260E-03
   6053.1877019814210        2.36302800E-02   4.20658477E-03
   6054.7785692519028        1.60855874E-02   4.05784464E-03
   6056.3694739435869        2.43178438E-02   4.21289215E-03
   6057.9604159173778        2.44107824E-02   4.23348369E-03
   6059.5513950341774        2.05996390E-02   4.24017711E-03
   6061.1424111548949        2.07389090E-02   4.13707225E-03
   6062.7334641404350        2.39946637E-02   4.17816686E-03
   6064.3245538516976        1.59098078E-02   4.02800227E-03
   6065.9156801495928        1.71376094E-02   4.06455249E-03
   6067.5068428950226        1.44337872E-02   4.00136458E-03
   6069.0980419488924        2.04597320E-02   4.18080622E-03
   6070.6892771721077        2.24116780E-02   4.22736583E-03
   6072.2805484255723        9.19538829E-03   3.90901091E-03
   6073.8718555701907        1.87678933E-02   4.16785944E-03
   6075.4631984668695        1.75179336E-02   4.12134500E-03
   6077.0545769765122        2.07310058E-02   4.21733037E-03
   6078.6459909600235        1.43580614E-02   4.02172795E-03
   6080.2374402783089        1.79035477E-02   4.10671020E-03
   6081.8289247922712        1.09677128E-02   3.95256467E-03
   6083.4204443628178        1.62594970E-02   4.11395403E-03
   6085.0119988508523        2.21721400E-02   4.25383216E-03
   6086.6035881172802        1.47352051E-02   4.04859753E-03
   6088.1952120230053        1.71760432E-02   4.10331599E-03
   6089.7868704289340        1.71997976E-02   4.14713379E-03
   6091.3785631959681        1.85774006E-02   4.18948289E-03
   6092.9702901850151        2.08889674E-02   4.23360663E-03
   6094.5620512569785        2.23740414E-02   4.30518994E-03
   6096.1538462727640        1.48811527E-02   4.12371475E-03
   6097.7456750932752        1.17322393E-02   4.04659100E-03
   6099.3375375794176        1.96454264E-02   4.24984097E-03
   6100.9294335920968        1.34814614E-02   4.05442109E-03
   6102.5213629922164        2.55023837E-02   4.35422361E-03
   6104.1133256406811        1.26129063E-02   4.00583865E-03
   6105.7053213983972        2.25089081E-02   4.28368663E-03
   6107.2973501262668        2.40804963E-02   4.37125145E-03
   6108.8894116851989        1.71101354E-02   4.19869274E-03
   6110.4815059360935        2.96902247E-02   4.52030124E-03
   6112.0736327398581        1.93831865E-02   4.27312637E-03
   6113.6657919573972        2.02914588E-02   4.27097036E-03
   6115.2579834496164        1.65869873E-02   4.19971254E-03
   6116.8502070774175        1.68946180E-02   4.22889600E-03
   6118.4424627017097        2.01995149E-02   4.34386544E-03
   6120.0347501833949        1.27478130E-02   4.10139980E-03
   6121.6270693833767        2.10337602E-02   4.29905765E-03
   6123.2194201625625        1.85638294E-02   4.25482076E-03
   6124.8118023818579        1.98516324E-02   4.39234916E-03
   6126.4042159021647        1.98718626E-02   4.32880176E-03
   6127.9966605843883        1.55327395E-02   4.25950764E-03
   6129.5891362894345        2.40181927E-02   4.43382002E-03
   6131.1816428782076        8.45240953E-04   3.78300576E-03
   6132.7741802116134        1.59571692E-02   4.26837336E-03
   6134.3667481505554        1.67790502E-02   4.27903933E-03
   6135.9593465559392        1.14845112E-02   4.11194470E-03
   6137.5519752886685        1.99564565E-02   4.33548493E-03
   6139.1446342096497        2.02862415E-02   4.35938593E-03
   6140.7373231797865        2.62877923E-02   4.53644898E-03
   6142.3300420599844        2.00847685E-02   4.40732809E-03
   6143.9227907111463        1.62925180E-02   4.28710226E-03
   6145.5155689941794        2.00546831E-02   4.39544115E-03
   6147.1083767699874        2.38317028E-02   4.56050085E-03
   6148.7012138994751        1.77252665E-02   4.37757513E-03
   6150.2940802435469        1.93671398E-02   4.39001899E-03
   6151.8869756631093        1.45638324E-02   4.28362144E-03
   6153.4799000190660        2.55770087E-02   4.59853606E-03
   6155.0728531723198        1.95678025E-02   4.46864590E-03
   6156.6658349837790        2.47885361E-02   4.62560728E-03
   6158.2588453143462        2.72755791E-02   4.64102486E-03
   6159.8518840249280        1.99448913E-02   4.44715703E-03
   6161.4449509764263        1.32250879E-02   4.22456441E-03
   6163.0380460297483        1.99718699E-02   4.41722851E-03
   6164.6311690457987        2.22916119E-02   4.50581126E-03
   6166.2243198854812        2.41272245E-02   4.60766116E-03
   6167.8174984097004        1.51934307E-02   4.45649354E-03
   6169.4107044793627        1.42752817E-02   4.34491970E-03
   6171.0039379553718        1.79434028E-02   4.49970411E-03
   6172.5971986986324        2.32928619E-02   4.58359392E-03
   6174.1904865700490        2.03949735E-02   4.59805410E-03
   6175.7838014305280        1.73552185E-02   4.56100749E-03
   6177.3771431409732        2.14482453E-02   4.59361961E-03
   6178.9705115622883        1.53366150E-02   4.45646979E-03
   6180.5639065553787        1.82915628E-02   4.54136217E-03
   6182.1573279811500        1.91665441E-02   4.62635094E-03
   6183.7507757005078        2.20635347E-02   4.67690965E-03
   6185.3442495743548        2.03692559E-02   4.65068687E-03
   6186.9377494635974        1.71119627E-02   4.53654537E-03
   6188.5312752291384        2.13349480E-02   4.68901591E-03
   6190.1248267318842        2.78598610E-02   4.82879579E-03
   6191.7184038327396        1.90223437E-02   4.70704725E-03
   6193.3120063926090        1.53459618E-02   4.54310840E-03
   6194.9056342723979        1.81446951E-02   4.75500757E-03
   6196.4992873330093        2.00218372E-02   4.74428991E-03
   6198.0929654353504        1.17837144E-02   4.54533193E-03
   6199.6866684403240        1.92083810E-02   4.72484576E-03
   6201.2803962088365        2.67799757E-02   4.95987153E-03
   6202.8741486017898        2.28325780E-02   4.90442757E-03
   6204.4679254800931        1.22552877E-02   4.67233080E-03
   6206.0617267046473        1.51382359E-02   4.70225560E-03
   6207.6555521363598        2.39707157E-02   4.94509004E-03
   6209.2494016361334        2.49286927E-02   4.97735571E-03
   6210.8432750648753        2.02690996E-02   4.89646662E-03
   6212.4371722834867        1.77291371E-02   4.81443433E-03
   6214.0310931528747        1.88457370E-02   4.86964080E-03
   6215.6250375339459        3.04872990E-02   5.11303451E-03
   6217.2190052876012        1.34010250E-02   4.67514433E-03
   6218.8129962747489        2.05914993E-02   4.91484720E-03
   6220.4070103562908        2.17469670E-02   5.05649438E-03
   6222.0010473931334        1.57284886E-02   4.94455080E-03
   6223.5951072461812        2.28926595E-02   5.04633458E-03
   6225.1891897763389        2.05117203E-02   4.98250546E-03
   6226.7832948445121        2.18915083E-02   5.07384352E-03
   6228.3774223116034        1.88645832E-02   4.91997227E-03
   6229.9715720385202        9.44620930E-03   4.74548433E-03
   6231.5657438861654        2.74444874E-02   5.24764555E-03
   6233.1599377154444        2.46044602E-02   5.29838679E-03
   6234.7541533872636        2.20366940E-02   5.24699269E-03
   6236.3483907625250        1.96174420E-02   5.23259444E-03
   6237.9426497021350        2.14422233E-02   5.30012324E-03
   6239.5369300669981        1.96151696E-02   5.18553425E-03
   6241.1312317180200        1.46987289E-02   5.06498152E-03
   6242.7255545161033        1.85502190E-02   5.17371204E-03
   6244.3198983221555        2.33758073E-02   5.25183789E-03
   6245.9142629970793        2.36512162E-02   5.25487913E-03
   6247.5086484017793        2.20041070E-02   5.20828180E-03
   6249.1030543971619        2.47004926E-02   5.36393747E-03
   6250.6974808441310        2.95761265E-02   5.44842705E-03
   6252.2919276035918        1.97706055E-02   5.22089330E-03
   6253.8863945364501        2.39668731E-02   5.34360530E-03
   6255.4808815036076        1.01846568E-02   5.15134772E-03
   6257.0753883659718        3.67208272E-02   5.82697103E-03
   6258.6699149844462        2.28071511E-02   5.55100804E-03
   6260.2644612199356        2.57515870E-02   5.53311640E-03
   6261.8590269333472        1.69963408E-02   5.36214840E-03
   6263.4536119855820        1.56352203E-02   5.33727603E-03
   6265.0482162375465        2.68088672E-02   5.60138933E-03
   6266.6428395501471        1.05977971E-02   5.32719260E-03
   6268.2374817842865        3.39290611E-02   5.78564359E-03
   6269.8321428008694        2.46982463E-02   5.66444919E-03
   6271.4268224608013        1.76911540E-02   5.52015612E-03
   6273.0215206249886        1.87874436E-02   5.54191647E-03
   6274.6162371543332        3.31961475E-02   5.89920999E-03
   6276.2109719097407        3.05329040E-02   5.78516815E-03
   6277.8057247521165        2.34877784E-02   5.57996333E-03
   6279.4004955423670        1.96782183E-02   5.50672179E-03
   6280.9952841413924        1.60295125E-02   5.46903163E-03
   6282.5900904101027        1.45652350E-02   5.49699785E-03
   6284.1849142094006        1.59669984E-02   5.70350094E-03
   6285.7797554001900        2.91539729E-02   6.06943620E-03
   6287.3746138433753        2.04902682E-02   5.97614981E-03
   6288.9694893998631        2.35716533E-02   5.96017530E-03
   6290.5643819305578        2.93251611E-02   5.97357331E-03
