   3855.2266749495029        2.57543772E-02   5.50078601E-03
   3856.6167172780129        2.30017845E-02   5.28455945E-03
   3858.0069988548203        2.44299881E-02   5.27721271E-03
   3859.3975195408311        2.29946766E-02   5.09510096E-03
   3860.7882791969491        1.67881232E-02   4.91432566E-03
   3862.1792776840794        2.33146213E-02   5.33599639E-03
   3863.5705148631273        2.69857328E-02   5.60603617E-03
   3864.9619905949967        2.49608438E-02   5.48122497E-03
   3866.3537047405930        2.56871060E-02   5.49418200E-03
   3867.7456571608213        2.37535294E-02   5.33560757E-03
   3869.1378477165863        3.07457410E-02   5.40951686E-03
   3870.5302762687920        2.72718016E-02   5.06148161E-03
   3871.9229426783445        1.85797568E-02   4.75167297E-03
   3873.3158468061479        3.65185700E-02   5.43932710E-03
   3874.7089885131068        2.77602207E-02   5.38996188E-03
   3876.1023676601262        2.13672910E-02   5.12848096E-03
   3877.4959841081113        2.77564805E-02   5.25183696E-03
   3878.8898377179662        3.58409658E-02   5.40793967E-03
   3880.2839283505964        3.37201022E-02   5.24460617E-03
   3881.6782558669070        3.31257656E-02   5.12391003E-03
   3883.0728201278021        2.91488748E-02   5.08446479E-03
   3884.4676209941863        3.27512771E-02   5.14716981E-03
   3885.8626583269652        2.28981357E-02   4.87232860E-03
   3887.2579319870433        3.03864870E-02   5.09319315E-03
   3888.6534418353253        1.55889094E-02   4.41837078E-03
   3890.0491877327163        2.88840849E-02   5.03563089E-03
   3891.4451695401208        2.99074687E-02   5.18471608E-03
   3892.8413871184434        3.71307060E-02   5.39190415E-03
   3894.2378403285898        2.43722294E-02   5.07479208E-03
   3895.6345290314644        2.91857142E-02   5.07544912E-03
   3897.0314530879718        3.76624577E-02   5.41595975E-03
   3898.4286123590168        2.32267044E-02   5.00547467E-03
   3899.8260067055044        2.70041078E-02   5.08210482E-03
   3901.2236359883400        2.85225119E-02   5.00108069E-03
   3902.6215000684274        2.62184981E-02   4.97172307E-03
   3904.0195988066712        3.32532823E-02   5.03324065E-03
   3905.4179320639773        2.33021639E-02   4.68973815E-03
   3906.8164997012509        2.03990098E-02   4.73965891E-03
   3908.2153015793951        2.84998026E-02   5.03818644E-03
   3909.6143375593160        2.27395575E-02   4.88992548E-03
   3911.0136075019177        1.79296359E-02   4.89768153E-03
   3912.4131112681057        2.17786562E-02   4.84389765E-03
   3913.8128487187846        2.34732144E-02   5.01249125E-03
   3915.2128197148591        2.63279546E-02   4.95698676E-03
   3916.6130241172336        2.80568395E-02   4.95796558E-03
   3918.0134617868134        2.21096948E-02   4.72604204E-03
   3919.4141325845039        2.80225128E-02   4.82996227E-03
   3920.8150363712093        2.48366520E-02   4.61774133E-03
   3922.2161730078342        2.92847157E-02   4.65604383E-03
   3923.6175423552831        2.65130084E-02   4.55030706E-03
   3925.0191442744622        2.90396344E-02   4.63047065E-03
   3926.4209786262750        3.31387557E-02   4.62088268E-03
   3927.8230452716271        2.55801287E-02   4.19753324E-03
   3929.2253440714226        3.16170752E-02   4.29631909E-03
   3930.6278748865670        2.86015701E-02   3.92179936E-03
   3932.0306375779651        1.98465548E-02   3.53566254E-03
   3933.4336320065217        2.48696655E-02   3.60084348E-03
   3934.8368580331407        2.67706644E-02   3.64657841E-03
   3936.2403155187280        2.61914767E-02   3.71336052E-03
   3937.6440043241882        2.11251229E-02   3.73644452E-03
   3939.0479243104255        2.63273362E-02   4.15318226E-03
   3940.4520753383458        3.53279822E-02   4.47709253E-03
   3941.8564572688533        3.53141204E-02   4.54556895E-03
   3943.2610699628526        2.68836804E-02   4.35955450E-03
   3944.6659132812492        2.51795854E-02   4.39045019E-03
   3946.0709870849469        2.45171711E-02   4.41418355E-03
   3947.4762912348515        2.73309369E-02   4.55973763E-03
   3948.8818255918673        2.52289996E-02   4.55420883E-03
   3950.2875900168992        2.37313751E-02   4.51186392E-03
   3951.6935843708529        2.55355481E-02   4.54762857E-03
   3953.0998085146316        3.18018608E-02   4.79792384E-03
   3954.5062623091412        3.37846242E-02   4.86098975E-03
   3955.9129456152859        2.83575486E-02   4.61636716E-03
   3957.3198582939713        2.59498730E-02   4.59660031E-03
   3958.7270002061014        2.56636776E-02   4.57940716E-03
   3960.1343712125818        2.49885134E-02   4.42147069E-03
   3961.5419711743166        2.85024438E-02   4.41967649E-03
   3962.9497999522114        2.91382950E-02   4.28389665E-03
   3964.3578574071703        3.03663649E-02   4.13315184E-03
   3965.7661434000984        2.88396738E-02   3.96214332E-03
   3967.1746577919007        2.71908008E-02   3.73528711E-03
   3968.5834004434814        2.97636893E-02   3.73147498E-03
   3969.9923712157461        2.50559784E-02   3.58888507E-03
   3971.4015699695997        2.68737767E-02   3.81326769E-03
   3972.8109965659460        2.70395502E-02   3.96636175E-03
   3974.2206508656909        3.07577085E-02   4.24184138E-03
   3975.6305327297387        2.70604882E-02   4.28843359E-03
   3977.0406420189938        2.98112631E-02   4.50652838E-03
   3978.4509785943619        1.98552273E-02   4.33707517E-03
   3979.8615423167471        3.30478735E-02   4.70967684E-03
   3981.2723330470549        3.39585729E-02   4.84913168E-03
   3982.6833506461894        2.51363739E-02   4.55346750E-03
   3984.0945949750562        2.74691284E-02   4.57613263E-03
   3985.5060658945599        2.27474105E-02   4.42688400E-03
   3986.9177632656047        2.89979484E-02   4.68686782E-03
   3988.3296869490960        2.12861151E-02   4.49143536E-03
   3989.7418368059384        1.95300393E-02   4.44709975E-03
   3991.1542126970371        2.48139035E-02   4.63199895E-03
   3992.5668144832962        2.73653604E-02   4.64692991E-03
   3993.9796420256212        3.25288028E-02   4.87997662E-03
   3995.3926951849166        2.60417648E-02   4.62479610E-03
   3996.8059738220873        2.21890043E-02   4.47557541E-03
   3998.2194777980380        1.80797689E-02   4.42615896E-03
   3999.6332069736736        2.69208550E-02   4.63432679E-03
   4001.0471612098995        2.43155956E-02   4.65880893E-03
   4002.4613403676190        2.67601125E-02   4.74430388E-03
   4003.8757443077388        2.51977406E-02   4.55011707E-03
   4005.2903728911624        2.94773150E-02   4.60003037E-03
   4006.7052259787952        2.60253157E-02   4.59809648E-03
   4008.1203034315417        2.26455163E-02   4.47365595E-03
   4009.5356051103072        2.70779133E-02   4.66218544E-03
   4010.9511308759961        2.19442267E-02   4.61198902E-03
   4012.3668805895127        1.28461802E-02   4.37166728E-03
   4013.7828541117633        2.15030983E-02   4.58061136E-03
   4015.1990513036517        2.74081137E-02   4.73874109E-03
   4016.6154720260824        2.52944790E-02   4.63707186E-03
   4018.0321161399611        2.91306134E-02   4.75904951E-03
   4019.4489835061922        2.67314259E-02   4.72041452E-03
   4020.8660739856805        2.56954506E-02   4.62161750E-03
   4022.2833874393314        3.14595401E-02   4.83528525E-03
   4023.7009237280486        2.52981167E-02   4.62259492E-03
   4025.1186827127372        2.37288140E-02   4.59164474E-03
   4026.5366642543031        2.44611409E-02   4.63784719E-03
   4027.9548682136501        3.01903673E-02   4.80734417E-03
   4029.3732944516833        2.04571243E-02   4.51019825E-03
   4030.7919428293076        1.97972804E-02   4.38508997E-03
   4032.2108132074272        2.82415524E-02   4.40842658E-03
   4033.6299054469482        2.86433287E-02   4.50032065E-03
   4035.0492194087742        1.35099255E-02   4.12616367E-03
   4036.4687549538107        2.69255862E-02   4.62638913E-03
   4037.8885119429624        2.30800677E-02   4.55507170E-03
   4039.3084902371343        2.82252301E-02   4.79938742E-03
   4040.7286896972300        1.82892419E-02   4.47578263E-03
   4042.1491101841561        2.19686497E-02   4.50116908E-03
   4043.5697515588163        3.20984833E-02   4.62565711E-03
   4044.9906136821160        3.17825712E-02   4.53579193E-03
   4046.4116964149594        2.23905034E-02   4.24972922E-03
   4047.8329996182520        3.11027337E-02   4.52445727E-03
   4049.2545231528984        2.60254703E-02   4.52856440E-03
   4050.6762668798033        2.88549624E-02   4.69224434E-03
   4052.0982306598708        2.49132607E-02   4.60160151E-03
   4053.5204143540068        2.14749705E-02   4.47025103E-03
   4054.9428178231165        1.99424531E-02   4.36413568E-03
   4056.3654409281030        2.54419427E-02   4.39611077E-03
   4057.7882835298728        2.47773994E-02   4.36435500E-03
   4059.2113454893297        2.34030727E-02   4.46655974E-03
   4060.6346266673791        2.04843134E-02   4.33618808E-03
   4062.0581269249255        3.37053649E-02   4.63056937E-03
   4063.4818461228738        2.98371930E-02   4.47956147E-03
   4064.9057841221288        1.53234508E-02   4.02023923E-03
   4066.3299407835957        2.09441390E-02   4.22487594E-03
   4067.7543159681786        2.83681806E-02   4.50630812E-03
   4069.1789095367831        1.69070754E-02   4.24209610E-03
   4070.6037213503132        2.30395757E-02   4.38007433E-03
   4072.0287512696746        2.39433777E-02   4.36826190E-03
   4073.4539991557713        1.93975531E-02   4.22370993E-03
   4074.8794648695080        1.68899857E-02   4.21069330E-03
   4076.3051482717906        2.87052915E-02   4.48073540E-03
   4077.7310492235233        1.91626865E-02   4.16444847E-03
   4079.1571675856112        1.81615651E-02   4.18157177E-03
   4080.5835032189584        2.24336814E-02   4.36562439E-03
   4082.0100559844705        1.44217219E-02   4.19988250E-03
   4083.4368257430524        2.89672054E-02   4.52736765E-03
   4084.8638123556079        1.61212906E-02   4.22784360E-03
   4086.2910156830426        2.51565054E-02   4.47822269E-03
   4087.7184355862614        2.34162025E-02   4.46888339E-03
   4089.1460719261686        2.85245869E-02   4.61064279E-03
   4090.5739245636696        2.65341941E-02   4.55827871E-03
   4092.0019933596686        2.44316477E-02   4.48795920E-03
   4093.4302781750712        1.82849094E-02   4.31826804E-03
   4094.8587788707819        3.23090851E-02   4.56660055E-03
   4096.2874953077053        2.72822883E-02   4.42078197E-03
   4097.7164273467461        2.90226415E-02   4.39631427E-03
   4099.1455748488097        3.11925411E-02   4.35497798E-03
   4100.5749376747999        2.82840151E-02   4.20196168E-03
   4102.0045156856222        2.71463320E-02   4.06361092E-03
   4103.4343087421821        2.00051386E-02   3.86892236E-03
   4104.8643167053833        2.69074980E-02   4.25746292E-03
   4106.2945394361313        2.71934904E-02   4.32531582E-03
   4107.7249767953299        2.42782980E-02   4.32455493E-03
   4109.1556286438863        2.97152195E-02   4.47886111E-03
   4110.5864948427025        2.22131740E-02   4.29533282E-03
   4112.0175752526857        3.35969739E-02   4.58054664E-03
   4113.4488697347388        2.40843706E-02   4.36873408E-03
   4114.8803781497672        2.62193941E-02   4.43424750E-03
   4116.3121003586757        2.70785689E-02   4.49577440E-03
   4117.7440362223697        1.97583344E-02   4.28344728E-03
   4119.1761856017538        1.65668894E-02   4.16118605E-03
   4120.6085483577335        2.16120258E-02   4.28452436E-03
   4122.0411243512117        2.63815727E-02   4.34323912E-03
   4123.4739134430947        2.31983941E-02   4.32143547E-03
   4124.9069154942863        1.76286604E-02   4.21287259E-03
   4126.3401303656938        2.79136617E-02   4.40433389E-03
   4127.7735579182181        2.98857577E-02   4.41124663E-03
   4129.2071980127666        2.26422846E-02   4.30473266E-03
   4130.6410505102440        2.51597147E-02   4.26339405E-03
   4132.0751152715548        2.91857217E-02   4.31204773E-03
   4133.5093921576045        2.98712440E-02   4.31193225E-03
   4134.9438810292959        2.40536835E-02   4.25681425E-03
   4136.3785817475364        1.69396251E-02   4.13796213E-03
   4137.8134941732278        2.57067364E-02   4.43123048E-03
   4139.2486181672784        2.25930437E-02   4.34889598E-03
   4140.6839535905901        2.63884738E-02   4.41069342E-03
   4142.1195003040693        2.68122815E-02   4.27207816E-03
   4143.5552581686215        2.12007817E-02   4.12503723E-03
   4144.9912270451487        2.36215442E-02   4.14964510E-03
   4146.4274067945580        2.16458142E-02   4.12537577E-03
   4147.8637972777542        2.55311560E-02   4.28022072E-03
   4149.3003983556418        2.10347660E-02   4.14572516E-03
   4150.7372098891246        2.72093080E-02   4.26378101E-03
   4152.1742317391090        2.92863008E-02   4.35512187E-03
   4153.6114637664996        2.05495879E-02   4.06350289E-03
   4155.0489058322000        2.52843183E-02   4.20300942E-03
   4156.4865577971150        2.28853934E-02   4.07237699E-03
   4157.9244195221518        1.96732376E-02   4.09270870E-03
   4159.3624908682114        2.32209787E-02   4.21183975E-03
   4160.8007716962029        2.30287332E-02   4.23119264E-03
   4162.2392618670274        2.77126376E-02   4.35582688E-03
   4163.6779612415930        1.85371395E-02   4.19534976E-03
   4165.1168696808018        2.14715507E-02   4.20704344E-03
   4166.5559870455590        2.02304590E-02   4.14081803E-03
   4167.9953131967723        3.26520763E-02   4.44242684E-03
   4169.4348479953424        3.68619747E-02   4.52417741E-03
   4170.8745913021767        2.37559844E-02   4.18471172E-03
   4172.3145429781789        1.92891788E-02   4.01070016E-03
   4173.7547028842546        3.21373641E-02   4.29508695E-03
   4175.1950708813092        2.03414746E-02   4.04658820E-03
   4176.6356468302447        1.68266054E-02   3.94199323E-03
   4178.0764305919693        3.06755565E-02   4.27286606E-03
   4179.5174220273875        2.49952991E-02   4.15625377E-03
   4180.9586209974013        2.74275411E-02   4.23639873E-03
   4182.4000273629172        2.50444040E-02   4.12787078E-03
   4183.8416409848396        2.55113542E-02   4.11329977E-03
   4185.2834617240751        2.43002139E-02   4.10943385E-03
   4186.7254894415264        2.06524003E-02   4.02862765E-03
   4188.1677239981000        2.76307222E-02   4.11853194E-03
   4189.6101652546986        2.80980822E-02   4.15985566E-03
   4191.0528130722296        2.92756464E-02   4.21426957E-03
   4192.4956673115958        2.42275055E-02   4.17630747E-03
   4193.9387278337026        1.75861157E-02   3.98620730E-03
   4195.3819944994548        2.47422140E-02   4.12205979E-03
   4196.8254671697578        2.45456658E-02   4.01040306E-03
   4198.2691457055153        2.18281336E-02   3.91276181E-03
   4199.7130299676337        2.42620930E-02   3.96789797E-03
   4201.1571198170159        3.38757932E-02   4.17948561E-03
   4202.6014151145682        2.80397460E-02   4.08854755E-03
   4204.0459157211953        2.55893301E-02   4.06747451E-03
   4205.4906214978018        2.80707199E-02   4.15303651E-03
   4206.9355323052914        3.15586440E-02   4.31680074E-03
   4208.3806480045705        2.57362258E-02   4.15624073E-03
   4209.8259684565428        2.01687962E-02   3.99996340E-03
   4211.2714935221147        2.62854937E-02   4.17978503E-03
   4212.7172230621900        2.45689433E-02   4.13730741E-03
   4214.1631569376732        2.29303334E-02   4.07079700E-03
   4215.6092950094690        2.23753899E-02   4.00304887E-03
   4217.0556371384819        2.04337575E-02   3.92598286E-03
   4218.5021831856193        2.30077803E-02   4.04552137E-03
   4219.9489330117831        2.82187667E-02   4.20870259E-03
   4221.3958864778788        2.67398972E-02   4.17691935E-03
   4222.8430434448128        3.23492102E-02   4.25807107E-03
   4224.2904037734888        2.30752770E-02   3.90153052E-03
   4225.7379673248115        2.63455007E-02   3.81197897E-03
   4227.1857339596845        2.83057820E-02   3.82398232E-03
   4228.6337035390152        2.66513135E-02   3.84708121E-03
   4230.0818759237063        2.16513630E-02   3.89621081E-03
   4231.5302509746634        2.94497013E-02   4.18662140E-03
   4232.9788285527929        1.85672771E-02   3.91406752E-03
   4234.4276085189967        2.62379479E-02   4.02810331E-03
   4235.8765907341813        3.13955732E-02   4.05916059E-03
   4237.3257750592520        2.38362569E-02   3.90732242E-03
   4238.7751613551118        2.17321459E-02   3.82516533E-03
   4240.2247494826670        2.11434793E-02   3.87995620E-03
   4241.6745393028223        2.45118253E-02   3.97277344E-03
   4243.1245306764822        2.47362815E-02   3.99300642E-03
   4244.5747234645514        2.97278520E-02   4.11266647E-03
   4246.0251175279345        1.55943912E-02   3.78383417E-03
   4247.4757127275370        2.54642852E-02   3.96027463E-03
   4248.9265089242635        2.51863133E-02   3.87901650E-03
   4250.3775059790196        2.21060067E-02   3.74211348E-03
   4251.8287037527080        2.67078169E-02   3.89098492E-03
   4253.2801021062351        2.31982358E-02   3.82973021E-03
   4254.7317009005064        2.51499694E-02   3.96876596E-03
   4256.1834999964249        2.90797651E-02   3.97266122E-03
   4257.6354992548959        2.55917497E-02   3.91957955E-03
   4259.0876985368250        2.26437189E-02   3.82860377E-03
   4260.5400977031168        2.54987031E-02   3.78545956E-03
   4261.9926966146759        2.85771042E-02   3.87151586E-03
   4263.4454951324060        2.42123846E-02   3.86033487E-03
   4264.8984931172145        2.77210157E-02   4.01965762E-03
   4266.3516904300050        3.32812853E-02   4.12295386E-03
   4267.8050869316812        2.86067668E-02   3.97136109E-03
   4269.2586824831487        2.84022000E-02   3.90460924E-03
   4270.7124769453130        2.47894973E-02   3.76666617E-03
   4272.1664701790778        2.07852833E-02   3.60437203E-03
   4273.6206620453486        2.37465613E-02   3.62839946E-03
   4275.0750524050309        2.44225748E-02   3.73487826E-03
   4276.5296411190284        3.23631167E-02   3.97533039E-03
   4277.9844280482466        2.24292669E-02   3.82847199E-03
   4279.4394130535893        2.66008992E-02   3.93634895E-03
   4280.8945959959619        2.16335207E-02   3.76575859E-03
   4282.3499767362700        2.35914197E-02   3.81235988E-03
   4283.8055551354173        2.11777352E-02   3.73203726E-03
   4285.2613310543093        2.61562318E-02   3.88760609E-03
   4286.7173043538505        2.29967833E-02   3.75269935E-03
   4288.1734748949457        1.72374211E-02   3.54320160E-03
   4289.6298425385012        2.24467758E-02   3.66385351E-03
   4291.0864071454180        2.36302987E-02   3.65901273E-03
   4292.5431685766052        1.86118726E-02   3.59159592E-03
   4294.0001266929648        2.80864723E-02   3.84755945E-03
   4295.4572813554032        1.87294874E-02   3.63526936E-03
   4296.9146324248250        2.89488062E-02   3.78882955E-03
   4298.3721797621338        2.42650546E-02   3.58305965E-03
   4299.8299232282361        2.52294373E-02   3.49764386E-03
   4301.2878626840356        2.34499201E-02   3.43581568E-03
   4302.7459979904370        2.04173606E-02   3.36493296E-03
   4304.2043290083457        3.07554156E-02   3.62665066E-03
   4305.6628555986672        2.75018010E-02   3.52586852E-03
   4307.1215776223044        2.16448959E-02   3.34716681E-03
   4308.5804949401636        2.31308099E-02   3.33537557E-03
   4310.0396074131495        2.11285781E-02   3.27376998E-03
   4311.4989149021676        1.48935616E-02   3.21347150E-03
   4312.9584172681198        2.44595483E-02   3.57011403E-03
   4314.4181143719143        2.05351058E-02   3.62189137E-03
   4315.8780060744539        2.12511700E-02   3.81864188E-03
   4317.3380922366450        2.18746476E-02   3.87982209E-03
   4318.7983727193905        1.58287287E-02   3.82941961E-03
   4320.2588473835967        2.43987665E-02   3.94392340E-03
   4321.7195160901665        2.19637640E-02   3.80665436E-03
   4323.1803787000081        2.35247165E-02   3.74193443E-03
   4324.6414350740233        3.23119052E-02   3.76620260E-03
   4326.1026850731187        2.82085072E-02   3.65158776E-03
   4327.5641285581978        2.27418095E-02   3.67952883E-03
   4329.0257653901663        2.53835116E-02   3.80058610E-03
   4330.4875954299287        2.56104972E-02   3.94409662E-03
   4331.9496185383896        2.13553365E-02   3.86004453E-03
   4333.4118345764546        2.18018275E-02   3.80825740E-03
   4334.8742434050273        1.99407600E-02   3.76954372E-03
   4336.3368448850142        2.76176315E-02   3.87700996E-03
   4337.7996388773181        2.63104457E-02   3.72922514E-03
   4339.2626252428463        2.52293777E-02   3.53476289E-03
   4340.7258038425016        3.26396786E-02   3.66557506E-03
   4342.1891745371886        2.42597442E-02   3.50770471E-03
   4343.6527371878137        2.48631183E-02   3.63669358E-03
   4345.1164916552807        2.52279285E-02   3.75577994E-03
   4346.5804378004941        2.16362942E-02   3.73315439E-03
   4348.0445754843613        2.26675943E-02   3.79948504E-03
   4349.5089045677832        2.82581169E-02   3.91784916E-03
   4350.9734249116673        2.84398943E-02   3.82270850E-03
   4352.4381363769180        1.82764214E-02   3.56178032E-03
   4353.9030388244391        2.73268688E-02   3.78400926E-03
   4355.3681321151371        2.96141338E-02   3.88661795E-03
   4356.8334161099147        2.01944523E-02   3.68591654E-03
   4358.2988906696792        2.56867781E-02   3.80104454E-03
   4359.7645556553325        2.83699706E-02   3.91956000E-03
   4361.2304109277811        2.45126244E-02   3.86358146E-03
   4362.6964563479305        2.79810205E-02   3.92169924E-03
   4364.1626917766844        2.42368635E-02   3.88696953E-03
   4365.6291170749491        2.75506452E-02   3.90703371E-03
   4367.0957321036276        2.21690964E-02   3.77187110E-03
   4368.5625367236244        2.26074606E-02   3.75746610E-03
   4370.0295307958468        2.03661397E-02   3.66028189E-03
   4371.4967141811976        1.96208134E-02   3.65881785E-03
   4372.9640867405824        2.33075023E-02   3.69095453E-03
   4374.4316483349057        2.38226131E-02   3.67748342E-03
   4375.8993988250722        2.31294725E-02   3.65245668E-03
   4377.3673380719874        1.66511592E-02   3.55630508E-03
   4378.8354659365550        2.00302321E-02   3.63503094E-03
   4380.3037822796805        2.00849976E-02   3.65658011E-03
   4381.7722869622694        2.18004081E-02   3.55144637E-03
   4383.2409798452254        2.56890021E-02   3.49265337E-03
   4384.7098607894541        1.99356712E-02   3.35378642E-03
   4386.1789296558591        1.92711446E-02   3.37957195E-03
   4387.6481863053468        2.51239482E-02   3.61999217E-03
   4389.1176305988211        3.34447473E-02   3.85765545E-03
   4390.5872623971882        1.82205196E-02   3.46783013E-03
   4392.0570815613501        2.38528196E-02   3.68254539E-03
   4393.5270879522150        2.13000737E-02   3.65637266E-03
   4394.9972814306839        2.27584280E-02   3.64185846E-03
   4396.4676618576650        1.89700909E-02   3.55464895E-03
   4397.9382290940621        2.78522708E-02   3.77643760E-03
   4399.4089830007788        1.87411066E-02   3.59397591E-03
   4400.8799234387225        1.97361801E-02   3.59643367E-03
   4402.3510502687950        2.40689702E-02   3.67316348E-03
   4403.8223633519028        1.79606397E-02   3.48423794E-03
   4405.2938625489505        2.29242258E-02   3.59840970E-03
   4406.7655477208427        2.32047923E-02   3.57013149E-03
   4408.2374187284859        2.69230772E-02   3.71534610E-03
   4409.7094754327818        2.21709460E-02   3.67054529E-03
   4411.1817176946370        1.94384214E-02   3.69541976E-03
   4412.6541453749560        2.50255521E-02   3.80445621E-03
   4414.1267583346453        2.33621299E-02   3.73484381E-03
   4415.5995564346058        2.03624349E-02   3.62163363E-03
   4417.0725395357467        2.20217966E-02   3.64977005E-03
   4418.5457074989708        2.28381362E-02   3.72497295E-03
   4420.0190601851828        1.58942081E-02   3.64343077E-03
   4421.4925974552871        1.31804151E-02   3.57952504E-03
   4422.9663191701893        2.33551972E-02   3.76199256E-03
   4424.4402251907950        2.36596316E-02   3.76592926E-03
   4425.9143153780069        1.88794490E-02   3.62915290E-03
   4427.3885895927315        2.51233000E-02   3.78381391E-03
   4428.8630476958724        2.34918706E-02   3.78594873E-03
   4430.3376895483361        2.34069433E-02   3.77354282E-03
   4431.8125150110263        2.47042067E-02   3.74545390E-03
   4433.2875239448476        2.40919646E-02   3.71398730E-03
   4434.7627162107055        1.96137652E-02   3.57100321E-03
   4436.2380916695038        3.01140212E-02   3.86510743E-03
   4437.7136501821487        2.64355708E-02   3.79518094E-03
   4439.1893916095451        2.18591616E-02   3.72892013E-03
   4440.6653158125955        1.81236118E-02   3.62910586E-03
   4442.1414226522074        2.07583886E-02   3.64508689E-03
   4443.6177119892836        2.11137682E-02   3.66201531E-03
   4445.0941836847305        2.34068912E-02   3.75354779E-03
   4446.5708375994527        2.26410180E-02   3.78369959E-03
   4448.0476735943539        2.19515562E-02   3.78671312E-03
   4449.5246915303396        2.78277565E-02   3.84971732E-03
   4451.0018912683154        2.88520996E-02   3.88144702E-03
   4452.4792726691849        2.25146133E-02   3.74333467E-03
   4453.9568355938536        2.16436237E-02   3.65729444E-03
   4455.4345799032262        2.81457119E-02   3.74985836E-03
   4456.9125054582073        2.07565054E-02   3.56520712E-03
   4458.3906121197015        2.49041766E-02   3.63167305E-03
   4459.8688997486142        2.77457647E-02   3.72129679E-03
   4461.3473682058502        2.25271657E-02   3.61112948E-03
   4462.8260173523140        2.45998316E-02   3.74280289E-03
   4464.3048470489093        2.93344837E-02   3.84517899E-03
   4465.7838571565435        2.57327724E-02   3.79719469E-03
   4467.2630475361202        2.52678171E-02   3.74308252E-03
   4468.7424180485441        2.48462204E-02   3.75622115E-03
   4470.2219685547188        2.56007835E-02   3.75970220E-03
   4471.7016989155518        2.34144572E-02   3.74151883E-03
   4473.1816089919466        2.99463477E-02   3.95030156E-03
   4474.6616986448071        3.11742984E-02   4.00395226E-03
   4476.1419677350386        2.40157936E-02   3.85280862E-03
   4477.6224161235468        2.35257652E-02   3.83975077E-03
   4479.1030436712363        3.33838463E-02   3.95787833E-03
   4480.5838502390116        2.31123921E-02   3.66359577E-03
   4482.0648356877764        2.74718739E-02   3.81387700E-03
   4483.5459998784372        2.91256607E-02   3.88465170E-03
   4485.0273426718986        2.55240276E-02   3.86211462E-03
   4486.5088639290652        2.11605076E-02   3.76776746E-03
   4487.9905635108407        3.03738285E-02   3.93219292E-03
   4489.4724412781316        2.32283249E-02   3.72061040E-03
   4490.9544970918414        2.60512289E-02   3.78989498E-03
   4492.4367308128767        2.14739051E-02   3.71492654E-03
   4493.9191423021412        2.42012274E-02   3.81509936E-03
   4495.4017314205385        2.98959855E-02   3.86071904E-03
   4496.8844980289741        1.83290280E-02   3.65261268E-03
   4498.3674419883555        2.86796335E-02   3.89009132E-03
   4499.8505631595845        2.90525239E-02   3.88292409E-03
   4501.3338614035656        2.14265436E-02   3.79233062E-03
   4502.8173365812063        2.68378258E-02   3.91126378E-03
   4504.3009885534093        3.17427181E-02   4.00197040E-03
   4505.7848171810801        2.00794414E-02   3.80923133E-03
   4507.2688223251243        2.10712552E-02   3.80671769E-03
   4508.7530038464447        2.35437844E-02   3.85872554E-03
   4510.2373616059485        2.25637127E-02   3.83703550E-03
   4511.7218954645377        2.26310883E-02   3.81028792E-03
   4513.2066052831206        2.81798001E-02   3.91286286E-03
   4514.6914909225989        1.98091492E-02   3.74666951E-03
   4516.1765522438791        2.84755081E-02   3.88166052E-03
   4517.6617891078649        1.86752938E-02   3.70722101E-03
   4519.1472013754628        2.55291555E-02   3.79912439E-03
   4520.6327889075765        2.52906810E-02   3.85351665E-03
   4522.1185515651105        2.24377085E-02   3.77600687E-03
   4523.6044892089703        2.94633750E-02   3.89503757E-03
   4525.0906017000607        2.22310796E-02   3.72237037E-03
   4526.5768888992870        2.99394187E-02   3.78418760E-03
   4528.0633506675531        2.38291528E-02   3.65851447E-03
   4529.5499868657635        2.08916701E-02   3.57510103E-03
   4531.0367973548236        2.40973271E-02   3.68519686E-03
   4532.5237819956392        2.54033897E-02   3.69035476E-03
   4534.0109406491129        2.30966788E-02   3.65662924E-03
   4535.4982731761520        2.14715265E-02   3.63966101E-03
   4536.9857794376594        1.92799084E-02   3.61443055E-03
   4538.4734592945397        2.77662463E-02   3.83133604E-03
   4539.9613126077002        2.75641233E-02   3.89391836E-03
   4541.4493392380446        2.22650319E-02   3.73229757E-03
   4542.9375390464766        2.65559498E-02   3.81342624E-03
   4544.4259118939008        2.31710486E-02   3.76216299E-03
   4545.9144576412236        1.93731822E-02   3.68855731E-03
   4547.4031761493488        2.31787134E-02   3.67103191E-03
   4548.8920672791819        2.50125322E-02   3.70398234E-03
   4550.3811308916283        2.39083841E-02   3.71149881E-03
   4551.8703668475900        2.08230857E-02   3.64046195E-03
   4553.3597750079762        2.21713483E-02   3.68662574E-03
   4554.8493552336868        2.00601760E-02   3.61327082E-03
   4556.3391073856310        2.43975576E-02   3.71718034E-03
   4557.8290313247107        2.93666013E-02   3.86332511E-03
   4559.3191269118324        2.90218685E-02   3.91388079E-03
   4560.8093940078998        1.97007414E-02   3.70741310E-03
   4562.2998324738182        2.67984066E-02   3.86397145E-03
   4563.7904421704925        3.24449763E-02   3.92843317E-03
   4565.2812229588271        3.14264409E-02   3.89737682E-03
   4566.7721746997277        1.63611844E-02   3.58568272E-03
   4568.2632972540978        2.55679730E-02   3.79850948E-03
   4569.7545904828439        2.67141126E-02   3.80247249E-03
   4571.2460542468698        2.45913398E-02   3.74943740E-03
   4572.7376884070800        2.71673873E-02   3.81104788E-03
   4574.2294928243791        2.32079327E-02   3.69211962E-03
   4575.7214673596736        1.79382619E-02   3.66384396E-03
   4577.2136118738672        2.78167110E-02   3.81015730E-03
   4578.7059262278653        3.12332008E-02   3.86962341E-03
   4580.1984102825709        2.44794898E-02   3.68015841E-03
   4581.6910638988911        2.11886764E-02   3.58699285E-03
   4583.1838869377298        2.47874483E-02   3.68729886E-03
   4584.6768792599914        2.87448000E-02   3.74825741E-03
   4586.1700407265816        2.05373503E-02   3.54827102E-03
   4587.6633711984041        2.58838776E-02   3.72890942E-03
   4589.1568705363643        1.99671090E-02   3.60622467E-03
   4590.6505386013678        2.70941630E-02   3.75696830E-03
   4592.1443752543191        2.19251625E-02   3.64214275E-03
   4593.6383803561212        2.56904215E-02   3.67611647E-03
   4595.1325537676821        2.36017536E-02   3.65522434E-03
   4596.6268953499030        2.48595960E-02   3.63981980E-03
   4598.1214049636928        2.42928639E-02   3.64935631E-03
   4599.6160824699527        2.97422577E-02   3.76828946E-03
   4601.1109277295891        2.47606747E-02   3.69545794E-03
   4602.6059406035065        2.00683810E-02   3.54803377E-03
   4604.1011209526096        2.04105489E-02   3.54853366E-03
   4605.5964686378038        2.47534458E-02   3.65272444E-03
   4607.0919835199948        3.07425447E-02   3.80386831E-03
   4608.5876654600852        2.45797131E-02   3.69918277E-03
   4610.0835143189806        2.45123133E-02   3.70056392E-03
   4611.5795299575875        2.55782530E-02   3.69872455E-03
   4613.0757122368077        2.74372455E-02   3.72109283E-03
   4614.5720610175485        2.07476504E-02   3.62476450E-03
   4616.0685761607128        2.37945970E-02   3.70623032E-03
   4617.5652575272079        2.22717095E-02   3.61974700E-03
   4619.0621049779365        2.13846825E-02   3.60887195E-03
   4620.5591183738043        2.22305842E-02   3.64096579E-03
   4622.0562975757157        3.01295016E-02   3.79001955E-03
   4623.5536424445763        2.62374207E-02   3.73412739E-03
   4625.0511528412899        2.46198010E-02   3.70122609E-03
   4626.5488286267619        2.60245837E-02   3.73047986E-03
   4628.0466696618978        2.46572420E-02   3.66321555E-03
   4629.5446758076014        2.22806651E-02   3.66202765E-03
   4631.0428469247772        2.03337353E-02   3.59605299E-03
   4632.5411828743308        2.56728586E-02   3.66171286E-03
   4634.0396835171668        2.04644520E-02   3.59374518E-03
   4635.5383487141899        2.04667747E-02   3.56001034E-03
   4637.0371783263054        2.80114189E-02   3.70856468E-03
   4638.5361722144180        2.31496617E-02   3.58464010E-03
   4640.0353302394315        2.62882002E-02   3.66549823E-03
   4641.5346522622522        1.68796387E-02   3.43755865E-03
   4643.0341381437838        1.94048975E-02   3.55560123E-03
   4644.5337877449319        2.50236038E-02   3.62985954E-03
   4646.0336009266020        2.65126321E-02   3.62849538E-03
   4647.5335775496960        2.59142891E-02   3.57348961E-03
   4649.0337174751221        2.49223616E-02   3.59005481E-03
   4650.5340205637822        2.38243397E-02   3.60428030E-03
   4652.0344866765836        2.77129095E-02   3.69407563E-03
   4653.5351156744300        2.44283006E-02   3.62578360E-03
   4655.0359074182270        2.34516636E-02   3.57286492E-03
   4656.5368617688782        2.30261348E-02   3.55343847E-03
   4658.0379785872883        2.23709736E-02   3.60600930E-03
   4659.5392577343637        2.07335465E-02   3.61146312E-03
   4661.0406990710080        2.20652279E-02   3.60001298E-03
   4662.5423024581260        3.00876107E-02   3.74734355E-03
   4664.0440677566248        2.30420344E-02   3.55790788E-03
   4665.5459948274047        2.19433196E-02   3.51259089E-03
   4667.0480835313747        2.10354570E-02   3.43593885E-03
   4668.5503337294367        1.81512702E-02   3.36503540E-03
   4670.0527452824981        1.86524596E-02   3.42245819E-03
   4671.5553180514626        2.02255603E-02   3.48008797E-03
   4673.0580518972338        2.66176742E-02   3.64927505E-03
   4674.5609466807182        2.42375024E-02   3.59710748E-03
   4676.0640022628204        2.43822392E-02   3.67064495E-03
   4677.5672185044441        2.25861035E-02   3.61402822E-03
   4679.0705952664957        2.54367441E-02   3.65920225E-03
   4680.5741324098781        2.39791255E-02   3.52491252E-03
   4682.0778297954976        3.31516005E-02   3.79880727E-03
   4683.5816872842597        2.54296083E-02   3.63107654E-03
   4685.0857047370664        3.56378071E-02   3.82761541E-03
   4686.5898820148259        2.12905370E-02   3.56549234E-03
   4688.0942189784400        2.39403322E-02   3.60287447E-03
   4689.5987154888162        2.65426617E-02   3.68326949E-03
   4691.1033714068571        2.77966484E-02   3.66699509E-03
   4692.6081865934693        1.94892250E-02   3.51882167E-03
   4694.1131609095573        1.93991829E-02   3.53803346E-03
   4695.6182942160240        2.47085504E-02   3.60348518E-03
   4697.1235863737766        3.20832655E-02   3.81543115E-03
   4698.6290372437179        2.65610069E-02   3.62357078E-03
   4700.1346466867553        2.74919048E-02   3.61102214E-03
   4701.6404145637907        2.36483458E-02   3.50862439E-03
   4703.1463407357314        2.46018637E-02   3.52643826E-03
   4704.6524250634802        2.53344849E-02   3.59566906E-03
   4706.1586674079435        2.57155672E-02   3.58340750E-03
   4707.6650676300251        2.35870536E-02   3.55785526E-03
   4709.1716255906313        1.69777237E-02   3.40527133E-03
   4710.6783411506649        2.05352474E-02   3.51378554E-03
   4712.1852141710315        2.39990056E-02   3.56281432E-03
   4713.6922445126365        2.93742344E-02   3.69176385E-03
   4715.1994320363847        2.76097581E-02   3.66738997E-03
   4716.7067766031805        2.66846940E-02   3.66436038E-03
   4718.2142780739277        2.25533899E-02   3.58343311E-03
   4719.7219363095328        2.96709295E-02   3.77511163E-03
   4721.2297511709003        2.24707630E-02   3.65870656E-03
   4722.7377225189339        1.98658034E-02   3.61766969E-03
   4724.2458502145391        1.72838364E-02   3.50994221E-03
   4725.7541341186225        1.85085386E-02   3.54980445E-03
   4727.2625740920857        1.90529488E-02   3.48674925E-03
   4728.7711699958354        1.96265690E-02   3.49490042E-03
   4730.2799216907761        2.42924169E-02   3.56626394E-03
   4731.7888290378132        2.06407737E-02   3.48243001E-03
   4733.2978918978506        2.54619215E-02   3.63302836E-03
   4734.8071101317946        2.51962189E-02   3.62426881E-03
   4736.3164836005481        2.42883768E-02   3.59257334E-03
   4737.8260121650164        2.32944563E-02   3.60338320E-03
   4739.3356956861044        2.17930488E-02   3.56264971E-03
   4740.8455340247183        2.16743797E-02   3.57721932E-03
   4742.3555270417610        1.67432949E-02   3.49805597E-03
   4743.8656745981380        2.05942076E-02   3.57951061E-03
   4745.3759765547547        2.56204493E-02   3.70333577E-03
   4746.8864327725150        1.85509697E-02   3.59537755E-03
   4748.3970431123244        2.09304132E-02   3.57399974E-03
   4749.9078074350873        1.66214835E-02   3.51182208E-03
   4751.4187256017085        2.65729222E-02   3.72711313E-03
   4752.9297974730944        2.19214484E-02   3.56898271E-03
   4754.4410229101468        1.83840040E-02   3.50341923E-03
   4755.9524017737740        2.58417819E-02   3.63128004E-03
   4757.4639339248770        2.10802406E-02   3.56809818E-03
   4758.9756192243640        1.61080193E-02   3.47466255E-03
   4760.4874575331378        2.68192440E-02   3.67406965E-03
   4761.9994487121048        2.17137970E-02   3.58241983E-03
   4763.5115926221679        2.12950930E-02   3.52772116E-03
   4765.0238891242334        2.77523194E-02   3.65941809E-03
   4766.5363380792060        2.29397323E-02   3.53937410E-03
   4768.0489393479902        2.63802484E-02   3.64777562E-03
   4769.5616927914898        2.16884352E-02   3.57787707E-03
   4771.0745982706112        2.29946077E-02   3.63465608E-03
   4772.5876556462581        1.76037587E-02   3.52838659E-03
   4774.1008647793369        2.10149139E-02   3.60960281E-03
   4775.6142255307514        1.75027903E-02   3.54315736E-03
   4777.1277377614051        2.33129598E-02   3.64082609E-03
   4778.6414013322046        2.00372525E-02   3.60539183E-03
   4780.1552161040554        2.38166098E-02   3.67401401E-03
   4781.6691819378602        2.38627233E-02   3.67024634E-03
   4783.1832986945246        1.98500287E-02   3.54794250E-03
   4784.6975662349541        1.57678407E-02   3.44330841E-03
   4786.2119844200533        2.16808505E-02   3.55764385E-03
   4787.7265531107259        1.92164667E-02   3.51643260E-03
   4789.2412721678784        1.88393146E-02   3.51634668E-03
   4790.7561414524134        1.79940034E-02   3.49126197E-03
   4792.2711608252393        2.38047726E-02   3.67023214E-03
   4793.7863301472571        1.59977321E-02   3.51863774E-03
   4795.3016492793740        2.01569926E-02   3.62377311E-03
   4796.8171180824929        1.96991973E-02   3.60474829E-03
   4798.3327364175220        1.84496809E-02   3.58001655E-03
   4799.8485041453623        2.53177434E-02   3.70265916E-03
   4801.3644211269202        1.31741362E-02   3.41263809E-03
   4802.8804872231012        1.35533921E-02   3.42487474E-03
   4804.3967022948091        1.68784223E-02   3.50537151E-03
   4805.9130662029493        1.76813826E-02   3.50605929E-03
   4807.4295788084264        2.85487082E-02   3.72393429E-03
   4808.9462399721451        2.39788871E-02   3.62441037E-03
   4810.4630495550109        1.92440245E-02   3.52561916E-03
   4811.9800074179284        1.97359268E-02   3.54486657E-03
   4813.4971134218013        1.90750752E-02   3.51479906E-03
   4815.0143674275350        1.77924186E-02   3.53704486E-03
   4816.5317692960352        1.72004122E-02   3.55070597E-03
   4818.0493188882056        2.51478367E-02   3.66091053E-03
   4819.5670160649524        2.11061202E-02   3.62705579E-03
   4821.0848606871787        1.44396769E-02   3.45885358E-03
   4822.6028526157907        1.52301984E-02   3.45921470E-03
   4824.1209917116921        2.71796044E-02   3.68988561E-03
   4825.6392778357886        2.39481702E-02   3.62493284E-03
   4827.1577108489846        1.69222876E-02   3.50185297E-03
   4828.6762906121858        1.84439365E-02   3.52828205E-03
   4830.1950169862957        1.93185676E-02   3.55159328E-03
   4831.7138898322191        1.98335014E-02   3.56195238E-03
   4833.2329090108624        2.18531974E-02   3.57442978E-03
   4834.7520743831283        2.15312354E-02   3.53950053E-03
   4836.2713858099241        2.03614384E-02   3.54788918E-03
   4837.7908431521519        2.17655674E-02   3.61131039E-03
   4839.3104462707197        2.94746570E-02   3.70597094E-03
   4840.8301950265286        2.97539365E-02   3.69284558E-03
   4842.3500892804868        2.68273465E-02   3.66780092E-03
   4843.8701288934972        2.29827575E-02   3.57780443E-03
   4845.3903137264651        2.40739081E-02   3.63508542E-03
   4846.9106436402953        1.93707477E-02   3.50689399E-03
   4848.4311184958924        2.01072711E-02   3.51208565E-03
   4849.9517381541618        3.03144548E-02   3.71036329E-03
   4851.4725024760073        3.13328877E-02   3.77795286E-03
   4852.9934113223344        1.98961403E-02   3.48441652E-03
   4854.5144645540486        2.84986235E-02   3.62133700E-03
   4856.0356620320545        2.70453840E-02   3.56577430E-03
   4857.5570036172548        2.57210080E-02   3.47592239E-03
   4859.0784891705571        2.89059952E-02   3.46881174E-03
   4860.6001185528658        2.13942025E-02   3.19202803E-03
   4862.1218916250828        2.18885820E-02   3.21280584E-03
   4863.6438082481172        2.45010667E-02   3.33758071E-03
   4865.1658682828711        2.54610553E-02   3.41094146E-03
   4866.6880715902498        2.41344757E-02   3.51871178E-03
   4868.2104180311590        2.78748274E-02   3.59296659E-03
   4869.7329074665022        3.09115238E-02   3.60160368E-03
   4871.2555397571841        2.12178715E-02   3.41195194E-03
   4872.7783147641121        2.15023588E-02   3.39756743E-03
   4874.3012323481880        2.53565498E-02   3.49200587E-03
   4875.8242923703174        3.10390815E-02   3.66817927E-03
   4877.3474946914066        2.16200557E-02   3.51691223E-03
   4878.8708391723585        2.72472408E-02   3.64032784E-03
   4880.3943256740795        2.48674527E-02   3.61002935E-03
   4881.9179540574742        2.80919895E-02   3.64185264E-03
   4883.4417241834453        2.14991774E-02   3.51368985E-03
   4884.9656359129012        2.36194618E-02   3.55000049E-03
   4886.4896891067428        1.89230628E-02   3.40139470E-03
   4888.0138836258784        1.90929994E-02   3.37631395E-03
   4889.5382193312107        2.13241726E-02   3.41685396E-03
   4891.0626960836453        2.28871573E-02   3.42326495E-03
   4892.5873137440867        2.22380981E-02   3.46750114E-03
   4894.1120721734396        1.65326763E-02   3.38613847E-03
   4895.6369712326104        2.41039675E-02   3.63567751E-03
   4897.1620107825011        2.12103799E-02   3.54865799E-03
   4898.6871906840197        2.43353583E-02   3.62440385E-03
   4900.2125107980683        1.98451821E-02   3.52366082E-03
   4901.7379709855522        2.18425374E-02   3.54792806E-03
   4903.2635711073772        2.39023287E-02   3.53949587E-03
   4904.7893110244477        1.94321517E-02   3.48857068E-03
   4906.3151905976692        2.29287352E-02   3.59625835E-03
   4907.8412096879447        2.08078735E-02   3.49792815E-03
   4909.3673681561813        1.82408951E-02   3.40885622E-03
   4910.8936658632829        1.89927407E-02   3.38070956E-03
   4912.4201026701539        2.09175888E-02   3.48837324E-03
   4913.9466784376982        2.02896819E-02   3.45449359E-03
   4915.4733930268230        2.20976546E-02   3.51957744E-03
   4917.0002462984321        2.50182785E-02   3.54474713E-03
   4918.5272381134300        2.28531267E-02   3.40273255E-03
   4920.0543683327214        2.29924843E-02   3.36279231E-03
   4921.5816368172109        2.39770152E-02   3.42262816E-03
   4923.1090434278040        2.28085406E-02   3.43045848E-03
   4924.6365880254052        2.67516486E-02   3.54738696E-03
   4926.1642704709202        2.20315978E-02   3.48268868E-03
   4927.6920906252526        2.72085704E-02   3.64576606E-03
   4929.2200483493079        2.39073224E-02   3.57921934E-03
   4930.7481435039908        1.87167637E-02   3.51621816E-03
   4932.2763759502050        2.86168251E-02   3.67083191E-03
   4933.8047455488577        1.60102304E-02   3.36275622E-03
   4935.3332521608518        2.46884190E-02   3.54560907E-03
   4936.8618956470928        2.63103861E-02   3.53242410E-03
   4938.3906758684852        2.15516202E-02   3.42811737E-03
   4939.9195926859347        2.51069348E-02   3.48977791E-03
   4941.4486459603440        2.06265841E-02   3.47222784E-03
   4942.9778355526205        2.71922387E-02   3.62725160E-03
   4944.5071613236678        1.84823237E-02   3.46264592E-03
   4946.0366231343914        2.58478932E-02   3.63200018E-03
   4947.5662208456943        1.75108463E-02   3.44102574E-03
   4949.0959543184827        1.88648477E-02   3.45812156E-03
   4950.6258234136621        2.48998497E-02   3.58317606E-03
   4952.1558279921364        2.03540251E-02   3.45563306E-03
   4953.6859679148101        2.39174627E-02   3.54826171E-03
   4955.2162430425888        1.80822499E-02   3.41219548E-03
   4956.7466532363760        2.30535381E-02   3.47431214E-03
   4958.2771983570792        2.31244899E-02   3.42416205E-03
   4959.8078782656003        2.29418725E-02   3.47059988E-03
   4961.3386928228456        2.00774092E-02   3.50316986E-03
   4962.8696418897198        1.78419519E-02   3.46979802E-03
   4964.4007253271275        1.77522060E-02   3.43280332E-03
   4965.9319429959742        1.62272248E-02   3.35173146E-03
   4967.4632947571636        2.18976308E-02   3.45231569E-03
   4968.9947804716012        2.53225323E-02   3.55661311E-03
   4970.5264000001916        2.35976055E-02   3.54868872E-03
   4972.0581532038395        1.42826214E-02   3.34593351E-03
   4973.5900399434495        2.43191868E-02   3.57920351E-03
   4975.1220600799279        2.13863943E-02   3.53207183E-03
   4976.6542134741776        2.17604917E-02   3.50713753E-03
   4978.1864999871041        2.13780254E-02   3.49128782E-03
   4979.7189194796138        1.98659096E-02   3.41375405E-03
   4981.2514718126095        2.55087931E-02   3.49087105E-03
   4982.7841568469967        2.11873166E-02   3.34890094E-03
   4984.3169744436791        2.55946890E-02   3.44566000E-03
   4985.8499244635641        2.39618868E-02   3.46201565E-03
   4987.3830067675535        1.75545327E-02   3.37164849E-03
   4988.9162212165556        2.85731405E-02   3.66642978E-03
   4990.4495676714714        2.32859161E-02   3.52130691E-03
   4991.9830459932082        2.49002725E-02   3.53628257E-03
   4993.5166560426705        2.95081045E-02   3.62348091E-03
   4995.0503976807622        2.83500142E-02   3.66956741E-03
   4996.5842707683896        2.43820213E-02   3.55530810E-03
   4998.1182751664564        2.42652521E-02   3.54592735E-03
   4999.6524107358673        2.80582383E-02   3.61206965E-03
   5001.1866773375286        2.13023648E-02   3.42394528E-03
   5002.7210748323423        2.66744345E-02   3.51634785E-03
   5004.2556030812157        2.55570784E-02   3.50320176E-03
   5005.7902619450533        2.15980224E-02   3.36855790E-03
   5007.3250512847590        2.04828735E-02   3.40277958E-03
   5008.8599709612381        2.32130550E-02   3.48090101E-03
   5010.3950208353963        2.15910096E-02   3.44775128E-03
   5011.9302007681372        2.61988249E-02   3.53567000E-03
   5013.4655106203654        2.38856301E-02   3.44972638E-03
   5015.0009502529865        2.23130230E-02   3.38862720E-03
   5016.5365195269060        2.56385189E-02   3.50916013E-03
   5018.0722183030266        2.94012669E-02   3.59960506E-03
   5019.6080464422548        2.37875171E-02   3.46923992E-03
   5021.1440038054952        2.54503302E-02   3.55118979E-03
   5022.6800902536525        2.96857618E-02   3.62582947E-03
   5024.2163056476311        2.64915954E-02   3.53402016E-03
   5025.7526498483367        2.30567493E-02   3.50216101E-03
   5027.2891227166729        2.54200958E-02   3.55010014E-03
   5028.8257241135461        2.99669504E-02   3.65217612E-03
   5030.3624538998592        2.18738094E-02   3.47069139E-03
   5031.8993119365177        2.87386049E-02   3.68914683E-03
   5033.4362980844289        1.98615417E-02   3.46032181E-03
   5034.9734122044938        2.93068346E-02   3.63606354E-03
   5036.5106541576197        2.29989756E-02   3.49113462E-03
   5038.0480238047094        2.85573807E-02   3.57472757E-03
   5039.5855210066702        2.46381368E-02   3.47008393E-03
   5041.1231456244050        2.75150854E-02   3.54916533E-03
   5042.6608975188201        2.58418154E-02   3.54496296E-03
   5044.1987765508184        2.85819136E-02   3.62763135E-03
   5045.7367825813071        2.27861125E-02   3.52948392E-03
   5047.2749154711883        1.67868678E-02   3.42355832E-03
   5048.8131750813700        2.78569236E-02   3.63166700E-03
   5050.3515612727542        2.30533611E-02   3.47717875E-03
   5051.8900739062474        2.48499215E-02   3.54200834E-03
   5053.4287128427532        2.95820851E-02   3.69885284E-03
   5054.9674779431771        2.19437536E-02   3.49746854E-03
   5056.5063690684237        2.47739684E-02   3.59304086E-03
   5058.0453860793987        2.46648341E-02   3.64533998E-03
   5059.5845288370065        1.49512030E-02   3.39191360E-03
   5061.1237972021509        1.86510589E-02   3.50437057E-03
   5062.6631910357382        2.69960966E-02   3.68926395E-03
   5064.2027101986723        2.48741023E-02   3.62288556E-03
   5065.7423545518577        2.28197537E-02   3.54887289E-03
   5067.2821239561999        2.43560597E-02   3.56784579E-03
   5068.8220182726036        1.85782295E-02   3.47213494E-03
   5070.3620373619733        2.26285029E-02   3.53915244E-03
   5071.9021810852155        2.86755003E-02   3.70443612E-03
   5073.4424493032320        2.79883482E-02   3.61980498E-03
   5074.9828418769303        2.20361147E-02   3.57161229E-03
   5076.5233586672139        2.60442402E-02   3.60970502E-03
   5078.0639995349884        2.49044374E-02   3.55559657E-03
   5079.6047643411575        1.71826482E-02   3.34758218E-03
   5081.1456529466268        1.70662422E-02   3.34605901E-03
   5082.6866652123008        1.47434222E-02   3.31211556E-03
   5084.2278009990850        2.58146711E-02   3.63605120E-03
   5085.7690601678833        2.55778525E-02   3.60264792E-03
   5087.3104425796000        1.81288552E-02   3.46905971E-03
   5088.8519480951418        2.50674300E-02   3.66569171E-03
   5090.3935765754131        2.36355010E-02   3.60553642E-03
   5091.9353278813169        1.85178686E-02   3.53186158E-03
   5093.4772018737613        2.14297101E-02   3.58557724E-03
   5095.0191984136472        2.46514082E-02   3.62972519E-03
   5096.5613173618822        2.52288245E-02   3.64115136E-03
   5098.1035585793697        2.02162229E-02   3.49984621E-03
   5099.6459219270164        2.91741602E-02   3.68478848E-03
   5101.1884072657249        2.09523030E-02   3.51241999E-03
   5102.7310144564017        2.71349642E-02   3.65792657E-03
   5104.2737433599495        2.17263047E-02   3.58281820E-03
   5105.8165938372758        3.09922826E-02   3.75481998E-03
   5107.3595657492833        1.89280640E-02   3.43278795E-03
   5108.9026589568775        2.18093060E-02   3.56092327E-03
   5110.4458733209640        1.85282025E-02   3.48502398E-03
   5111.9892087024473        2.00606231E-02   3.50703415E-03
   5113.5326649622302        2.59841792E-02   3.66462651E-03
   5115.0762419612211        1.95451453E-02   3.56933172E-03
   5116.6199395603226        2.01218575E-02   3.55376583E-03
   5118.1637576204394        2.52371617E-02   3.69809801E-03
   5119.7076960024770        1.96822882E-02   3.51320300E-03
   5121.2517545673409        2.05883104E-02   3.55520728E-03
   5122.7959331759339        2.24414337E-02   3.51189380E-03
   5124.3402316891616        2.08732467E-02   3.49176791E-03
   5125.8846499679294        2.45544948E-02   3.53956269E-03
   5127.4291878731428        2.70058382E-02   3.64312879E-03
   5128.9738452657057        2.54326724E-02   3.57565656E-03
   5130.5186220065216        2.37360839E-02   3.59953241E-03
   5132.0635179564970        2.51624938E-02   3.59831448E-03
   5133.6085329765365        2.20847093E-02   3.58142471E-03
   5135.1536669275456        2.47054677E-02   3.62142455E-03
   5136.6989196704280        2.20623612E-02   3.56040662E-03
   5138.2442910660884        1.98287815E-02   3.44228605E-03
   5139.7897809754331        2.24984568E-02   3.52935563E-03
   5141.3353892593659        1.77172925E-02   3.43672605E-03
   5142.8811157787904        2.07279231E-02   3.49085662E-03
   5144.4269603946132        2.30227858E-02   3.56364110E-03
   5145.9729229677387        2.19578315E-02   3.53402738E-03
   5147.5190033590707        2.63268091E-02   3.63197573E-03
   5149.0652014295165        2.38297377E-02   3.58512276E-03
   5150.6115170399780        2.28471179E-02   3.58712114E-03
   5152.1579500513626        2.03106217E-02   3.53699992E-03
   5153.7045003245730        2.28196364E-02   3.57290544E-03
   5155.2511677205148        2.32080687E-02   3.58988182E-03
   5156.7979521000925        2.02751029E-02   3.57531104E-03
   5158.3448533242126        2.44896803E-02   3.66054033E-03
   5159.8918712537788        2.48956513E-02   3.66375293E-03
   5161.4390057496939        2.96964813E-02   3.74363689E-03
   5162.9862566728671        2.58843470E-02   3.66956275E-03
   5164.5336238841992        2.13816613E-02   3.45773227E-03
   5166.0811072445958        2.51599066E-02   3.49789066E-03
   5167.6287066149644        2.10774336E-02   3.32994782E-03
   5169.1764218562066        2.42903158E-02   3.39190313E-03
   5170.7242528292281        2.86471453E-02   3.49801593E-03
   5172.2721993949344        2.55353265E-02   3.38493963E-03
   5173.8202614142310        2.44495962E-02   3.43607645E-03
   5175.3684387480216        2.28531919E-02   3.47228535E-03
   5176.9167312572108        2.71826424E-02   3.65958898E-03
   5178.4651388027041        2.24554706E-02   3.60163162E-03
   5180.0136612454062        3.01952958E-02   3.75394523E-03
   5181.5622984462207        3.34308892E-02   3.72006581E-03
   5183.1110502660549        2.52167862E-02   3.42025748E-03
   5184.6599165658099        2.28201374E-02   3.34542966E-03
   5186.2088972063957        3.06098592E-02   3.59739852E-03
   5187.7579920487133        2.39058025E-02   3.58130550E-03
   5189.3072009536681        2.56380104E-02   3.62763088E-03
   5190.8565237821658        2.57037692E-02   3.64076090E-03
   5192.4059603951091        2.43331008E-02   3.63408122E-03
   5193.9555106534062        2.53163986E-02   3.55784083E-03
   5195.5051744179600        1.72201656E-02   3.51622864E-03
   5197.0549515496741        3.07761803E-02   3.85683845E-03
   5198.6048419094559        2.08120886E-02   3.68944439E-03
   5200.1548453582091        2.25223266E-02   3.80361057E-03
   5201.7049617568391        1.82381216E-02   3.60951247E-03
   5203.2551909662479        2.04710178E-02   3.57813644E-03
   5204.8055328473438        2.48823278E-02   3.64079932E-03
   5206.3559872610304        2.56838985E-02   3.64414696E-03
   5207.9065540682132        1.97237134E-02   3.44103249E-03
   5209.4572331297950        2.26775408E-02   3.57049168E-03
   5211.0080243066814        2.41634753E-02   3.66069493E-03
   5212.5589274597796        1.93850752E-02   3.56038543E-03
   5214.1099424499907        2.75659878E-02   3.70229688E-03
   5215.6610691382230        2.60868929E-02   3.68031464E-03
   5217.2123073853772        1.85798164E-02   3.48430336E-03
   5218.7636570523628        2.66812760E-02   3.65569885E-03
   5220.3151180000814        1.96571983E-02   3.57157667E-03
   5221.8666900894395        1.77347045E-02   3.54607962E-03
   5223.4183731813418        2.56418288E-02   3.69622838E-03
   5224.9701671366911        2.36963518E-02   3.55260610E-03
   5226.5220718163946        2.17500776E-02   3.51092103E-03
   5228.0740870813561        1.78730506E-02   3.38448840E-03
   5229.6262127924801        2.29009707E-02   3.58207128E-03
   5231.1784488106723        2.20705587E-02   3.59665812E-03
   5232.7307949968372        2.29586940E-02   3.58309480E-03
   5234.2832512118794        2.28200685E-02   3.55941430E-03
   5235.8358173167044        2.57024616E-02   3.65439081E-03
   5237.3884931722150        1.52204363E-02   3.46829905E-03
   5238.9412786393186        2.64009517E-02   3.76713742E-03
   5240.4941735789189        2.04883870E-02   3.64913302E-03
   5242.0471778519204        1.27583649E-02   3.46636889E-03
   5243.6002913192269        2.72377208E-02   3.76008963E-03
   5245.1535138417476        2.54645273E-02   3.74691118E-03
   5246.7068452803815        2.57570408E-02   3.73738352E-03
   5248.2602854960378        2.51761079E-02   3.70815792E-03
   5249.8138343496184        3.00095286E-02   3.80445295E-03
   5251.3674917020307        2.29857974E-02   3.64639191E-03
   5252.9212574141784        2.35447399E-02   3.64317675E-03
   5254.4751313469651        1.52261397E-02   3.47205461E-03
   5256.0291133612973        2.74105128E-02   3.76568339E-03
   5257.5832033180786        2.71437597E-02   3.77598545E-03
   5259.1374010782156        2.42860708E-02   3.73330200E-03
   5260.6917065026119        2.15382893E-02   3.62572353E-03
   5262.2461194521711        2.51513273E-02   3.65115236E-03
   5263.8006397877998        3.22257467E-02   3.75889195E-03
   5265.3552673704025        1.71912145E-02   3.38104600E-03
   5266.9100020608848        2.48467848E-02   3.54172243E-03
   5268.4648437201504        2.33496707E-02   3.51090566E-03
   5270.0197922091029        2.77643725E-02   3.62965022E-03
   5271.5748473886488        2.42739730E-02   3.55059351E-03
   5273.1300091196945        2.20287535E-02   3.58645525E-03
   5274.6852772631419        1.92437861E-02   3.55378422E-03
   5276.2406516798965        2.81535219E-02   3.78183764E-03
   5277.7961322308638        2.43341662E-02   3.69848567E-03
   5279.3517187769476        2.40729786E-02   3.72266630E-03
   5280.9074111790551        2.25987155E-02   3.64164310E-03
   5282.4632092980873        2.37063393E-02   3.66256153E-03
   5284.0191129949535        1.61892418E-02   3.47878668E-03
   5285.5751221305554        2.41892133E-02   3.68779758E-03
   5287.1312365657977        2.16960963E-02   3.69316619E-03
   5288.6874561615869        1.94639117E-02   3.66210309E-03
   5290.2437807788274        2.31767856E-02   3.74320196E-03
   5291.8002102784221        1.77252386E-02   3.60903237E-03
   5293.3567445212802        2.52303835E-02   3.75163509E-03
   5294.9133833683018        1.73781328E-02   3.63561162E-03
   5296.4701266803941        2.72175446E-02   3.75874527E-03
   5298.0269743184617        1.77347194E-02   3.59049928E-03
   5299.5839261434094        2.39584539E-02   3.64252855E-03
   5301.1409820161416        2.56683379E-02   3.78282508E-03
   5302.6981417975630        2.34687477E-02   3.73383705E-03
   5304.2554053485792        1.95987634E-02   3.65978945E-03
   5305.8127725300947        2.09450368E-02   3.72207025E-03
   5307.3702432030141        2.91894246E-02   3.84437409E-03
   5308.9278172282429        2.41105240E-02   3.78129375E-03
   5310.4854944666840        2.71078981E-02   3.87385441E-03
   5312.0432747792447        2.11892333E-02   3.75128235E-03
   5313.6011580268287        2.31468119E-02   3.77959129E-03
   5315.1591440703405        2.46931352E-02   3.78799997E-03
   5316.7172327706858        3.54769789E-02   3.98047408E-03
   5318.2754239887681        1.88194718E-02   3.65667511E-03
   5319.8337175854931        2.22573224E-02   3.74957733E-03
   5321.3921134217653        2.36680005E-02   3.74999922E-03
   5322.9506113584912        2.45161057E-02   3.78513453E-03
   5324.5092112565726        1.86598655E-02   3.65453330E-03
   5326.0679129769169        2.41117552E-02   3.68107646E-03
   5327.6267163804268        2.34442018E-02   3.64647852E-03
   5329.1856213280098        1.97365992E-02   3.53536149E-03
   5330.7446276805686        1.95681229E-02   3.62625904E-03
   5332.3037352990077        2.81414296E-02   3.89186246E-03
   5333.8629440442337        1.95582453E-02   3.66725936E-03
   5335.4222537771502        2.22888459E-02   3.77181522E-03
   5336.9816643586619        2.22444050E-02   3.76257976E-03
   5338.5411756496751        2.03194823E-02   3.70476767E-03
   5340.1007875110927        2.32092384E-02   3.74398986E-03
   5341.6604998038210        2.96699572E-02   3.84443696E-03
   5343.2203123887639        2.19539534E-02   3.66537576E-03
   5344.7802251268276        2.50519980E-02   3.81397270E-03
   5346.3402378789142        2.42419839E-02   3.80137330E-03
   5347.9003505059309        2.35180166E-02   3.78749124E-03
   5349.4605628687823        2.66204290E-02   3.84873943E-03
   5351.0208748283721        2.16759332E-02   3.73926130E-03
   5352.5812862456060        2.19025686E-02   3.79025424E-03
   5354.1417969813883        1.97403748E-02   3.75703163E-03
   5355.7024068966248        2.29327865E-02   3.82759911E-03
   5357.2631158522199        2.27697063E-02   3.80495563E-03
   5358.8239237090766        2.47501452E-02   3.89865902E-03
   5360.3848303281029        1.96219087E-02   3.70850111E-03
   5361.9458355702009        2.57467516E-02   3.86291137E-03
   5363.5069392962769        2.08489299E-02   3.69208609E-03
   5365.0681413672355        2.45792903E-02   3.78549960E-03
   5366.6294416439814        1.54320262E-02   3.58495908E-03
   5368.1908399874192        2.32091062E-02   3.71982972E-03
   5369.7523362584534        1.86340753E-02   3.61836958E-03
   5371.3139303179905        2.72443276E-02   3.81139782E-03
   5372.8756220269333        2.46453322E-02   3.77050671E-03
   5374.4374112461874        2.25953348E-02   3.75689915E-03
   5375.9992978366581        2.27755383E-02   3.84122599E-03
   5377.5612816592502        2.27828491E-02   3.80234979E-03
   5379.1233625748673        2.12703552E-02   3.80178401E-03
   5380.6855404444150        1.81220565E-02   3.69128562E-03
   5382.2478151287987        2.94968411E-02   3.93739436E-03
   5383.8101864889231        1.53466966E-02   3.63629521E-03
   5385.3726543856919        2.13034749E-02   3.77051067E-03
   5386.9352186800115        2.56130639E-02   3.85879027E-03
   5388.4978792327847        2.18803547E-02   3.80255771E-03
   5390.0606359049179        2.61549000E-02   3.84805817E-03
   5391.6234885573158        2.60929763E-02   3.84416827E-03
   5393.1864370508829        2.63997037E-02   3.84308072E-03
   5394.7494812465238        2.39079837E-02   3.76724242E-03
   5396.3126210051432        2.74056382E-02   3.82607244E-03
   5397.8758561876475        2.94428840E-02   3.89340986E-03
   5399.4391866549395        2.72343680E-02   3.79535300E-03
   5401.0026122679246        2.10211575E-02   3.73062165E-03
   5402.5661328875094        2.04258468E-02   3.68206785E-03
   5404.1297483745957        2.22705510E-02   3.71083198E-03
   5405.6934585900899        2.14568079E-02   3.67346662E-03
   5407.2572633948976        2.42437273E-02   3.77207319E-03
   5408.8211626499215        1.96195152E-02   3.67730996E-03
   5410.3851562160680        2.56929081E-02   3.79458279E-03
   5411.9492439542419        2.42626779E-02   3.82671016E-03
   5413.5134257253476        1.95609145E-02   3.69933178E-03
   5415.0777013902907        2.57793032E-02   3.85296391E-03
   5416.6420708099749        2.48813294E-02   3.82142398E-03
   5418.2065338453058        2.43841801E-02   3.83356656E-03
   5419.7710903571869        2.14435849E-02   3.78115056E-03
   5421.3357402065249        2.48716958E-02   3.84442578E-03
   5422.9004832542232        2.78923903E-02   3.87813989E-03
   5424.4653193611875        2.54811440E-02   3.85379535E-03
   5426.0302483883224        2.24137120E-02   3.78052681E-03
   5427.5952701965325        1.78773552E-02   3.68447020E-03
   5429.1603846467233        2.74256598E-02   3.89433745E-03
   5430.7255915997985        2.44275127E-02   3.78672266E-03
   5432.2908909166636        3.07007208E-02   3.93031817E-03
   5433.8562824582223        1.23379035E-02   3.55159515E-03
   5435.4217660853819        2.30205096E-02   3.78404930E-03
   5436.9873416590453        1.79983675E-02   3.72384186E-03
   5438.5530090401180        1.85459126E-02   3.73042398E-03
   5440.1187680895036        2.36506835E-02   3.88387800E-03
   5441.6846186681087        2.21737493E-02   3.90985282E-03
   5443.2505606368368        2.61196494E-02   3.90322413E-03
   5444.8165938565935        2.15202179E-02   3.80458427E-03
   5446.3827181882843        1.90971512E-02   3.68665159E-03
   5447.9489334928121        1.89047270E-02   3.69227957E-03
   5449.5152396310832        2.31758226E-02   3.82665289E-03
   5451.0816364640013        2.55765934E-02   3.93633358E-03
   5452.6481238524721        1.97678003E-02   3.79975978E-03
   5454.2147016574008        2.38660909E-02   3.83694610E-03
   5455.7813697396914        2.41189394E-02   3.83748882E-03
   5457.3481279602483        1.57820992E-02   3.66010540E-03
   5458.9149761799772        1.98045578E-02   3.79954930E-03
   5460.4819142597835        1.91082843E-02   3.76783288E-03
   5462.0489420605700        2.19361372E-02   3.80441057E-03
   5463.6160594432431        1.89022273E-02   3.75543837E-03
   5465.1832662687075        2.26458050E-02   3.78537574E-03
   5466.7505623978677        1.91553533E-02   3.74138867E-03
   5468.3179476916284        2.37176698E-02   3.88012454E-03
   5469.8854220108942        2.19970662E-02   3.84360342E-03
   5471.4529852165706        2.31780540E-02   3.87191167E-03
   5473.0206371695631        2.54900809E-02   3.92916985E-03
   5474.5883777307754        1.76441744E-02   3.67928762E-03
   5476.1562067611121        2.80001927E-02   3.88609665E-03
   5477.7241241214770        1.86909046E-02   3.66004067E-03
   5479.2921296727782        2.64672656E-02   3.86308413E-03
   5480.8602232759176        2.46580821E-02   3.88154760E-03
   5482.4284047918018        2.06176955E-02   3.80263524E-03
   5483.9966740813352        1.96026079E-02   3.74966604E-03
   5485.5650310054216        2.29250547E-02   3.88379535E-03
   5487.1334754249665        1.33136865E-02   3.68113932E-03
   5488.7020072008754        1.91906989E-02   3.81145207E-03
   5490.2706261940521        2.01172885E-02   3.80385015E-03
   5491.8393322654019        1.84414517E-02   3.82673834E-03
   5493.4081252758288        1.78391300E-02   3.76794720E-03
   5494.9770050862398        2.58057006E-02   3.95255210E-03
   5496.5459715575371        2.13041399E-02   3.81277618E-03
   5498.1150245506269        2.24935859E-02   3.89405899E-03
   5499.6841639264139        2.48186253E-02   3.90988262E-03
   5501.2533895458027        3.07148527E-02   4.05458501E-03
   5502.8227012696989        3.22110206E-02   4.05702880E-03
   5504.3920989590069        2.32255701E-02   3.90214939E-03
   5505.9615824746297        1.65558737E-02   3.70581518E-03
   5507.5311516774746        2.14774143E-02   3.86554911E-03
   5509.1008064284470        1.71818305E-02   3.79878934E-03
   5510.6705465884479        2.62256153E-02   3.99223715E-03
   5512.2403720183866        2.85897572E-02   3.98518052E-03
   5513.8102825791639        2.07249951E-02   3.83776217E-03
   5515.3802781316872        1.74174160E-02   3.78022576E-03
   5516.9503585368611        2.60698367E-02   4.00468102E-03
   5518.5205236555903        2.69165132E-02   3.98316327E-03
   5520.0907733487784        1.80188436E-02   3.81381041E-03
   5521.6611074773309        2.30767839E-02   3.98143381E-03
   5523.2315259021534        1.89223737E-02   3.85292294E-03
   5524.8020284841505        1.84665453E-02   3.84272006E-03
   5526.3726150842267        1.93500388E-02   3.81446304E-03
   5527.9432855632867        1.69226807E-02   3.69169842E-03
   5529.5140397822342        2.66780201E-02   3.97437811E-03
   5531.0848776019766        2.19351109E-02   3.93286999E-03
   5532.6557988834174        2.13695392E-02   3.89427063E-03
   5534.2268034874614        2.73317751E-02   4.03794413E-03
   5535.7978912750123        1.67433880E-02   3.80305620E-03
   5537.3690621069773        1.78082269E-02   3.80041939E-03
   5538.9403158442592        2.47582346E-02   3.98387248E-03
   5540.5116523477645        2.21408922E-02   3.93418130E-03
   5542.0830714783961        2.73125283E-02   4.07986296E-03
   5543.6545730970602        2.58355998E-02   4.03591106E-03
   5545.2261570646615        2.33054012E-02   3.97826685E-03
   5546.7978232421046        1.91690084E-02   3.88801517E-03
   5548.3695714902933        2.72099022E-02   4.04794654E-03
   5549.9414016701348        2.11942121E-02   3.92747857E-03
   5551.5133136425320        2.37956420E-02   4.00566170E-03
   5553.0853072683904        2.22180393E-02   3.97403538E-03
   5554.6573824086136        3.36266682E-02   4.18185536E-03
   5556.2295389241099        2.01550629E-02   3.92780825E-03
   5557.8017766757794        1.75113548E-02   3.82081652E-03
   5559.3740955245303        2.07573790E-02   3.93170165E-03
   5560.9464953312654        2.14818735E-02   3.91893554E-03
   5562.5189759568921        2.57995911E-02   4.06998629E-03
   5564.0915372623131        2.76427567E-02   4.07140004E-03
   5565.6641791084321        2.31766608E-02   4.00332222E-03
   5567.2369013561565        2.23050434E-02   3.96835478E-03
   5568.8097038663909        2.12389994E-02   3.94193921E-03
   5570.3825865000399        2.58328933E-02   4.00656741E-03
   5571.9555491180063        2.25788411E-02   3.92849371E-03
   5573.5285915811983        2.54841652E-02   4.22451971E-03
   5575.1017137505169        1.65207554E-02   7.09564425E-03
   5576.6749154868694        9.55053698E-03   9.03061870E-03
   5578.2481966511605        1.97802354E-02   9.41960327E-03
   5579.8215571042947        2.38989517E-02   8.48011393E-03
   5581.3949967071767        2.73574330E-02   5.33788884E-03
   5582.9685153207110        1.77969150E-02   4.04825248E-03
   5584.5421128058033        2.26895325E-02   3.96417594E-03
   5586.1157890233571        1.79331005E-02   3.85688758E-03
   5587.6895438342790        2.23787706E-02   3.93449422E-03
   5589.2633770994726        2.72025727E-02   3.99440993E-03
   5590.8372886798434        2.08666585E-02   3.89925088E-03
   5592.4112784362951        2.28429753E-02   3.98341753E-03
   5593.9853462297333        2.03452352E-02   3.89336958E-03
   5595.5594919210625        2.23758556E-02   3.96815827E-03
   5597.1337153711875        2.23521553E-02   3.96654336E-03
   5598.7080164410145        1.78099796E-02   3.88888479E-03
   5600.2823949914473        2.33656578E-02   3.99355870E-03
   5601.8568508833896        2.50186399E-02   4.00556531E-03
   5603.4313839777478        2.36516707E-02   4.04010899E-03
   5605.0059941354266        2.19492707E-02   3.97947431E-03
   5606.5806812173305        1.96723901E-02   4.00429266E-03
   5608.1554450843623        2.35662609E-02   4.15811734E-03
   5609.7302855974312        2.09618490E-02   4.00010264E-03
   5611.3052026174382        2.08503697E-02   4.01229691E-03
   5612.8801960052897        1.84678938E-02   3.92099470E-03
   5614.4552656218893        2.14729831E-02   3.96241806E-03
   5616.0304113281445        1.95455384E-02   3.92519077E-03
   5617.6056329849580        1.87994018E-02   3.86684528E-03
   5619.1809304532353        2.57985145E-02   4.11384227E-03
   5620.7563035938801        2.11644713E-02   3.96767259E-03
   5622.3317522677989        2.26098280E-02   4.07164171E-03
   5623.9072763358954        2.26879995E-02   4.02806932E-03
   5625.4828756590759        2.69467905E-02   4.09710081E-03
   5627.0585500982424        1.39165251E-02   3.84725840E-03
   5628.6342995143032        1.97086707E-02   3.98842385E-03
   5630.2101237681591        1.85292661E-02   3.98882665E-03
   5631.7860227207193        1.41831860E-02   3.89466388E-03
   5633.3619962328848        2.59580463E-02   4.14273189E-03
   5634.9380441655630        2.29154527E-02   4.04129317E-03
   5636.5141663796576        2.58882139E-02   4.13008267E-03
   5638.0903627360731        2.82613318E-02   4.24147025E-03
   5639.6666330957160        1.96283087E-02   3.98537051E-03
   5641.2429773194899        2.39203740E-02   4.12557553E-03
   5642.8193952682986        2.25953255E-02   4.05911915E-03
   5644.3958868030486        2.31353901E-02   4.02827142E-03
   5645.9724517846444        3.13567333E-02   4.29476006E-03
   5647.5490900739896        2.34878734E-02   4.08958457E-03
   5649.1258015319918        2.52203401E-02   4.15586866E-03
   5650.7025860195527        2.98164301E-02   4.26422711E-03
   5652.2794433975778        2.61924062E-02   4.16842988E-03
   5653.8563735269745        1.56961959E-02   3.92152509E-03
   5655.4333762686438        1.78907868E-02   3.96660669E-03
   5657.0104514834929        2.22506691E-02   4.04614070E-03
   5658.5875990324275        2.11502574E-02   4.01975913E-03
   5660.1648187763494        2.24877726E-02   4.05031629E-03
   5661.7421105761650        1.33872349E-02   3.85348150E-03
   5663.3194742927808        2.67695170E-02   4.14167996E-03
   5664.8969097870986        2.60125976E-02   4.19275183E-03
   5666.4744169200258        2.41258927E-02   4.15863097E-03
   5668.0519955524651        2.22091340E-02   4.12619486E-03
   5669.6296455453230        2.69081369E-02   4.24128445E-03
   5671.2073667595032        2.63497680E-02   4.22952836E-03
   5672.7851590559112        1.59662906E-02   4.01142891E-03
   5674.3630222954507        1.62963849E-02   3.99606023E-03
   5675.9409563390282        2.59025916E-02   4.26774845E-03
   5677.5189610475472        2.35124230E-02   4.17966023E-03
   5679.0970362819135        1.41411116E-02   3.93610168E-03
   5680.6751819030305        2.25185398E-02   4.16309480E-03
   5682.2533977718049        2.18464043E-02   4.10786830E-03
   5683.8316837491402        2.19237171E-02   4.08370467E-03
   5685.4100396959411        2.08645836E-02   4.07966739E-03
   5686.9884654731140        1.58800147E-02   4.03738534E-03
   5688.5669609415627        2.01698281E-02   4.06690408E-03
   5690.1455259621907        1.99079961E-02   4.05524811E-03
   5691.7241603959046        1.93424020E-02   4.07019258E-03
   5693.3028641036090        1.85749643E-02   4.10797819E-03
   5694.8816369462093        2.85628513E-02   4.30593081E-03
   5696.4604787846074        2.41382141E-02   4.22273017E-03
   5698.0393894797116        2.21517403E-02   4.19619493E-03
   5699.6183688924248        2.23933514E-02   4.13911790E-03
   5701.1974168836523        2.24444512E-02   4.16233391E-03
   5702.7765333142988        2.18908638E-02   4.17628884E-03
   5704.3557180452699        2.13599894E-02   4.19385172E-03
   5705.9349709374692        2.08455343E-02   4.08020103E-03
   5707.5142918518022        1.68199111E-02   4.01421450E-03
   5709.0936806491736        2.00732350E-02   4.05294681E-03
   5710.6731371904880        1.37938177E-02   3.89050413E-03
   5712.2526613366517        2.39542313E-02   4.16015415E-03
   5713.8322529485677        2.53083557E-02   4.21474501E-03
   5715.4119118871413        2.62602866E-02   4.21936205E-03
   5716.9916380132772        2.22207047E-02   4.18053428E-03
   5718.5714311878801        1.48129184E-02   4.03342536E-03
   5720.1512912718563        2.53804978E-02   4.28009126E-03
   5721.7312181261086        2.83115730E-02   4.37578047E-03
   5723.3112116115417        1.79288685E-02   4.15807869E-03
   5724.8912715890638        2.33893134E-02   4.27198643E-03
   5726.4713979195758        1.90013442E-02   4.17309348E-03
   5728.0515904639842        2.16184724E-02   4.24838392E-03
   5729.6318490831954        2.28445046E-02   4.22679726E-03
   5731.2121736381105        2.10549664E-02   4.20682831E-03
   5732.7925639896375        1.72211174E-02   4.11726022E-03
   5734.3730199986794        1.94057114E-02   4.21656854E-03
   5735.9535415261416        2.14335155E-02   4.22556465E-03
   5737.5341284329297        2.19031423E-02   4.19826899E-03
   5739.1147805799474        1.93215664E-02   4.15629568E-03
   5740.6954978281001        2.89171226E-02   4.40834230E-03
   5742.2762800382916        1.73151679E-02   4.11922764E-03
   5743.8571270714292        2.80423257E-02   4.38198913E-03
   5745.4380387884157        1.52075598E-02   4.05738503E-03
   5747.0190150501558        1.81981232E-02   4.10658168E-03
   5748.6000557175539        2.74704564E-02   4.34526615E-03
   5750.1811606515175        1.64560080E-02   4.08854894E-03
   5751.7623297129485        1.86926331E-02   4.10199165E-03
   5753.3435627627541        1.82281639E-02   4.07154951E-03
   5754.9248596618381        2.79759578E-02   4.31913044E-03
   5756.5062202711051        2.61289347E-02   4.33944957E-03
   5758.0876444514588        2.24772245E-02   4.24813014E-03
   5759.6691320638065        1.80007964E-02   4.11640108E-03
   5761.2506829690510        1.51594989E-02   4.06391267E-03
   5762.8322970280969        2.00321022E-02   4.14929027E-03
   5764.4139741018507        2.71072183E-02   4.37873974E-03
   5765.9957140512179        1.65006090E-02   4.16151294E-03
   5767.5775167371003        2.03428492E-02   4.18937905E-03
   5769.1593820204052        2.38948278E-02   4.36473358E-03
   5770.7413097620365        1.96821950E-02   4.23841458E-03
   5772.3232998228987        2.28783786E-02   4.31542099E-03
   5773.9053520638972        1.92854293E-02   4.19031270E-03
   5775.4874663459368        2.46499926E-02   4.33030073E-03
   5777.0696425299220        1.61953792E-02   4.08389186E-03
   5778.6518804767575        2.41825487E-02   4.29656496E-03
   5780.2341800473496        2.58657876E-02   4.33056848E-03
   5781.8165411026002        1.75494142E-02   4.09902213E-03
   5783.3989635034168        2.01300289E-02   4.18561464E-03
   5784.9814471107029        2.16649082E-02   4.19630902E-03
   5786.5639917853650        2.63854079E-02   4.32548113E-03
   5788.1465973883051        2.18354929E-02   4.25895862E-03
   5789.7292637804303        2.96546016E-02   4.42830659E-03
   5791.3119908226445        2.42419876E-02   4.27132053E-03
   5792.8947783758522        1.90281011E-02   4.16322146E-03
   5794.4776263009589        1.67858452E-02   4.15788218E-03
   5796.0605344588694        1.63653512E-02   4.10891278E-03
   5797.6435027104890        2.62480900E-02   4.37633041E-03
   5799.2265309167215        1.00748958E-02   3.99633870E-03
   5800.8096189384705        2.62608659E-02   4.38052183E-03
   5802.3927666366444        1.53471539E-02   4.11944976E-03
   5803.9759738721450        2.14733351E-02   4.30847192E-03
   5805.5592405058787        2.31602639E-02   4.29836428E-03
   5807.1425663987502        2.39725262E-02   4.26898571E-03
   5808.7259514116622        1.84906702E-02   4.18829685E-03
   5810.3093954055230        2.35279948E-02   4.34773229E-03
   5811.8928982412353        2.27168705E-02   4.32272907E-03
   5813.4764597797039        1.89958550E-02   4.24281415E-03
   5815.0600798818350        2.13691853E-02   4.26273886E-03
   5816.6437584085306        1.98818240E-02   4.25343681E-03
   5818.2274952206990        2.34892722E-02   4.34005354E-03
   5819.8112901792420        2.30423473E-02   4.34454577E-03
   5821.3951431450660        2.29422003E-02   4.36967332E-03
   5822.9790539790756        2.38627475E-02   4.36561182E-03
   5824.5630225421755        2.15646736E-02   4.32262337E-03
   5826.1470486952712        1.99291538E-02   4.24248353E-03
   5827.7311322992664        2.22116467E-02   4.28739190E-03
   5829.3152732150675        1.89220626E-02   4.26443713E-03
   5830.8994713035772        2.26332359E-02   4.31188941E-03
   5832.4837264257030        2.77297292E-02   4.48218547E-03
   5834.0680384423467        2.58212537E-02   4.41511162E-03
   5835.6524072144148        2.12810598E-02   4.29679314E-03
   5837.2368326028118        2.28867140E-02   4.34209267E-03
   5838.8213144684423        1.95447076E-02   4.30528866E-03
   5840.4058526722129        1.93120558E-02   4.24145302E-03
   5841.9904470750262        2.33196244E-02   4.41071950E-03
   5843.5750975377878        2.40641292E-02   4.42918297E-03
   5845.1598039214023        2.69702841E-02   4.45477944E-03
   5846.7445660867743        2.18425728E-02   4.32950677E-03
   5848.3293838948102        1.98761988E-02   4.31009661E-03
   5849.9142572064120        2.88784672E-02   4.49106889E-03
   5851.4991858824878        2.90967729E-02   4.53566760E-03
   5853.0841697839405        2.44466849E-02   4.39579971E-03
   5854.6692087716747        2.40997057E-02   4.37130546E-03
   5856.2543027065958        3.21694426E-02   4.49908385E-03
   5857.8394514496094        2.74855997E-02   4.40929132E-03
   5859.4246548616175        2.15599872E-02   4.23814403E-03
   5861.0099128035290        3.27723734E-02   4.53079259E-03
   5862.5952251362451        2.15114206E-02   4.33434173E-03
   5864.1805917206730        3.01918350E-02   4.57799062E-03
   5865.7660124177173        2.89874710E-02   4.56551276E-03
   5867.3514870882809        2.78150626E-02   4.51690005E-03
   5868.9370155932711        3.00924573E-02   4.59288154E-03
   5870.5225977935906        2.57331692E-02   4.47248993E-03
   5872.1082335501469        3.21701691E-02   4.59647784E-03
   5873.6939227238408        2.87947692E-02   4.60321503E-03
   5875.2796651755807        2.96364222E-02   4.55634715E-03
   5876.8654607662693        2.22489592E-02   4.35017189E-03
   5878.4513093568139        2.74049435E-02   4.48916061E-03
   5880.0372108081156        4.10583131E-02   4.80043376E-03
   5881.6231649810834        2.69291308E-02   4.48197313E-03
   5883.2091717366184        2.89941486E-02   4.52553807E-03
   5884.7952309356278        2.47384477E-02   4.45256056E-03
   5886.3813424390146        3.60781774E-02   4.77764942E-03
   5887.9675061076869        3.56059745E-02   5.03681647E-03
   5889.5537218025456        2.89704800E-02   5.00039617E-03
   5891.1399893844964        3.94504219E-02   5.18052420E-03
   5892.7263087144465        2.67349668E-02   4.75702947E-03
   5894.3126796532997        2.69101243E-02   4.71949624E-03
   5895.8991020619587        3.65397483E-02   4.92305635E-03
   5897.4855758013309        3.04177739E-02   4.82282648E-03
   5899.0721007323209        2.80399602E-02   4.65496536E-03
   5900.6586767158306        3.34989727E-02   4.59535327E-03
   5902.2453036127681        3.09635643E-02   4.58253268E-03
   5903.8319812840373        2.47024931E-02   4.47746506E-03
   5905.4187095905427        2.89289057E-02   4.55882307E-03
   5907.0054883931889        2.59039178E-02   4.46585333E-03
   5908.5923175528815        3.57191898E-02   4.69992915E-03
   5910.1791969305250        2.61745956E-02   4.46743239E-03
   5911.7661263870241        2.38473359E-02   4.44192998E-03
   5913.3531057832834        3.20785120E-02   4.65133274E-03
   5914.9401349802083        1.94966737E-02   4.31013107E-03
   5916.5272138387027        3.28456722E-02   4.64374432E-03
   5918.1143422196728        2.24179216E-02   4.37912811E-03
   5919.7015199840225        1.78610962E-02   4.28075949E-03
   5921.2887469926563        2.41321251E-02   4.45168652E-03
   5922.8760231064798        1.92608424E-02   4.33900068E-03
   5924.4633481863957        2.00528912E-02   4.38463921E-03
   5926.0507220933132        2.64415890E-02   4.50095069E-03
   5927.6381446881333        1.73897315E-02   4.31044353E-03
   5929.2256158317632        2.10626293E-02   4.36381716E-03
   5930.8131353851049        2.92359833E-02   4.60529746E-03
   5932.4007032090658        2.15565227E-02   4.41617705E-03
   5933.9883191645495        1.75150502E-02   4.33517341E-03
   5935.5759831124615        2.12711692E-02   4.43603983E-03
   5937.1636949137073        3.16157788E-02   4.65033110E-03
   5938.7514544291880        1.50374519E-02   4.24046302E-03
   5940.3392615198136        1.96630899E-02   4.36284486E-03
   5941.9271160464850        2.12087743E-02   4.32810374E-03
   5943.5150178701087        1.59468483E-02   4.28700540E-03
   5945.1029668515894        2.36907564E-02   4.50179214E-03
   5946.6909628518315        2.45682448E-02   4.43898095E-03
   5948.2790057317407        2.70113926E-02   4.50187037E-03
   5949.8670953522205        2.83782165E-02   4.48257523E-03
   5951.4552315741785        2.20969506E-02   4.47132019E-03
   5953.0434142585154        2.19684504E-02   4.44765808E-03
   5954.6316432661388        1.94204431E-02   4.35682898E-03
   5956.2199184579522        1.99538656E-02   4.38369904E-03
   5957.8082396948621        2.64100768E-02   4.52003442E-03
   5959.3966068377722        1.85541343E-02   4.35915263E-03
   5960.9850197475871        2.75258999E-02   4.54197358E-03
   5962.5734782852114        1.87680088E-02   4.42582229E-03
   5964.1619823115507        1.54984239E-02   4.22571739E-03
   5965.7505316875104        2.08445657E-02   4.42211283E-03
   5967.3391262739924        1.64860077E-02   4.26282967E-03
   5968.9277659319059        1.88429356E-02   4.38923901E-03
   5970.5164505221519        1.72763858E-02   4.35034791E-03
   5972.1051799056368        2.10832916E-02   4.43668431E-03
   5973.6939539432669        1.97624210E-02   4.41388367E-03
   5975.2827724959443        1.33776832E-02   4.25486639E-03
   5976.8716354245753        1.54051660E-02   4.29827441E-03
   5978.4605425900645        1.61395092E-02   4.32709232E-03
   5980.0494938533166        1.21930903E-02   4.21718694E-03
   5981.6384890752361        1.69763919E-02   4.34083724E-03
   5983.2275281167285        2.38947310E-02   4.44271928E-03
   5984.8166108386986        2.75409315E-02   4.56299121E-03
   5986.4057371020508        2.11452320E-02   4.41931933E-03
   5987.9949067676898        2.01117676E-02   4.41146502E-03
   5989.5841196965202        1.79725569E-02   4.28990833E-03
   5991.1733757494485        1.93804372E-02   4.42054356E-03
   5992.7626747873774        2.16685757E-02   4.43664473E-03
   5994.3520166712133        1.94197018E-02   4.39660018E-03
   5995.9414012618599        2.43102722E-02   4.51388583E-03
   5997.5308284202220        1.82148721E-02   4.39035660E-03
   5999.1202980072057        2.24991702E-02   4.48169746E-03
   6000.7098098837159        3.02235186E-02   4.64090426E-03
   6002.2993639106553        2.02502906E-02   4.43376368E-03
   6003.8889599489303        1.59225371E-02   4.38608136E-03
   6005.4785978594455        2.01357231E-02   4.43186285E-03
   6007.0682775031055        2.45971624E-02   4.52977465E-03
   6008.6579987408159        2.32625026E-02   4.46279859E-03
   6010.2477614334803        1.74271557E-02   4.35551861E-03
   6011.8375654420033        2.54741460E-02   4.58114641E-03
   6013.4274106272906        1.65929571E-02   4.34762705E-03
   6015.0172968502484        2.28341706E-02   4.47600614E-03
   6016.6072239717796        2.51885690E-02   4.52750688E-03
   6018.1971918527897        2.21373904E-02   4.43163887E-03
   6019.7872003541816        1.34024071E-02   4.20732750E-03
   6021.3772493368633        2.31586378E-02   4.48826747E-03
   6022.9673386617378        3.02735493E-02   4.64266539E-03
   6024.5574681897106        2.48452220E-02   4.51816060E-03
   6026.1476377816862        1.50026092E-02   4.35403734E-03
   6027.7378472985674        2.36812513E-02   4.55229264E-03
   6029.3280966012635        2.76508462E-02   4.67733294E-03
   6030.9183855506753        2.12056860E-02   4.51449538E-03
   6032.5087140077103        1.82348955E-02   4.47593583E-03
   6034.0990818332721        2.62018368E-02   4.62010456E-03
   6035.6894888882662        2.00508796E-02   4.54267673E-03
   6037.2799350335954        2.85127573E-02   4.75150021E-03
   6038.8704201301671        2.05157008E-02   4.50559380E-03
   6040.4609440388849        1.94373727E-02   4.42296965E-03
   6042.0515066206526        1.98886488E-02   4.53436142E-03
   6043.6421077363766        1.50528783E-02   4.31246310E-03
   6045.2327472469624        1.71385314E-02   4.49853577E-03
   6046.8234250133119        2.59001739E-02   4.60480712E-03
   6048.4141408963333        2.19933260E-02   4.55820281E-03
   6050.0048947569294        2.12059692E-02   4.59336443E-03
   6051.5956864560048        2.82995943E-02   4.72657802E-03
   6053.1865158544651        2.55570710E-02   4.66468185E-03
   6054.7773828132149        2.30247974E-02   4.56472905E-03
   6056.3682871931587        2.41068322E-02   4.61580837E-03
   6057.9592288552039        2.10346337E-02   4.55017015E-03
   6059.5502076602506        2.23577004E-02   4.70026722E-03
   6061.1412234692070        2.28165332E-02   4.61503072E-03
   6062.7322761429787        2.00409610E-02   4.52566566E-03
   6064.3233655424665        2.09285356E-02   4.54216683E-03
   6065.9144915285788        2.01698355E-02   4.50022053E-03
   6067.5056539622192        1.37227653E-02   4.35351534E-03
   6069.0968527042924        2.13464629E-02   4.61836345E-03
   6070.6880876157038        1.57583989E-02   4.47492721E-03
   6072.2793585573572        2.46480815E-02   4.67475085E-03
   6073.8706653901581        1.92261115E-02   4.59898962E-03
   6075.4620079750111        2.87944321E-02   4.73648030E-03
   6077.0533861728218        1.98786929E-02   4.58984636E-03
   6078.6447998444946        2.06860472E-02   4.52341093E-03
   6080.2362488509343        2.32918207E-02   4.64683818E-03
   6081.8277330530445        1.90292578E-02   4.55505215E-03
   6083.4192523117317        2.19482556E-02   4.54640761E-03
   6085.0108064878996        2.08456069E-02   4.62975400E-03
   6086.6023954424545        1.85082760E-02   4.59515024E-03
   6088.1940190362993        1.81384701E-02   4.50776564E-03
   6089.7856771303404        2.22910736E-02   4.60244110E-03
   6091.3773695854816        2.01495104E-02   4.60329605E-03
   6092.9690962626282        2.29746345E-02   4.67855716E-03
   6094.5608570226850        2.41006874E-02   4.67184000E-03
   6096.1526517265575        1.46156633E-02   4.47164662E-03
   6097.7444802351483        2.31135432E-02   4.67969803E-03
   6099.3363424093641        1.18279271E-02   4.36250214E-03
   6100.9282381101102        1.97830163E-02   4.56457445E-03
   6102.5201671982895        1.87837221E-02   4.52637533E-03
   6104.1121295348075        2.27014869E-02   4.62576747E-03
   6105.7041249805716        1.62395015E-02   4.49657300E-03
   6107.2961533964817        2.57198848E-02   4.74173669E-03
   6108.8882146434471        2.22628005E-02   4.71475488E-03
   6110.4803085823705        1.79113802E-02   4.56873002E-03
   6112.0724350741566        1.82663575E-02   4.60742926E-03
   6113.6645939797108        1.94301922E-02   4.58610523E-03
   6115.2567851599388        2.33034939E-02   4.70912782E-03
   6116.8490084757432        2.91459709E-02   4.86260885E-03
   6118.4412637880305        1.61038209E-02   4.50703595E-03
   6120.0335509577053        1.36486497E-02   4.46948083E-03
   6121.6258698456713        2.02476829E-02   4.56514396E-03
   6123.2182203128350        2.66105644E-02   4.75308811E-03
   6124.8106022201018        2.81405952E-02   4.77732345E-03
   6126.4030154283737        2.71802582E-02   4.80694091E-03
   6127.9954597985561        2.55742017E-02   4.75696567E-03
   6129.5879351915564        2.03836169E-02   4.61994018E-03
   6131.1804414682765        3.19643058E-02   4.91414638E-03
   6132.7729784896228        1.87565777E-02   4.62928694E-03
   6134.3655461164999        1.96923390E-02   4.62694280E-03
   6135.9581442098124        2.23908257E-02   4.60979110E-03
   6137.5507726304650        2.75415443E-02   4.74759191E-03
   6139.1434312393640        2.71582641E-02   4.76638600E-03
   6140.7361198974113        1.61331557E-02   4.51499503E-03
   6142.3288384655152        2.10796054E-02   4.66091651E-03
   6143.9215868045767        2.19817590E-02   4.73917834E-03
   6145.5143647755040        1.38605582E-02   4.56823083E-03
   6147.1071722391998        1.87052153E-02   4.68683941E-03
   6148.7000090565698        2.61242148E-02   4.83606895E-03
   6150.2928750885185        2.64609810E-02   4.83588083E-03
   6151.8857701959514        2.40541175E-02   4.74709226E-03
   6153.4786942397732        2.53497232E-02   4.77849040E-03
   6155.0716470808866        1.75049230E-02   4.60530724E-03
   6156.6646285801999        1.96312703E-02   4.69992124E-03
   6158.2576385986158        1.92635208E-02   4.68857354E-03
   6159.8506769970400        1.51510220E-02   4.46934253E-03
   6161.4437436363760        2.70359237E-02   4.77577001E-03
   6163.0368383775294        2.25745663E-02   4.64388169E-03
   6164.6299610814058        2.19444633E-02   4.59480472E-03
   6166.2231116089097        2.40082256E-02   4.77193948E-03
   6167.8162898209439        2.16189716E-02   4.70397668E-03
   6169.4094955784167        9.59082600E-03   4.44258191E-03
   6171.0027287422299        2.38744710E-02   4.72254679E-03
   6172.5959891732900        1.54620102E-02   4.59031900E-03
   6174.1892767325007        2.13083010E-02   4.72952891E-03
   6175.7825912807684        2.40289308E-02   4.79311682E-03
   6177.3759326789959        2.63752844E-02   4.85467631E-03
   6178.9693007880896        1.51401507E-02   4.59458167E-03
   6180.5626954689533        2.92157158E-02   4.97464696E-03
   6182.1561165824933        1.36774397E-02   4.59635304E-03
   6183.7495639896124        2.01898944E-02   4.73720441E-03
   6185.3430375512180        9.14898887E-03   4.47359635E-03
   6186.9365371282120        1.66688152E-02   4.64308774E-03
   6188.5300625815007        1.64697785E-02   4.64577135E-03
   6190.1236137719889        1.95269845E-02   4.68646735E-03
   6191.7171905605819        2.29937881E-02   4.79379622E-03
   6193.3107928081836        1.20776072E-02   4.52026632E-03
   6194.9044203756994        2.15794034E-02   4.86231921E-03
   6196.4980731240339        1.72498245E-02   4.72661434E-03
   6198.0917509140918        2.88980659E-02   4.94348817E-03
   6199.6854536067785        1.89820789E-02   4.79209516E-03
   6201.2791810629988        2.33536251E-02   4.81206691E-03
   6202.8729331436552        2.53855437E-02   4.96064825E-03
   6204.4667097096562        2.12667026E-02   4.87859827E-03
   6206.0605106219045        2.00901069E-02   4.84255794E-03
   6207.6543357413047        1.96908098E-02   4.80382843E-03
   6209.2481849287624        2.11569387E-02   4.89288056E-03
   6210.8420580451830        2.38433294E-02   4.89261514E-03
   6212.4359549514702        2.04149801E-02   4.84208902E-03
   6214.0298755085278        1.62813123E-02   4.72100126E-03
   6215.6238195772639        2.33445056E-02   4.87561105E-03
   6217.2177870185797        1.79403666E-02   4.78577334E-03
   6218.8117776933832        2.13871002E-02   4.86369897E-03
   6220.4057914625773        1.81787405E-02   4.85385768E-03
   6221.9998281870667        1.68018099E-02   4.81646648E-03
   6223.5938877277576        2.48518381E-02   4.99562733E-03
   6225.1879699455540        2.14878675E-02   4.90255654E-03
   6226.7820747013602        2.48236302E-02   4.95640887E-03
   6228.3762018560819        2.59328783E-02   5.01484098E-03
   6229.9703512706228        1.55568402E-02   4.71598888E-03
   6231.5645228058893        2.24000290E-02   4.91530169E-03
   6233.1587163227850        2.06929203E-02   5.04914764E-03
   6234.7529316822156        2.37350650E-02   5.18636871E-03
   6236.3471687450856        3.20686623E-02   5.32991020E-03
   6237.9414273722996        1.94587167E-02   5.05691115E-03
   6239.5357074247622        1.45156775E-02   4.88269608E-03
   6241.1300087633790        2.32943259E-02   5.10627637E-03
   6242.7243312490536        2.47293748E-02   5.14421612E-03
   6244.3186747426926        1.39228469E-02   4.77776770E-03
   6245.9130391051995        1.97370071E-02   4.92446730E-03
   6247.5074241974789        2.69056428E-02   5.10059856E-03
   6249.1018298804356        2.21162848E-02   5.02559310E-03
   6250.6962560149759        2.05807500E-02   5.01997629E-03
   6252.2907024620035        2.80296896E-02   5.14136953E-03
   6253.8851690824249        2.11819671E-02   5.00843953E-03
   6255.4796557371410        2.40540076E-02   5.19399345E-03
   6257.0741622870601        3.50749679E-02   5.46408212E-03
   6258.6686885930858        1.14155980E-02   5.00203995E-03
   6260.2632345161228        1.42205711E-02   5.00986353E-03
   6261.8577999170775        2.00736113E-02   5.12346346E-03
   6263.4523846568527        2.41497941E-02   5.22118434E-03
   6265.0469885963539        2.30733920E-02   5.18992683E-03
   6266.6416115964857        2.52692867E-02   5.25041390E-03
   6268.2362535181537        2.68988013E-02   5.25757903E-03
   6269.8309142222615        1.72164515E-02   5.13310544E-03
   6271.4255935697147        2.22106222E-02   5.17439656E-03
   6273.0202914214196        3.04717943E-02   5.41017763E-03
   6274.6150076382783        2.12146472E-02   5.24438126E-03
   6276.2097420811970        2.07204688E-02   5.17904013E-03
   6277.8044946110795        2.32641809E-02   5.22119645E-03
   6279.3992650888331        2.67772693E-02   5.34234615E-03
   6280.9940533753588        2.48667616E-02   5.22998860E-03
   6282.5888593315658        1.93079486E-02   5.26761729E-03
   6284.1836828183568        3.41404341E-02   5.55231702E-03
   6285.7785236966356        2.66368333E-02   5.52431075E-03
   6287.3733818273067        3.41279656E-02   5.74304117E-03
   6288.9682570712775        1.95793565E-02   5.31687634E-03
   6290.5631492894518        1.46829290E-02   5.26548084E-03
