   3855.2264259688645        2.28045788E-02   5.72033832E-03
   3856.6164682076019        2.78944690E-02   5.73776383E-03
   3858.0067496946212        2.13015769E-02   5.37391426E-03
   3859.3972702908286        1.32212732E-02   4.97290213E-03
   3860.7880298571276        2.74235457E-02   5.57040842E-03
   3862.1790282544234        2.24841591E-02   5.56915952E-03
   3863.5702653436215        3.22378203E-02   5.90597373E-03
   3864.9617409856264        2.39614528E-02   5.79660386E-03
   3866.3534550413419        2.62612794E-02   5.61795058E-03
   3867.7454073716744        2.74991542E-02   5.73272351E-03
   3869.1375978375281        2.44913232E-02   5.41144004E-03
   3870.5300262998071        2.59758588E-02   5.35838725E-03
   3871.9226926194174        2.55181268E-02   5.19186212E-03
   3873.3155966572631        2.20906753E-02   5.27204387E-03
   3874.7087382742493        2.69315578E-02   5.61447628E-03
   3876.1021173312811        2.02050582E-02   5.27239777E-03
   3877.4957336892626        3.31641771E-02   5.70743484E-03
   3878.8895872090989        3.12088355E-02   5.53672947E-03
   3880.2836777516950        2.89120413E-02   5.32807643E-03
   3881.6780051779560        2.57600807E-02   5.20568760E-03
   3883.0725693487866        2.26813816E-02   5.10724913E-03
   3884.4673701250908        2.26270836E-02   5.16069727E-03
   3885.8624073677747        2.91160066E-02   5.36050322E-03
   3887.2576809377424        2.74467263E-02   5.11471694E-03
   3888.6531906958990        2.61209551E-02   4.96524246E-03
   3890.0489365031485        2.87592020E-02   5.19704213E-03
   3891.4449182203971        1.80206075E-02   5.02485270E-03
   3892.8411357085483        3.18543874E-02   5.52888820E-03
   3894.2375888285083        2.42584664E-02   5.30219497E-03
   3895.6342774411810        2.44841389E-02   5.23191271E-03
   3897.0312014074716        3.66907306E-02   5.56954835E-03
   3898.4283605882842        2.63428073E-02   5.32506732E-03
   3899.8257548445245        2.40952447E-02   5.31615457E-03
   3901.2233840370973        3.18675824E-02   5.40089281E-03
   3902.6212480269069        3.12716253E-02   5.32540400E-03
   3904.0193466748578        2.55480092E-02   5.03973616E-03
   3905.4176798418562        2.47054640E-02   5.01221512E-03
   3906.8162473888065        2.32643373E-02   5.04744239E-03
   3908.2150491766124        2.66058054E-02   5.15955780E-03
   3909.6140850661800        2.10199412E-02   5.15573472E-03
   3911.0133549184129        3.09084840E-02   5.45369089E-03
   3912.4128585942176        2.85653472E-02   5.35176042E-03
   3913.8125959544973        2.39172652E-02   5.23181353E-03
   3915.2125668601584        1.12589803E-02   4.82290052E-03
   3916.6127711721042        2.91042533E-02   5.22952853E-03
   3918.0132087512402        1.98978763E-02   4.88167349E-03
   3919.4138794584715        3.27353626E-02   5.12456894E-03
   3920.8147831547026        2.99866162E-02   4.93517797E-03
   3922.2159197008382        2.65133660E-02   4.80921986E-03
   3923.6172889577833        1.91072058E-02   4.55800025E-03
   3925.0188907864431        2.93888971E-02   4.80487803E-03
   3926.4207250477216        2.21689232E-02   4.52723121E-03
   3927.8227916025248        2.64067631E-02   4.48239129E-03
   3929.2250903117560        2.19204333E-02   4.09567915E-03
   3930.6276210363217        2.66753882E-02   4.01338702E-03
   3932.0303836371254        1.50987096E-02   3.54964007E-03
   3933.4333779750727        2.73247398E-02   3.78259667E-03
   3934.8366039110683        2.38313209E-02   3.69669544E-03
   3936.2400613060167        1.76235661E-02   3.49527155E-03
   3937.6437500208226        3.15106846E-02   4.18964075E-03
   3939.0476699163914        2.23067105E-02   4.11113398E-03
   3940.4518208536279        2.69410405E-02   4.43140790E-03
   3941.8562026934364        3.00784986E-02   4.58723446E-03
   3943.2608152967227        3.65837552E-02   4.82216850E-03
   3944.6656585243904        2.65561957E-02   4.58802283E-03
   3946.0707322373451        1.47979762E-02   4.35562013E-03
   3947.4760362964912        2.69482285E-02   4.72569233E-03
   3948.8815705627339        2.88246423E-02   4.86855255E-03
   3950.2873348969783        2.72110272E-02   4.81652888E-03
   3951.6933291601285        1.95484459E-02   4.62076301E-03
   3953.0995532130896        3.05678025E-02   4.99505363E-03
   3954.5060069167666        2.41226237E-02   4.79587121E-03
   3955.9126901320642        2.49120686E-02   4.76073101E-03
   3957.3196027198878        3.07537783E-02   4.88142716E-03
   3958.7267445411408        2.61857864E-02   4.75820387E-03
   3960.1341154567299        2.88188756E-02   4.63802367E-03
   3961.5417153275580        2.59931218E-02   4.46391664E-03
   3962.9495440145315        1.70271993E-02   4.02634311E-03
   3964.3576013785541        2.21188534E-02   3.95584060E-03
   3965.7658872805314        2.72175632E-02   4.09248378E-03
   3967.1744015813683        2.12451275E-02   3.67400190E-03
   3968.5831441419687        2.38963794E-02   3.59073235E-03
   3969.9921148232384        2.25999262E-02   3.60480486E-03
   3971.4013134860820        2.71845739E-02   3.89557844E-03
   3972.8107399914043        2.27549858E-02   3.93798947E-03
   3974.2203942001097        2.29198169E-02   4.12923656E-03
   3975.6302759731038        2.09304523E-02   4.25290642E-03
   3977.0403851712904        2.11806316E-02   4.44879429E-03
   3978.4507216555753        3.18475887E-02   4.86775115E-03
   3979.8612852868623        2.47277748E-02   4.76865377E-03
   3981.2720759260578        1.95538513E-02   4.67621163E-03
   3982.6830934340651        3.23711671E-02   4.92569571E-03
   3984.0943376717901        1.94644388E-02   4.55002813E-03
   3985.5058085001369        2.59002484E-02   4.69020149E-03
   3986.9175057800107        2.61845645E-02   4.82004322E-03
   3988.3294293723166        2.17078440E-02   4.64442698E-03
   3989.7415791379585        2.19911635E-02   4.68720775E-03
   3991.1539549378422        2.49957275E-02   4.77756327E-03
   3992.5665566328721        2.02447269E-02   4.63669514E-03
   3993.9793840839529        2.75631100E-02   4.87792678E-03
   3995.3924371519893        2.18819622E-02   4.68256930E-03
   3996.8057156978866        2.38103345E-02   4.66234703E-03
   3998.2192195825496        1.76925007E-02   4.54992661E-03
   3999.6329486668833        2.42744815E-02   4.71392786E-03
   4001.0469028117918        1.95882618E-02   4.70798090E-03
   4002.4610818781803        2.81752273E-02   4.85323695E-03
   4003.8754857269541        1.41794682E-02   4.46420815E-03
   4005.2901142190176        3.47536355E-02   4.93696425E-03
   4006.7049672152748        2.63101235E-02   4.64898860E-03
   4008.1200445766322        2.32170112E-02   4.67485283E-03
   4009.5353461639934        1.95291918E-02   4.61344235E-03
   4010.9508718382644        2.33727358E-02   4.77076229E-03
   4012.3666214603481        2.42998712E-02   4.81812190E-03
   4013.7825948911513        1.78366769E-02   4.67802072E-03
   4015.1987919915782        2.04739328E-02   4.72794240E-03
   4016.6152126225329        1.92800146E-02   4.69184481E-03
   4018.0318566449209        2.40165144E-02   4.77951393E-03
   4019.4487239196469        3.13764364E-02   4.98163467E-03
   4020.8658143076159        3.01599503E-02   4.89473762E-03
   4022.2831276697325        2.62151565E-02   4.79771988E-03
   4023.7006638669018        2.15867981E-02   4.70373407E-03
   4025.1184227600279        2.70154234E-02   4.80947224E-03
   4026.5364042100168        1.92712154E-02   4.64048656E-03
   4027.9546080777723        1.97666604E-02   4.66192793E-03
   4029.3730342242002        2.74612494E-02   4.86157881E-03
   4030.7916825102043        2.69025397E-02   4.71850531E-03
   4032.2105527966896        2.51671989E-02   4.50390158E-03
   4033.6296449445622        2.64703240E-02   4.57670912E-03
   4035.0489588147248        3.00611872E-02   4.74006683E-03
   4036.4684942680838        3.17122154E-02   4.90127876E-03
   4037.8882511655438        1.81308053E-02   4.65705618E-03
   4039.3082293680100        2.68557426E-02   4.86397045E-03
   4040.7284287363855        1.78442206E-02   4.60689096E-03
   4042.1488491315772        1.94712393E-02   4.56123846E-03
   4043.5694904144889        1.70872323E-02   4.45206743E-03
   4044.9903524460251        1.41341360E-02   4.23520990E-03
   4046.4114350870914        2.60302704E-02   4.45090700E-03
   4047.8327381985928        2.23858561E-02   4.40907106E-03
   4049.2542616414330        2.32564583E-02   4.61896788E-03
   4050.6760052765180        2.25312635E-02   4.65127965E-03
   4052.0979689647515        2.34739445E-02   4.67108749E-03
   4053.5201525670395        2.32125185E-02   4.59162798E-03
   4054.9425559442861        2.75792889E-02   4.66116145E-03
   4056.3651789573960        2.25290265E-02   4.47446760E-03
   4057.7880214672750        2.08263118E-02   4.44910070E-03
   4059.2110833348270        1.45329135E-02   4.37759236E-03
   4060.6343644209569        1.94938909E-02   4.40893648E-03
   4062.0578645865703        1.46628069E-02   4.27265279E-03
   4063.4815836925709        2.49163061E-02   4.48705256E-03
   4064.9055215998646        1.76988188E-02   4.21690382E-03
   4066.3296781693552        2.11414602E-02   4.33884934E-03
   4067.7540532619487        2.10059397E-02   4.47470229E-03
   4069.1786467385487        2.92815268E-02   4.62427596E-03
   4070.6034584600611        1.70927644E-02   4.37490037E-03
   4072.0284882873898        2.17204820E-02   4.49420977E-03
   4073.4537360814406        1.55929541E-02   4.22804290E-03
   4074.8792017031169        1.18428385E-02   4.18649707E-03
   4076.3048850133255        1.55647406E-02   4.29855846E-03
   4077.7307858729696        2.56627947E-02   4.44654375E-03
   4079.1569041429548        1.90883484E-02   4.31630062E-03
   4080.5832396841856        2.38281637E-02   4.49597463E-03
   4082.0097923575672        1.68874394E-02   4.44782479E-03
   4083.4365620240046        2.57757474E-02   4.62491205E-03
   4084.8635485444015        2.22533476E-02   4.46025468E-03
   4086.2907517796639        1.91826839E-02   4.41425852E-03
   4087.7181715906959        2.66489759E-02   4.66530863E-03
   4089.1458078384030        2.19323561E-02   4.60801320E-03
   4090.5736603836890        2.18649711E-02   4.58516972E-03
   4092.0017290874598        2.95381527E-02   4.74415906E-03
   4093.4300138106200        1.87767595E-02   4.44581406E-03
   4094.8585144140743        2.10594926E-02   4.44431324E-03
   4096.2872307587277        1.63227338E-02   4.21922188E-03
   4097.7161627054838        1.91227738E-02   4.25481563E-03
   4099.1453101152492        2.31316406E-02   4.26162966E-03
   4100.5746728489275        2.50462163E-02   4.18817997E-03
   4102.0042507674243        2.33052522E-02   4.07800544E-03
   4103.4340437316441        1.84503645E-02   3.94683285E-03
   4104.8640516024925        2.10704859E-02   4.19801148E-03
   4106.2942742408723        2.34149974E-02   4.31370037E-03
   4107.7247115076898        2.15209592E-02   4.37355321E-03
   4109.1553632638515        1.89542212E-02   4.32975916E-03
   4110.5862293702585        2.38830242E-02   4.43933997E-03
   4112.0173096878179        1.49230128E-02   4.24316432E-03
   4113.4486040774345        2.51045525E-02   4.55533667E-03
   4114.8801124000120        1.99225731E-02   4.43252828E-03
   4116.3118345164567        2.65767034E-02   4.60894126E-03
   4117.7437702876723        3.20174694E-02   4.67542047E-03
   4119.1759195745644        2.46527754E-02   4.47803456E-03
   4120.6082822380386        2.83495467E-02   4.55304328E-03
   4122.0408581389975        2.37281360E-02   4.42866748E-03
   4123.4736471383467        2.69864202E-02   4.59940359E-03
   4124.9066490969917        2.51021944E-02   4.49987873E-03
   4126.3398638758381        2.64739860E-02   4.50954819E-03
   4127.7732913357877        2.48491019E-02   4.44711139E-03
   4129.2069313377488        1.95808522E-02   4.37608687E-03
   4130.6407837426241        2.49304119E-02   4.42458829E-03
   4132.0748484113192        1.36435917E-02   4.01401427E-03
   4133.5091252047396        2.06445921E-02   4.23111534E-03
   4134.9436139837871        2.07347963E-02   4.28833673E-03
   4136.3783146093710        2.09732112E-02   4.38334327E-03
   4137.8132269423922        2.58196536E-02   4.55971155E-03
   4139.2483508437590        2.02203598E-02   4.50710347E-03
   4140.6836861743732        2.79525891E-02   4.56099771E-03
   4142.1192327951412        2.12221947E-02   4.31863684E-03
   4143.5549905669677        2.28092782E-02   4.28646896E-03
   4144.9909593507564        1.75402891E-02   4.10975050E-03
   4146.4271390074136        1.82053689E-02   4.19396348E-03
   4147.8635293978441        2.31990255E-02   4.34594601E-03
   4149.3001303829524        1.86584219E-02   4.25490737E-03
   4150.7369418236422        2.17022523E-02   4.34999680E-03
   4152.1739635808199        2.64011249E-02   4.41868976E-03
   4153.6111955153901        2.35622432E-02   4.25744895E-03
   4155.0486374882557        2.01485306E-02   4.25891997E-03
   4156.4862893603240        2.91125514E-02   4.35729837E-03
   4157.9241509924996        2.48555783E-02   4.31077741E-03
   4159.3622222456852        2.31208075E-02   4.35533607E-03
   4160.8005029807891        2.40107290E-02   4.39542253E-03
   4162.2389930587124        2.58635264E-02   4.49113129E-03
   4163.6776923403622        1.62169077E-02   4.29613050E-03
   4165.1166006866424        2.24221777E-02   4.39698109E-03
   4166.5557179584584        1.33633511E-02   4.12509218E-03
   4167.9950440167158        2.91322600E-02   4.50529717E-03
   4169.4345787223165        2.06225049E-02   4.31715138E-03
   4170.8743219361686        2.61780117E-02   4.38100006E-03
   4172.3142735191750        1.60575528E-02   4.12506051E-03
   4173.7544333322421        2.17327178E-02   4.19323333E-03
   4175.1948012362736        2.37602051E-02   4.22399957E-03
   4176.6353770921733        2.56580897E-02   4.30412497E-03
   4178.0761607608483        2.14892086E-02   4.22256300E-03
   4179.5171521032025        2.49984339E-02   4.33575641E-03
   4180.9583509801405        2.35885717E-02   4.29558102E-03
   4182.3997572525659        2.34092157E-02   4.23764298E-03
   4183.8413707813861        2.00827047E-02   4.15482139E-03
   4185.2831914275048        2.00051311E-02   4.14180197E-03
   4186.7252190518266        2.04896238E-02   4.13599703E-03
   4188.1674535152570        1.83426943E-02   4.05824883E-03
   4189.6098946786988        2.28604469E-02   4.16613556E-03
   4191.0525424030593        2.22710874E-02   4.22709854E-03
   4192.4953965492423        2.36150436E-02   4.33532614E-03
   4193.9384569781523        2.83262450E-02   4.43682633E-03
   4195.3817235506949        2.58924086E-02   4.29922901E-03
   4196.8251961277747        2.36303434E-02   4.17762203E-03
   4198.2688745702953        1.12779457E-02   3.81081575E-03
   4199.7127587391633        1.93132330E-02   4.01406270E-03
   4201.1568484952832        2.26058699E-02   4.07390110E-03
   4202.6011436995586        2.03426238E-02   4.11453750E-03
   4204.0456442128971        2.63073519E-02   4.20369674E-03
   4205.4903498962003        1.84834376E-02   4.12555784E-03
   4206.9352606103739        3.37814316E-02   4.52629430E-03
   4208.3803762163234        2.25257836E-02   4.23416728E-03
   4209.8256965749533        2.61573754E-02   4.34691273E-03
   4211.2712215471693        2.25143414E-02   4.26257448E-03
   4212.7169509938749        1.95287429E-02   4.24641743E-03
   4214.1628847759757        2.83780396E-02   4.31097206E-03
   4215.6090227543773        2.95334421E-02   4.33795387E-03
   4217.0553647899815        3.19645144E-02   4.35443223E-03
   4218.5019107436965        2.03581881E-02   4.14371723E-03
   4219.9486604764261        2.46800371E-02   4.29566298E-03
   4221.3956138490739        2.28113253E-02   4.28268779E-03
   4222.8427707225464        2.41935346E-02   4.30540461E-03
   4224.2901309577474        2.61535924E-02   4.16166009E-03
   4225.7376944155831        2.33170427E-02   3.89431114E-03
   4227.1854609569555        3.06533109E-02   4.00427962E-03
   4228.6334304427719        3.24870162E-02   4.14648047E-03
   4230.0816027339370        1.64470170E-02   3.94448731E-03
   4231.5299776913544        2.38984078E-02   4.21799067E-03
   4232.9785551759305        2.26692799E-02   4.17218450E-03
   4234.4273350485691        2.47719865E-02   4.18549404E-03
   4235.8763171701739        2.11625975E-02   4.01366316E-03
   4237.3255014016522        2.07101908E-02   4.01232205E-03
   4238.7748876039068        1.52074462E-02   3.87514685E-03
   4240.2244756378450        2.68781986E-02   4.19189828E-03
   4241.6742653643678        1.99324042E-02   4.03813738E-03
   4243.1242566443843        1.85632501E-02   4.00212780E-03
   4244.5744493387956        1.85389835E-02   4.03306913E-03
   4246.0248433085089        2.16389373E-02   4.09476785E-03
   4247.4754384144280        2.68968362E-02   4.14919015E-03
   4248.9262345174584        2.10151616E-02   3.97745892E-03
   4250.3772314785047        2.26307455E-02   3.97409173E-03
   4251.8284291584714        1.80798750E-02   3.91967734E-03
   4253.2798274182633        1.97851900E-02   3.89656518E-03
   4254.7314261187867        2.56905146E-02   4.08757711E-03
   4256.1832251209444        1.51813701E-02   3.84687539E-03
   4257.6352242856410        2.36686077E-02   4.03702306E-03
   4259.0874234737839        2.11067125E-02   3.93770821E-03
   4260.5398225462750        2.79612597E-02   4.04211786E-03
   4261.9924213640215        1.92563869E-02   3.83873843E-03
   4263.4452197879273        2.20038947E-02   4.01467225E-03
   4264.8982176788968        2.89871115E-02   4.20207856E-03
   4266.3514148978356        1.84673648E-02   4.00649523E-03
   4267.8048113056484        1.87785029E-02   4.00408544E-03
   4269.2584067632379        1.90575812E-02   3.84448748E-03
   4270.7122011315132        1.71967987E-02   3.75458295E-03
   4272.1661942713754        1.92358550E-02   3.73889087E-03
   4273.6203860437308        2.41247080E-02   3.79187125E-03
   4275.0747763094851        1.87931061E-02   3.73884523E-03
   4276.5293649295409        2.57780291E-02   4.04660869E-03
   4277.9841517648047        2.77015604E-02   4.09066025E-03
   4279.4391366761811        2.63885297E-02   4.08752915E-03
   4280.8943195245738        2.65317075E-02   4.04817658E-03
   4282.3497001708893        2.39961520E-02   3.96279013E-03
   4283.8052784760321        2.68941857E-02   4.05166391E-03
   4285.2610543009068        2.68482156E-02   4.04942222E-03
   4286.7170275064173        2.35217344E-02   3.92090902E-03
   4288.1731979534688        2.36990750E-02   3.86011205E-03
   4289.6295655029680        1.82695631E-02   3.70198651E-03
   4291.0861300158167        1.77064706E-02   3.73778678E-03
   4292.5428913529222        1.74649134E-02   3.71326599E-03
   4293.9998493751873        2.15655547E-02   3.85338580E-03
   4295.4570039435193        2.27041896E-02   3.87003156E-03
   4296.9143549188211        1.82004310E-02   3.70964454E-03
   4298.3719021619982        1.85730122E-02   3.53976991E-03
   4299.8296455339550        2.04260387E-02   3.55367409E-03
   4301.2875848955973        2.50339173E-02   3.56976828E-03
   4302.7457201078287        1.59619953E-02   3.39286984E-03
   4304.2040510315546        2.08059121E-02   3.55835725E-03
   4305.6625775276798        2.40999945E-02   3.62726115E-03
   4307.1212994571097        2.06321999E-02   3.47403833E-03
   4308.5802166807480        2.53547598E-02   3.54281883E-03
   4310.0393290595011        1.78723410E-02   3.35421506E-03
   4311.4986364542719        2.82684471E-02   3.69061506E-03
   4312.9581387259668        1.82750672E-02   3.56393890E-03
   4314.4178357354895        2.07536537E-02   3.81886377E-03
   4315.8777273437463        2.31849011E-02   4.02655080E-03
   4317.3378134116401        2.00044923E-02   4.00843658E-03
   4318.7980938000774        2.67302059E-02   4.21351381E-03
   4320.2585683699617        2.37079822E-02   4.12887940E-03
   4321.7192369821987        2.05433797E-02   3.98047362E-03
   4323.1800994976938        2.56202407E-02   3.95709509E-03
   4324.6411557773508        1.91747174E-02   3.62500129E-03
   4326.1024056820743        1.79090761E-02   3.58928950E-03
   4327.5638490727688        2.61632949E-02   3.91201302E-03
   4329.0254858103417        2.06939261E-02   3.89262801E-03
   4330.4873157556949        2.14524977E-02   4.01395513E-03
   4331.9493387697348        1.97253879E-02   3.98286758E-03
   4333.4115547133661        2.07890887E-02   3.97446938E-03
   4334.8739634474923        1.63528733E-02   3.84954247E-03
   4336.3365648330209        2.23762579E-02   3.96496570E-03
   4337.7993587308538        1.50425406E-02   3.63605912E-03
   4339.2623450018982        2.35480722E-02   3.64672509E-03
   4340.7255235070570        1.83052365E-02   3.46328900E-03
   4342.1888941072366        2.48007588E-02   3.67574650E-03
   4343.6524566633407        2.49657817E-02   3.78613663E-03
   4345.1162110362748        2.23476272E-02   3.88937839E-03
   4346.5801570869426        2.40226164E-02   3.94660141E-03
   4348.0442946762514        1.80813931E-02   3.92088573E-03
   4349.5086236651032        2.07801275E-02   3.91198741E-03
   4350.9731439144052        2.49780286E-02   3.96737596E-03
   4352.4378552850612        2.44626924E-02   3.86233046E-03
   4353.9027576379749        2.17979550E-02   3.82947084E-03
   4355.3678508340527        2.21698228E-02   3.87631427E-03
   4356.8331347341982        2.22398043E-02   3.87623021E-03
   4358.2986091993189        2.47036535E-02   3.96055309E-03
   4359.7642740903157        2.77694929E-02   4.02613590E-03
   4361.2301292680959        1.50463376E-02   3.75393941E-03
   4362.6961745935641        1.75719392E-02   3.86950071E-03
   4364.1624099276250        1.39018157E-02   3.83228785E-03
   4365.6288351311832        1.73964910E-02   3.83864110E-03
   4367.0954500651442        2.17999760E-02   3.91646614E-03
   4368.5622545904116        2.39831563E-02   3.91520746E-03
   4370.0292485678910        1.93947610E-02   3.84000246E-03
   4371.4964318584880        1.27875488E-02   3.69253499E-03
   4372.9638043231053        2.18784716E-02   3.80464853E-03
   4374.4313658226502        2.41537169E-02   3.82917398E-03
   4375.8991162180255        2.56620031E-02   3.85367591E-03
   4377.3670553701368        1.86469723E-02   3.73990182E-03
   4378.8351831398886        2.30594203E-02   3.89650487E-03
   4380.3034993881874        1.99051294E-02   3.83582572E-03
   4381.7720039759361        2.20130496E-02   3.78630590E-03
   4383.2406967640400        1.58120077E-02   3.43327550E-03
   4384.7095776134047        2.51980424E-02   3.65980109E-03
   4386.1786463849330        2.04349775E-02   3.58132063E-03
   4387.6479029395323        1.99572872E-02   3.67381005E-03
   4389.1173471381062        2.39562616E-02   3.80688999E-03
   4390.5869788415603        1.53930811E-02   3.61294579E-03
   4392.0567979107982        2.25932617E-02   3.84628703E-03
   4393.5268042067255        2.03263238E-02   3.75079247E-03
   4394.9969975902459        2.46817842E-02   3.87223880E-03
   4396.4673779222658        2.97958702E-02   4.00364771E-03
   4397.9379450636898        1.71942227E-02   3.77135305E-03
   4399.4086988754216        2.25600004E-02   3.85264843E-03
   4400.8796392183676        1.85701884E-02   3.72151029E-03
   4402.3507659534307        2.15617083E-02   3.74834938E-03
   4403.8220789415172        2.38493420E-02   3.78622906E-03
   4405.2935780435319        2.16119699E-02   3.69952782E-03
   4406.7652631203791        1.75054111E-02   3.62505438E-03
   4408.2371340329646        2.34184228E-02   3.82256275E-03
   4409.7091906421911        2.45522633E-02   3.91864730E-03
   4411.1814328089658        2.51926221E-02   3.99258267E-03
   4412.6538603941917        1.50768282E-02   3.78155010E-03
   4414.1264732587751        2.38590874E-02   3.93191772E-03
   4415.5992712636189        2.02711169E-02   3.81815527E-03
   4417.0722542696312        2.47101616E-02   3.86247272E-03
   4418.5454221377131        2.07365602E-02   3.83855030E-03
   4420.0187747287719        2.37883348E-02   3.98608157E-03
   4421.4923119037121        1.97947156E-02   3.89599078E-03
   4422.9660335234375        2.06618775E-02   3.90023319E-03
   4424.4399394488537        2.35789400E-02   3.94544238E-03
   4425.9140295408652        2.16462240E-02   3.86828789E-03
   4427.3883036603775        2.45466903E-02   3.95256607E-03
   4428.8627616682943        2.11041439E-02   3.89954681E-03
   4430.3374034255212        1.39444107E-02   3.73838749E-03
   4431.8122287929637        2.02383585E-02   3.83278844E-03
   4433.2872376315254        1.90185662E-02   3.79159069E-03
   4434.7624298021110        1.68114603E-02   3.67463543E-03
   4436.2378051656260        1.85149368E-02   3.79351946E-03
   4437.7133635829750        1.81866176E-02   3.78026487E-03
   4439.1891049150645        2.03615166E-02   3.90957855E-03
   4440.6650290227954        2.18685046E-02   3.91232921E-03
   4442.1411357670768        2.25000735E-02   3.87068558E-03
   4443.6174250088106        2.44569127E-02   3.89894494E-03
   4445.0938966089034        2.75877174E-02   4.00858512E-03
   4446.5705504282587        1.62201542E-02   3.82178091E-03
   4448.0473863277830        1.71200112E-02   3.83442943E-03
   4449.5244041683791        2.21214890E-02   3.94507125E-03
   4451.0016038109525        2.34932099E-02   3.98269715E-03
   4452.4789851164087        2.44509950E-02   3.97507334E-03
   4453.9565479456533        2.52970178E-02   3.93413380E-03
   4455.4342921595889        2.49572601E-02   3.85803520E-03
   4456.9122176191213        2.50784270E-02   3.78884748E-03
   4458.3903241851558        2.31689923E-02   3.79993883E-03
   4459.8686117185971        2.30342336E-02   3.78469029E-03
   4461.3470800803498        2.32750624E-02   3.82085261E-03
   4462.8257291313184        1.76071879E-02   3.72234941E-03
   4464.3045587324077        2.23548543E-02   3.87123483E-03
   4465.7835687445231        2.19614245E-02   3.87441693E-03
   4467.2627590285692        2.77117118E-02   4.01393324E-03
   4468.7421294454525        2.39532515E-02   3.90267931E-03
   4470.2216798560739        2.21827924E-02   3.85752227E-03
   4471.7014101213417        2.86708158E-02   4.05394472E-03
   4473.1813201021596        2.42336262E-02   4.04101051E-03
   4474.6614096594321        2.50601172E-02   4.05370491E-03
   4476.1416786540640        1.42206838E-02   3.84574779E-03
   4477.6221269469606        2.18032748E-02   4.00594808E-03
   4479.1027543990276        2.08796207E-02   3.92729789E-03
   4480.5835608711677        2.87400540E-02   3.99996294E-03
   4482.0645462242874        2.37505306E-02   3.88961541E-03
   4483.5457103192912        2.54448466E-02   3.94740701E-03
   4485.0270530170828        2.98897177E-02   4.10699425E-03
   4486.5085741785688        2.56677158E-02   4.04054159E-03
   4487.9902736646527        1.73348170E-02   3.84192588E-03
   4489.4721513362401        3.13941948E-02   4.05277731E-03
   4490.9542070542348        3.32600102E-02   4.13292926E-03
   4492.4364406795430        2.31510922E-02   3.92456306E-03
   4493.9188520730695        2.31831186E-02   3.97311710E-03
   4495.4014410957179        1.55282132E-02   3.73975816E-03
   4496.8842076083929        2.11079884E-02   3.86806927E-03
   4498.3671514720008        2.36492939E-02   3.98423476E-03
   4499.8502725474464        1.73571873E-02   3.82987922E-03
   4501.3335706956332        2.10148059E-02   3.96079477E-03
   4502.8170457774668        2.38859542E-02   4.02710633E-03
   4504.3006976538518        3.00295670E-02   4.16190783E-03
   4505.7845261856928        2.18387451E-02   4.04007826E-03
   4507.2685312338954        2.23250873E-02   4.00359230E-03
   4508.7527126593641        2.38564536E-02   4.08927863E-03
   4510.2370703230035        2.44897902E-02   4.06589406E-03
   4511.7216040857184        2.31797919E-02   4.03269101E-03
   4513.2063138084141        2.44324971E-02   3.98662966E-03
   4514.6911993519943        2.27365866E-02   3.96617223E-03
   4516.1762605773656        2.58534774E-02   4.02443437E-03
   4517.6614973454316        1.42691322E-02   3.79765080E-03
   4519.1469095170978        2.45418604E-02   3.98905156E-03
   4520.6324969532679        1.80305745E-02   3.85892647E-03
   4522.1182595148475        2.48284433E-02   4.01753793E-03
   4523.6041970627421        2.13353056E-02   3.93506838E-03
   4525.0903094578553        2.28454061E-02   3.96048278E-03
   4526.5765965610926        2.09130123E-02   3.73585266E-03
   4528.0630582333597        2.60319933E-02   3.85464705E-03
   4529.5496943355583        2.33283211E-02   3.82721168E-03
   4531.0365047285968        2.27163844E-02   3.82356835E-03
   4532.5234892733797        2.29798183E-02   3.82059114E-03
   4534.0106478308080        2.30142251E-02   3.86882387E-03
   4535.4979802617909        2.42595971E-02   3.92060541E-03
   4536.9854864272320        1.82691626E-02   3.74786044E-03
   4538.4731661880342        2.81981044E-02   4.04544221E-03
   4539.9610194051056        2.17508897E-02   3.96234076E-03
   4541.4490459393483        2.07002163E-02   3.86614352E-03
   4542.9372456516685        1.81821380E-02   3.83180100E-03
   4544.4256184029700        3.16176713E-02   4.09932015E-03
   4545.9141640541593        2.37743109E-02   3.92084988E-03
   4547.4028824661382        2.70532239E-02   3.93714616E-03
   4548.8917734998158        2.78330427E-02   3.93336592E-03
   4550.3808370160941        1.69323999E-02   3.77476215E-03
   4551.8700728758777        1.49201220E-02   3.70368711E-03
   4553.3594809400729        2.50899699E-02   3.88563029E-03
   4554.8490610695835        2.41607949E-02   3.88614298E-03
   4556.3388131253150        2.12711077E-02   3.84142366E-03
   4557.8287369681711        2.50682179E-02   3.90812941E-03
   4559.3188324590592        2.58227829E-02   4.03787987E-03
   4560.8090994588811        2.37482265E-02   3.96548584E-03
   4562.2995378285432        2.26508062E-02   3.98686761E-03
   4563.7901474289492        2.03760080E-02   3.86724086E-03
   4565.2809281210066        2.21990850E-02   3.86933237E-03
   4566.7718797656171        1.77229512E-02   3.78909707E-03
   4568.2630022236863        2.22735461E-02   3.90338968E-03
   4569.7542953561206        2.00830866E-02   3.83795751E-03
   4571.2457590238237        1.86008364E-02   3.81035055E-03
   4572.7373930877002        1.76901165E-02   3.79187381E-03
   4574.2291974086556        2.30696872E-02   3.89865157E-03
   4575.7211718475937        2.65353471E-02   4.00575716E-03
   4577.2133162654209        2.84555238E-02   4.03139507E-03
   4578.7056305230417        1.38785979E-02   3.73282121E-03
   4580.1981144813581        2.03182194E-02   3.77895543E-03
   4581.6907680012791        2.34806128E-02   3.78839043E-03
   4583.1835909437068        1.74534842E-02   3.69024160E-03
   4584.6765831695475        2.18219329E-02   3.80847859E-03
   4586.1697445397058        2.29880251E-02   3.78443603E-03
   4587.6630749150854        2.76031867E-02   3.94538464E-03
   4589.1565741565910        2.67714206E-02   3.92841455E-03
   4590.6502421251298        1.64651405E-02   3.69656063E-03
   4592.1440786816047        2.34684255E-02   3.86228599E-03
   4593.6380836869212        2.22486705E-02   3.76658631E-03
   4595.1322570019838        2.79553514E-02   3.86942364E-03
   4596.6265984876964        1.56857260E-02   3.64792487E-03
   4598.1211080049661        2.14489624E-02   3.78079433E-03
   4599.6157854146959        1.84820294E-02   3.69264465E-03
   4601.1106305777912        3.18814255E-02   3.97625146E-03
   4602.6056433551566        2.82401107E-02   3.89720756E-03
   4604.1008236076977        2.57182885E-02   3.80376470E-03
   4605.5961711963182        2.44797897E-02   3.84225184E-03
   4607.0916859819245        2.86454223E-02   3.94401839E-03
   4608.5873678254202        2.68582478E-02   3.89022916E-03
   4610.0832165877100        2.63606720E-02   3.93962488E-03
   4611.5792321296994        2.48321444E-02   3.87328328E-03
   4613.0754143122931        2.33162865E-02   3.79681843E-03
   4614.5717629963956        2.39563938E-02   3.83142731E-03
   4616.0682780429115        1.90980062E-02   3.78888240E-03
   4617.5649593127473        2.60498039E-02   3.84355662E-03
   4619.0618066668048        2.57589836E-02   3.84466955E-03
   4620.5588199659915        2.77669746E-02   3.88936908E-03
   4622.0559990712118        2.13711299E-02   3.75521206E-03
   4623.5533438433704        1.79106742E-02   3.72625026E-03
   4625.0508541433701        2.50294637E-02   3.87102249E-03
   4626.5485298321182        2.31500939E-02   3.78076406E-03
   4628.0463707705194        1.83776114E-02   3.73438443E-03
   4629.5443768194773        2.29842495E-02   3.85925127E-03
   4631.0425478398975        2.84358989E-02   3.91968014E-03
   4632.5408836926845        2.16121301E-02   3.74675798E-03
   4634.0393842387439        2.62797046E-02   3.89669114E-03
   4635.5380493389794        2.19381507E-02   3.77182243E-03
   4637.0368788542964        2.18121260E-02   3.74520640E-03
   4638.5358726455997        1.55642685E-02   3.60619090E-03
   4640.0350305737938        2.05759015E-02   3.73623823E-03
   4641.5343524997852        2.88991053E-02   3.85877071E-03
   4643.0338382844757        1.74441673E-02   3.65802040E-03
   4644.5334877887726        2.33021211E-02   3.79043212E-03
   4646.0333008735806        2.50777751E-02   3.74262407E-03
   4647.5332773998025        2.85993461E-02   3.79859237E-03
   4649.0334172283447        2.14713141E-02   3.67082050E-03
   4650.5337202201117        1.90161597E-02   3.66431777E-03
   4652.0341862360092        2.24522538E-02   3.75211518E-03
   4653.5348151369417        2.02760845E-02   3.71877593E-03
   4655.0356067838129        2.27627568E-02   3.74348136E-03
   4656.5365610375284        2.85043176E-02   3.81006813E-03
   4658.0376777589927        2.21902300E-02   3.72045953E-03
   4659.5389568091123        1.92095134E-02   3.71744903E-03
   4661.0403980487890        2.75369491E-02   3.87192960E-03
   4662.5420013389294        2.45614089E-02   3.79492226E-03
   4664.0437665404397        1.98549516E-02   3.67340143E-03
   4665.5456935142220        2.41788477E-02   3.71145550E-03
   4667.0477821211825        2.47014947E-02   3.67417349E-03
   4668.5500322222260        2.15788800E-02   3.57439090E-03
   4670.0524436782571        2.54362021E-02   3.72989662E-03
   4671.5550163501812        1.83094703E-02   3.59777804E-03
   4673.0577500989020        1.50389662E-02   3.59009090E-03
   4674.5606447853261        3.19502503E-02   3.93615384E-03
   4676.0637002703570        1.83906499E-02   3.64012807E-03
   4677.5669164148985        2.39535104E-02   3.78123461E-03
   4679.0702930798589        3.10018174E-02   3.90022527E-03
   4680.5738301261390        2.43551433E-02   3.67905782E-03
   4682.0775274146454        2.67828163E-02   3.78157897E-03
   4683.5813848062844        2.05242280E-02   3.67282913E-03
   4685.0854021619580        1.22133791E-02   3.51066515E-03
   4686.5895793425734        2.54424475E-02   3.79676092E-03
   4688.0939162090335        2.26314142E-02   3.72510357E-03
   4689.5984126222456        2.91668437E-02   3.84849077E-03
   4691.1030684431116        2.41953004E-02   3.76255764E-03
   4692.6078835325397        2.56970022E-02   3.80791514E-03
   4694.1128577514319        3.39253210E-02   3.96353239E-03
   4695.6179909606935        2.59977579E-02   3.80109227E-03
   4697.1232830212302        2.78925039E-02   3.86620336E-03
   4698.6287337939457        2.52554733E-02   3.75158130E-03
   4700.1343431397463        2.39206143E-02   3.69272497E-03
   4701.6401109195358        1.71942152E-02   3.55971768E-03
   4703.1460369942197        2.31671408E-02   3.66260600E-03
   4704.6521212247017        2.29501091E-02   3.66308587E-03
   4706.1583634718882        2.08621137E-02   3.64211784E-03
   4707.6647635966820        1.78912953E-02   3.58235464E-03
   4709.1713214599904        2.07091458E-02   3.63442278E-03
   4710.6780369227163        1.36985127E-02   3.53037682E-03
   4712.1849098457660        2.44097523E-02   3.75511753E-03
   4713.6919400900424        2.42398158E-02   3.74502363E-03
   4715.1991275164528        1.96773987E-02   3.60596250E-03
   4716.7064719859000        1.83121692E-02   3.64848925E-03
   4718.2139733592894        1.59330480E-02   3.64919333E-03
   4719.7216314975258        2.13300940E-02   3.72293452E-03
   4721.2294462615146        1.64424274E-02   3.68209393E-03
   4722.7374175121595        2.89495811E-02   3.92851559E-03
   4724.2455451103660        1.62801929E-02   3.68638383E-03
   4725.7538289170398        2.16393583E-02   3.75315337E-03
   4727.2622687930843        2.47216616E-02   3.78298690E-03
   4728.7708645994053        2.18305998E-02   3.67509527E-03
   4730.2796161969072        1.53151713E-02   3.51885497E-03
   4731.7885234464948        2.26266347E-02   3.65227484E-03
   4733.2975862090725        2.40265671E-02   3.76717281E-03
   4734.8068043455469        1.93685163E-02   3.62075469E-03
   4736.3161777168216        1.54691329E-02   3.58673604E-03
   4737.8257061838003        2.39095185E-02   3.77863622E-03
   4739.3353896073895        2.36990191E-02   3.75269959E-03
   4740.8452278484938        2.79867500E-02   3.87996831E-03
   4742.3552207680168        1.84096340E-02   3.67817073E-03
   4743.8653682268650        2.11194437E-02   3.72504978E-03
   4745.3756700859421        3.04303560E-02   3.92067246E-03
   4746.8861262061537        2.03747749E-02   3.72451358E-03
   4748.3967364484033        2.58032102E-02   3.84138781E-03
   4749.9075006735975        1.97278056E-02   3.71778011E-03
   4751.4184187426399        2.04321109E-02   3.67219280E-03
   4752.9294905164361        2.55918708E-02   3.78263742E-03
   4754.4407158558906        1.98934693E-02   3.66055733E-03
   4755.9520946219081        2.71127131E-02   3.79490759E-03
   4757.4636266753932        1.65209901E-02   3.56991147E-03
   4758.9753118772514        2.14463677E-02   3.72642139E-03
   4760.4871500883864        1.96841024E-02   3.66402883E-03
   4761.9991411697056        2.41812095E-02   3.75795411E-03
   4763.5112849821107        1.96754392E-02   3.61328223E-03
   4765.0235813865083        2.08248142E-02   3.65510979E-03
   4766.5360302438021        2.00198591E-02   3.60644376E-03
   4768.0486314148984        2.00872347E-02   3.64565384E-03
   4769.5613847607010        2.17265207E-02   3.73807224E-03
   4771.0742901421154        1.55674778E-02   3.57111357E-03
   4772.5873474200444        2.01401580E-02   3.69631988E-03
   4774.1005564553961        2.10036002E-02   3.70940054E-03
   4775.6139171090736        1.55566568E-02   3.62899574E-03
   4777.1274292419812        2.15703491E-02   3.74932913E-03
   4778.6410927150246        1.54810790E-02   3.63923539E-03
   4780.1549073891092        2.06078086E-02   3.73324752E-03
   4781.6688731251379        2.40316037E-02   3.80688533E-03
   4783.1829897840171        3.07473317E-02   3.88399442E-03
   4784.6972572266504        2.50195656E-02   3.78562091E-03
   4786.2116753139444        2.11130176E-02   3.69956205E-03
   4787.7262439068027        2.08187439E-02   3.64069664E-03
   4789.2409628661298        2.30908114E-02   3.75527493E-03
   4790.7558320528315        1.30664269E-02   3.50613589E-03
   4792.2708513278130        2.16431431E-02   3.75350448E-03
   4793.7860205519773        1.98207088E-02   3.74434702E-03
   4795.3013395862308        2.08634082E-02   3.75869870E-03
   4796.8168082914772        1.03950743E-02   3.53619806E-03
   4798.3324265286228        2.03651842E-02   3.72028840E-03
   4799.8481941585715        2.04883814E-02   3.73483566E-03
   4801.3641110422268        1.09781483E-02   3.50888260E-03
   4802.8801770404971        1.50553519E-02   3.58043658E-03
   4804.3963920142833        1.39004001E-02   3.56561458E-03
   4805.9127558244936        1.80246271E-02   3.64837633E-03
   4807.4292683320291        2.07713079E-02   3.69037548E-03
   4808.9459293977989        1.45608606E-02   3.55660194E-03
   4810.4627388827048        2.12429184E-02   3.69882165E-03
   4811.9796966476533        1.75491851E-02   3.65327368E-03
   4813.4968025535472        2.06433404E-02   3.71152861E-03
   4815.0140564612939        1.99284051E-02   3.70642147E-03
   4816.5314582317960        1.41507816E-02   3.57741141E-03
   4818.0490077259583        2.07609516E-02   3.72780417E-03
   4819.5667048046880        1.82902850E-02   3.67844431E-03
   4821.0845493288889        1.36376871E-02   3.58050107E-03
   4822.6025411594646        2.07553338E-02   3.71122453E-03
   4824.1206801573207        2.22801939E-02   3.74428555E-03
   4825.6389661833618        2.13570986E-02   3.73612903E-03
   4827.1573990984934        1.86614729E-02   3.66103882E-03
   4828.6759787636211        2.04362851E-02   3.70710273E-03
   4830.1947050396475        2.00343579E-02   3.69569310E-03
   4831.7135777874782        2.45430022E-02   3.79442517E-03
   4833.2325968680188        1.98183972E-02   3.70886712E-03
   4834.7517621421739        2.14243252E-02   3.64642288E-03
   4836.2710734708489        2.23819185E-02   3.72440694E-03
   4837.7905307149458        1.70829408E-02   3.63099272E-03
   4839.3101337353728        1.41300391E-02   3.53138056E-03
   4840.8298823930336        2.80699339E-02   3.79383401E-03
   4842.3497765488328        2.20393129E-02   3.69615643E-03
   4843.8698160636750        1.85060110E-02   3.60775087E-03
   4845.3900007984648        2.13250592E-02   3.64993862E-03
   4846.9103306141078        2.96695419E-02   3.84215708E-03
   4848.4308053715085        2.08241846E-02   3.65799293E-03
   4849.9514249315725        3.22593898E-02   3.84838763E-03
   4851.4721891552035        2.70922687E-02   3.78803769E-03
   4852.9930979033061        2.47835126E-02   3.69666796E-03
   4854.5141510367876        2.18366571E-02   3.59365996E-03
   4856.0353484165498        1.50354933E-02   3.41184204E-03
   4857.5566899034984        2.28518713E-02   3.47886793E-03
   4859.0781753585388        2.04798710E-02   3.39978468E-03
   4860.5998046425766        2.25708913E-02   3.32008628E-03
   4862.1215776165136        1.93489417E-02   3.26976646E-03
   4863.6434941412590        2.43325513E-02   3.41375452E-03
   4865.1655540777138        2.10734475E-02   3.46263242E-03
   4866.6877572867843        2.26219296E-02   3.57617904E-03
   4868.2101036293761        1.37397386E-02   3.39065515E-03
   4869.7325929663939        2.04226151E-02   3.52800917E-03
   4871.2552251587404        2.23479997E-02   3.54936533E-03
   4872.7780000673229        2.58850791E-02   3.60321393E-03
   4874.3009175530451        2.45852135E-02   3.60577251E-03
   4875.8239774768117        3.19279842E-02   3.80036142E-03
   4877.3471796995282        2.13686265E-02   3.59135773E-03
   4878.8705240820982        2.71548945E-02   3.77031043E-03
   4880.3940104854291        1.82179529E-02   3.56947025E-03
   4881.9176387704238        1.78808905E-02   3.54811270E-03
   4883.4414087979858        1.88255440E-02   3.54616949E-03
   4884.9653204290225        2.30453573E-02   3.64939054E-03
   4886.4893735244377        1.71732698E-02   3.46040749E-03
   4888.0135679451369        1.83325019E-02   3.45567940E-03
   4889.5379035520227        2.66292803E-02   3.62082408E-03
   4891.0623802060027        2.13686116E-02   3.47846607E-03
   4892.5869977679804        1.91360675E-02   3.52144381E-03
   4894.1117560988605        1.63324550E-02   3.47953173E-03
   4895.6366550595494        1.55966310E-02   3.55711230E-03
   4897.1616945109490        1.55907329E-02   3.59092513E-03
   4898.6868743139676        1.99477579E-02   3.66130820E-03
   4900.2121943295069        2.22495757E-02   3.67081002E-03
   4901.7376544184726        1.78114045E-02   3.60996090E-03
   4903.2632544417702        2.42173430E-02   3.62714170E-03
   4904.7889942603051        2.21944358E-02   3.63959069E-03
   4906.3148737349802        2.22910382E-02   3.67314368E-03
   4907.8408927267028        1.78353339E-02   3.57301184E-03
   4909.3670510963757        2.14886218E-02   3.57299554E-03
   4910.8933487049044        2.32622940E-02   3.59367975E-03
   4912.4197854131944        1.75814647E-02   3.47150513E-03
   4913.9463610821485        1.86482295E-02   3.55842151E-03
   4915.4730755726741        2.43815240E-02   3.68413632E-03
   4916.9999287456749        2.45163552E-02   3.66900070E-03
   4918.5269204620554        1.55973919E-02   3.36327776E-03
   4920.0540505827203        2.14916337E-02   3.43120145E-03
   4921.5813189685750        1.47804590E-02   3.30112758E-03
   4923.1087254805243        1.92160439E-02   3.45005537E-03
   4924.6362699794736        1.87371485E-02   3.50201456E-03
   4926.1639523263257        2.07954235E-02   3.55559145E-03
   4927.6917723819879        1.98815353E-02   3.57085164E-03
   4929.2197300073640        1.65987201E-02   3.52963572E-03
   4930.7478250633576        2.10748427E-02   3.63210402E-03
   4932.2760574108752        2.82403734E-02   3.74617940E-03
   4933.8044269108213        2.12372802E-02   3.60370404E-03
   4935.3329334241007        2.22668238E-02   3.62449675E-03
   4936.8615768116179        2.06927694E-02   3.55556095E-03
   4938.3903569342774        2.38983314E-02   3.57284606E-03
   4939.9192736529858        1.69505477E-02   3.42236669E-03
   4941.4483268286449        2.40028482E-02   3.61566222E-03
   4942.9775163221630        1.91780478E-02   3.58167733E-03
   4944.5068419944419        1.67476200E-02   3.53397592E-03
   4946.0363037063889        2.19466332E-02   3.60468589E-03
   4947.5659013189061        2.21333709E-02   3.62960319E-03
   4949.0956346929006        1.46930302E-02   3.46544990E-03
   4950.6255036892762        1.31479707E-02   3.47022689E-03
   4952.1555081689394        2.07983777E-02   3.61065846E-03
   4953.6856479927928        2.41036341E-02   3.66910174E-03
   4955.2159230217421        2.06824988E-02   3.55658517E-03
   4956.7463331166919        1.53555237E-02   3.37379100E-03
   4958.2768781385485        1.59673616E-02   3.35235684E-03
   4959.8075579482138        1.55687314E-02   3.41353030E-03
   4961.3383724065952        2.24690754E-02   3.61644663E-03
   4962.8693213745964        2.04664245E-02   3.62238474E-03
   4964.4004047131230        2.70975735E-02   3.69932433E-03
   4965.9316222830794        2.05306616E-02   3.57157667E-03
   4967.4629739453703        1.85846370E-02   3.52108805E-03
   4968.9944595609004        2.75956299E-02   3.70426872E-03
   4970.5260789905751        1.56888347E-02   3.49974958E-03
   4972.0578320952982        1.40767423E-02   3.44862184E-03
   4973.5897187359751        2.51167864E-02   3.65043757E-03
   4975.1217387735114        2.46853121E-02   3.68275493E-03
   4976.6538920688108        2.58184206E-02   3.72137455E-03
   4978.1861784827788        1.80064738E-02   3.52617633E-03
   4979.7185978763200        1.94085035E-02   3.50604695E-03
   4981.2511501103399        1.35625079E-02   3.32596293E-03
   4982.7838350457423        2.07244530E-02   3.44412820E-03
   4984.3166525434317        1.72841270E-02   3.35246371E-03
   4985.8496024643146        1.48785589E-02   3.37084895E-03
   4987.3826846692937        2.34552585E-02   3.57653480E-03
   4988.9158990192764        1.68864224E-02   3.51550430E-03
   4990.4492453751645        2.01531127E-02   3.58249783E-03
   4991.9827235978655        2.69968770E-02   3.66546959E-03
   4993.5163335482830        2.14913804E-02   3.55574233E-03
   4995.0500750873225        2.41407026E-02   3.62621108E-03
   4996.5839480758877        2.28796843E-02   3.62472981E-03
   4998.1179523748842        1.91414151E-02   3.53334332E-03
   4999.6520878452166        1.38926860E-02   3.45313083E-03
   5001.1863543477912        2.32485887E-02   3.57924472E-03
   5002.7207517435099        2.50394046E-02   3.56582575E-03
   5004.2552798932793        2.08049603E-02   3.47071863E-03
   5005.7899386580048        1.98392048E-02   3.46232555E-03
   5007.3247278985900        2.09987182E-02   3.46817845E-03
   5008.8596474759388        1.64543707E-02   3.41423322E-03
   5010.3946972509602        1.93005297E-02   3.55360634E-03
   5011.9298770845544        1.95245426E-02   3.44671286E-03
   5013.4651868376286        2.21537668E-02   3.52350506E-03
   5015.0006263710875        1.78878754E-02   3.38604418E-03
   5016.5361955458347        2.27450673E-02   3.48890666E-03
   5018.0718942227768        2.32982952E-02   3.54222837E-03
   5019.6077222628173        2.32991464E-02   3.52088688E-03
   5021.1436795268619        1.99752618E-02   3.51354689E-03
   5022.6797658758142        2.01953519E-02   3.51411034E-03
   5024.2159811705797        3.12507302E-02   3.73119512E-03
   5025.7523252720639        3.08024008E-02   3.74783063E-03
   5027.2887980411715        2.34137941E-02   3.57706239E-03
   5028.8253993388062        2.47269738E-02   3.64311715E-03
   5030.3621290258734        2.93250512E-02   3.73391388E-03
   5031.8989869632778        3.15739736E-02   3.83356027E-03
   5033.4359730119259        2.47591883E-02   3.68159241E-03
   5034.9730870327203        2.39012372E-02   3.60102975E-03
   5036.5103288865675        2.26728059E-02   3.60381999E-03
   5038.0476984343695        2.13952903E-02   3.51408566E-03
   5039.5851955370354        2.58274619E-02   3.54962470E-03
   5041.1228200554660        2.07682922E-02   3.44208605E-03
   5042.6605718505689        2.51585674E-02   3.59086390E-03
   5044.1984507832467        1.93937644E-02   3.51474434E-03
   5045.7364567144068        2.16400325E-02   3.60902515E-03
   5047.2745895049520        1.72753986E-02   3.50743998E-03
   5048.8128490157878        2.28950754E-02   3.63447587E-03
   5050.3512351078198        2.35427842E-02   3.61534883E-03
   5051.8897476419515        1.75175667E-02   3.46271438E-03
   5053.4283864790887        2.12608296E-02   3.60216480E-03
   5054.9671514801339        2.80806255E-02   3.74879898E-03
   5056.5060425059955        2.48511862E-02   3.73704964E-03
   5058.0450594175772        1.65090989E-02   3.54917394E-03
   5059.5842020757827        2.26814579E-02   3.69107747E-03
   5061.1234703415175        2.15510670E-02   3.69480136E-03
   5062.6628640756862        1.74309090E-02   3.57714645E-03
   5064.2023831391944        2.32253075E-02   3.69727472E-03
   5065.7420273929456        1.73134450E-02   3.50599270E-03
   5067.2817966978455        3.21521573E-02   3.84056475E-03
   5068.8216909147986        2.50441693E-02   3.67272855E-03
   5070.3617099047096        2.75147110E-02   3.73804476E-03
   5071.9018535284849        2.11663060E-02   3.59929213E-03
   5073.4421216470273        1.91951599E-02   3.56167182E-03
   5074.9825141212432        1.72617193E-02   3.54085187E-03
   5076.5230308120363        2.54110899E-02   3.73107824E-03
   5078.0636715803121        1.55615648E-02   3.45354574E-03
   5079.6044362869743        2.00730506E-02   3.51045257E-03
   5081.1453247929285        1.74286496E-02   3.45575903E-03
   5082.6863369590801        2.22607721E-02   3.55802220E-03
   5084.2274726463338        1.77911427E-02   3.54598253E-03
   5085.7687317155942        2.08653118E-02   3.59810260E-03
   5087.3101140277640        2.09509954E-02   3.61637096E-03
   5088.8516194437516        2.36930102E-02   3.72317643E-03
   5090.3932478244596        2.03920882E-02   3.65198846E-03
   5091.9349990307937        1.54623976E-02   3.56177450E-03
   5093.4768729236594        2.01032963E-02   3.64627573E-03
   5095.0188693639593        2.16750037E-02   3.65436357E-03
   5096.5609882126009        1.48032382E-02   3.47590959E-03
   5098.1032293304861        2.78068781E-02   3.74532165E-03
   5099.6455925785231        2.24545430E-02   3.61750321E-03
   5101.1880778176137        2.59614363E-02   3.70908855E-03
   5102.7306849086644        2.20583957E-02   3.69861210E-03
   5104.2734137125799        2.51637809E-02   3.70562170E-03
   5105.8162640902638        2.66198553E-02   3.73358093E-03
   5107.3592359026225        1.87407229E-02   3.52952932E-03
   5108.9023290105597        1.86577793E-02   3.52512882E-03
   5110.4455432749819        2.37696748E-02   3.63205047E-03
   5111.9888785567919        2.42628139E-02   3.67782591E-03
   5113.5323347168951        2.10571140E-02   3.66449007E-03
   5115.0759116161971        1.83191914E-02   3.62376962E-03
   5116.6196091156025        1.98666640E-02   3.59896640E-03
   5118.1634270760160        2.37277746E-02   3.74618219E-03
   5119.7073653583420        2.05240138E-02   3.64943501E-03
   5121.2514238234853        1.84717327E-02   3.57109937E-03
   5122.7956023323522        2.11061221E-02   3.56627000E-03
   5124.3399007458447        2.18190756E-02   3.62278870E-03
   5125.8843189248701        2.09596027E-02   3.57576646E-03
   5127.4288567303329        2.05918904E-02   3.62600060E-03
   5128.9735140231378        1.94018371E-02   3.48103186E-03
   5130.5182906641885        2.15291753E-02   3.62933218E-03
   5132.0631865143905        1.69833899E-02   3.51613783E-03
   5133.6082014346493        2.40205936E-02   3.66852432E-03
   5135.1533352858696        2.55232714E-02   3.72770522E-03
   5136.6985879289550        1.75352059E-02   3.55321285E-03
   5138.2439592248111        1.98291037E-02   3.55033181E-03
   5139.7894490343442        2.41735503E-02   3.63327470E-03
   5141.3350572184572        2.57224105E-02   3.70343565E-03
   5142.8807836380556        2.53425911E-02   3.67382099E-03
   5144.4266281540422        2.17833389E-02   3.59881157E-03
   5145.9725906273261        2.72176620E-02   3.73075414E-03
   5147.5186709188083        1.77087896E-02   3.54278227E-03
   5149.0648688893962        1.50107071E-02   3.47891822E-03
   5150.6111843999934        2.14342624E-02   3.59317195E-03
   5152.1576173115045        2.55828220E-02   3.74198239E-03
   5153.7041674848351        2.22381689E-02   3.63186863E-03
   5155.2508347808889        2.35905237E-02   3.68165877E-03
   5156.7976190605714        2.47624982E-02   3.73711507E-03
   5158.3445201847881        2.39676870E-02   3.71828722E-03
   5159.8915380144435        2.03969646E-02   3.63861118E-03
   5161.4386724104415        2.20374279E-02   3.65980412E-03
   5162.9859232336885        2.74497271E-02   3.75604443E-03
   5164.5332903450872        1.67744476E-02   3.44418059E-03
   5166.0807736055440        2.30569243E-02   3.48878605E-03
   5167.6283728759645        2.24080496E-02   3.41455941E-03
   5169.1760880172515        2.59870272E-02   3.50753707E-03
   5170.7239188903104        2.36799214E-02   3.42949666E-03
   5172.2718653560460        2.42813081E-02   3.44641670E-03
   5173.8199272753645        2.24045552E-02   3.47404182E-03
   5175.3681045091698        2.18983050E-02   3.50374146E-03
   5176.9163969183655        2.74195541E-02   3.74449743E-03
   5178.4648043638590        2.73150522E-02   3.79813369E-03
   5180.0133267065530        1.86414998E-02   3.62881483E-03
   5181.5619638073531        1.82945132E-02   3.45570967E-03
   5183.1107155271648        2.30639018E-02   3.43163405E-03
   5184.6595817268908        2.35108696E-02   3.39859421E-03
   5186.2085622674385        2.00908370E-02   3.44801322E-03
   5187.7576570097108        2.56139655E-02   3.73590877E-03
   5189.3068658146140        2.31009778E-02   3.68183083E-03
   5190.8561885430527        2.48347241E-02   3.68172117E-03
   5192.4056250559297        2.21934784E-02   3.62641690E-03
   5193.9551752141524        2.43798364E-02   3.60166864E-03
   5195.5048388786245        2.02575289E-02   3.63653828E-03
   5197.0546159102505        1.82663668E-02   3.65781412E-03
   5198.6045061699360        2.37721466E-02   3.83455632E-03
   5200.1545095185857        1.55156320E-02   3.75728798E-03
   5201.7046258171049        2.41970364E-02   3.80873075E-03
   5203.2548549263965        1.90485809E-02   3.61605408E-03
   5204.8051967073670        2.08303630E-02   3.60097922E-03
   5206.3556510209219        1.81484949E-02   3.53012979E-03
   5207.9062177279638        2.13797055E-02   3.55802733E-03
   5209.4568966893994        1.60120409E-02   3.49061377E-03
   5211.0076877661313        2.13920102E-02   3.68142617E-03
   5212.5585908190678        2.38933135E-02   3.76976677E-03
   5214.1096057091108        1.82283465E-02   3.59281478E-03
   5215.6607322971668        2.25654989E-02   3.69695434E-03
   5217.2119704441393        2.16995310E-02   3.61285242E-03
   5218.7633200109340        2.01310311E-02   3.61478655E-03
   5220.3147808584554        2.55351178E-02   3.78312799E-03
   5221.8663528476091        1.70528740E-02   3.56805860E-03
   5223.4180358392996        2.25520153E-02   3.72968870E-03
   5224.9698296944298        1.82811599E-02   3.54202092E-03
   5226.5217342739070        2.00931504E-02   3.54029401E-03
   5228.0737494386349        2.45703608E-02   3.64752696E-03
   5229.6258750495190        1.93640254E-02   3.57163372E-03
   5231.1781109674639        2.17329357E-02   3.63318366E-03
   5232.7304570533743        2.46706437E-02   3.66064301E-03
   5234.2829131681538        1.72423013E-02   3.52757634E-03
   5235.8354791727106        2.52123326E-02   3.73887038E-03
   5237.3881549279458        2.46562604E-02   3.77136329E-03
   5238.9409402947658        2.30054706E-02   3.75742163E-03
   5240.4938351340761        2.61022206E-02   3.79701937E-03
   5242.0468393067813        1.44450646E-02   3.56458058E-03
   5243.5999526737833        1.70853157E-02   3.63667333E-03
   5245.1531750959921        1.76567417E-02   3.63368774E-03
   5246.7065064343078        2.20991094E-02   3.71505157E-03
   5248.2599465496387        2.28040740E-02   3.73778329E-03
   5249.8134953028875        1.72754340E-02   3.60455667E-03
   5251.3671525549607        2.01829150E-02   3.68072046E-03
   5252.9209181667620        1.87804010E-02   3.63642350E-03
   5254.4747919991951        1.79059263E-02   3.63256806E-03
   5256.0287739131672        2.19850391E-02   3.72641231E-03
   5257.5828637695822        1.71483699E-02   3.68247600E-03
   5259.1370614293446        2.31654234E-02   3.77055770E-03
   5260.6913667533599        2.45341677E-02   3.77032207E-03
   5262.2457796025310        2.44993120E-02   3.69703677E-03
   5263.8002998377651        2.47765258E-02   3.62364063E-03
   5265.3549273199660        2.15163883E-02   3.57073848E-03
   5266.9096619100383        2.05259528E-02   3.51272128E-03
   5268.4645034688883        2.01419927E-02   3.47641343E-03
   5270.0194518574181        2.03848071E-02   3.55147873E-03
   5271.5745069365348        2.17243154E-02   3.58294277E-03
   5273.1296685671441        1.90042499E-02   3.60490987E-03
   5274.6849366101487        2.16627028E-02   3.67095927E-03
   5276.2403109264524        1.71809737E-02   3.60683608E-03
   5277.7957913769624        1.42737962E-02   3.55335558E-03
   5279.3513778225833        1.93438400E-02   3.66467750E-03
   5280.9070701242190        2.43324079E-02   3.78773245E-03
   5282.4628681427748        2.07186211E-02   3.70438723E-03
   5284.0187717391564        2.24466808E-02   3.71552398E-03
   5285.5747807742664        2.03370918E-02   3.67914652E-03
   5287.1308951090114        2.19144281E-02   3.78415151E-03
   5288.6871146042959        2.40522586E-02   3.84389912E-03
   5290.2434391210245        2.38068365E-02   3.81802209E-03
   5291.7998685201019        1.45862736E-02   3.64576094E-03
   5293.3564026624344        2.80302241E-02   3.89867462E-03
   5294.9130414089241        2.21993662E-02   3.82162002E-03
   5296.4697846204781        1.78552140E-02   3.64037789E-03
   5298.0266321580002        2.63502859E-02   3.82873043E-03
   5299.5835838823959        1.97154544E-02   3.60638788E-03
   5301.1406396545690        2.29814555E-02   3.77368229E-03
   5302.6977993354249        2.05804799E-02   3.77668347E-03
   5304.2550627858691        2.42632534E-02   3.81239876E-03
   5305.8124298668054        1.50326677E-02   3.67352972E-03
   5307.3699004391401        1.82864983E-02   3.68970307E-03
   5308.9274743637761        2.84392647E-02   3.93460551E-03
   5310.4851515016189        2.17897333E-02   3.87132936E-03
   5312.0429317135740        2.20676102E-02   3.89739638E-03
   5313.6008148605451        1.78254601E-02   3.73583054E-03
   5315.1588008034387        2.09084544E-02   3.76518234E-03
   5316.7168894031583        1.90481376E-02   3.71226948E-03
   5318.2750805206088        1.56296734E-02   3.63445794E-03
   5319.8333740166954        1.68503765E-02   3.69297084E-03
   5321.3917697523220        1.64942406E-02   3.69276479E-03
   5322.9502675883959        1.74193513E-02   3.65537242E-03
   5324.5088673858190        1.66297220E-02   3.69774387E-03
   5326.0675690054977        2.55757961E-02   3.81959882E-03
   5327.6263723083366        2.47530825E-02   3.75852827E-03
   5329.1852771552412        1.11899674E-02   3.40857822E-03
   5330.7442834071153        1.72794480E-02   3.65956291E-03
   5332.3033909248634        2.00375300E-02   3.76583822E-03
   5333.8625995693919        2.02960353E-02   3.79570271E-03
   5335.4219092016037        2.06318721E-02   3.76340398E-03
   5336.9813196824043        1.67479217E-02   3.71870794E-03
   5338.5408308727001        1.51105095E-02   3.65039823E-03
   5340.1004426333948        1.55985523E-02   3.64279142E-03
   5341.6601548253921        2.03733388E-02   3.69554013E-03
   5343.2199673095984        2.48327143E-02   3.83419311E-03
   5344.7798799469183        1.51076335E-02   3.65431048E-03
   5346.3398925982556        2.06774585E-02   3.78365419E-03
   5347.9000051245166        2.05984563E-02   3.76265799E-03
   5349.4602173866042        2.34980565E-02   3.82061186E-03
   5351.0205292454257        1.80594604E-02   3.73395742E-03
   5352.5809405618838        1.59136318E-02   3.72677576E-03
   5354.1414511968851        1.83456764E-02   3.78095778E-03
   5355.7020610113332        2.00836565E-02   3.83563899E-03
   5357.2627698661327        1.46297263E-02   3.72844469E-03
   5358.8235776221891        2.48304680E-02   3.95377586E-03
   5360.3844841404070        2.00983435E-02   3.78597993E-03
   5361.9454892816912        1.87475067E-02   3.77690792E-03
   5363.5065929069478        1.00359404E-02   3.54255224E-03
   5365.0677948770799        2.07112115E-02   3.74319660E-03
   5366.6290950529929        1.96074378E-02   3.72804259E-03
   5368.1904932955913        2.78306548E-02   3.92128248E-03
   5369.7519894657808        2.62882952E-02   3.86033999E-03
   5371.3135834244658        1.98796708E-02   3.67778912E-03
   5372.8752750325502        2.51529459E-02   3.84297944E-03
   5374.4370641509404        2.42193639E-02   3.86468996E-03
   5375.9989506405391        1.62915941E-02   3.68714076E-03
   5377.5609343622546        2.16521733E-02   3.87107278E-03
   5379.1230151769887        1.85710527E-02   3.79445567E-03
   5380.6851929456470        2.05597449E-02   3.83793213E-03
   5382.2474675291351        2.08736993E-02   3.79881891E-03
   5383.8098387883574        1.91079117E-02   3.77655798E-03
   5385.3723065842178        2.97794621E-02   4.01978847E-03
   5386.9348707776226        1.65276732E-02   3.72195221E-03
   5388.4975312294746        2.17331070E-02   3.80130042E-03
   5390.0602878006821        2.72207242E-02   3.97934765E-03
   5391.6231403521460        2.53949109E-02   3.89192929E-03
   5393.1860887447738        2.07973011E-02   3.75911221E-03
   5394.7491328394690        2.69378982E-02   3.96291865E-03
   5396.3122724971372        2.02897247E-02   3.71721527E-03
   5397.8755075786839        1.67175978E-02   3.65166063E-03
   5399.4388379450120        1.96451079E-02   3.73468222E-03
   5401.0022634570269        2.00090408E-02   3.77248670E-03
   5402.5657839756350        2.48129833E-02   3.86960828E-03
   5404.1293993617392        2.35625152E-02   3.79170780E-03
   5405.6931094762449        2.07294058E-02   3.72385350E-03
   5407.2569141800577        2.54322328E-02   3.84296454E-03
   5408.8208133340813        2.06435379E-02   3.73801449E-03
   5410.3848067992212        1.51128853E-02   3.63186700E-03
   5411.9488944363820        1.83456782E-02   3.75016057E-03
   5413.5130761064693        1.86318252E-02   3.76993115E-03
   5415.0773516703866        1.95818376E-02   3.76727106E-03
   5416.6417209890396        2.49952525E-02   3.90029931E-03
   5418.2061839233338        1.58427767E-02   3.71896266E-03
   5419.7707403341710        2.21872386E-02   3.87070840E-03
   5421.3353900824604        2.23685522E-02   3.88110825E-03
   5422.9001330291030        1.75803695E-02   3.74389021E-03
   5424.4649690350070        2.06920095E-02   3.79736745E-03
   5426.0298979610743        1.44428769E-02   3.62924789E-03
   5427.5949196682113        2.04904974E-02   3.81755969E-03
   5429.1600340173227        2.58670803E-02   3.92171368E-03
   5430.7252408693121        1.37867276E-02   3.62443691E-03
   5432.2905400850868        1.75448023E-02   3.70697048E-03
   5433.8559315255488        1.20929712E-02   3.57571268E-03
   5435.4214150516045        1.97211709E-02   3.76327382E-03
   5436.9869905241594        1.91970039E-02   3.79644381E-03
   5438.5526578041172        2.19254978E-02   3.89145920E-03
   5440.1184167523825        1.84281003E-02   3.85630573E-03
   5441.6842672298608        1.58682913E-02   3.77794355E-03
   5443.2502090974558        1.83836669E-02   3.78003647E-03
   5444.8162422160740        1.83279999E-02   3.77366552E-03
   5446.3823664466199        2.80111413E-02   3.95452138E-03
   5447.9485816499973        1.79360677E-02   3.75735783E-03
   5449.5148876871126        1.87135283E-02   3.82088521E-03
   5451.0812844188686        1.69749856E-02   3.81152984E-03
   5452.6477717061716        2.13892795E-02   3.92944412E-03
   5454.2143494099264        1.62231140E-02   3.74161429E-03
   5455.7810173910375        2.49386337E-02   3.88599583E-03
   5457.3477755104095        1.54632283E-02   3.71024129E-03
   5458.9146236289471        1.61264353E-02   3.81362275E-03
   5460.4815616075557        1.59457829E-02   3.76996910E-03
   5462.0485893071400        1.47342728E-02   3.75629752E-03
   5463.6157065886046        2.06467994E-02   3.81886074E-03
   5465.1829133128540        1.59261413E-02   3.72556434E-03
   5466.7502093407948        1.34161999E-02   3.69599601E-03
   5468.3175945333296        1.86966080E-02   3.84923141E-03
   5469.8850687513641        1.66128613E-02   3.78838857E-03
   5471.4526318558028        2.37379503E-02   3.94127471E-03
   5473.0202837075522        1.07336380E-02   3.62435915E-03
   5474.5880241675159        1.56564247E-02   3.71331605E-03
   5476.1558530965976        1.84154846E-02   3.74950655E-03
   5477.7237703557030        1.75120644E-02   3.75155639E-03
   5479.2917758057383        1.96563266E-02   3.79743101E-03
   5480.8598693076065        1.60007477E-02   3.74697591E-03
   5482.4280507222129        2.89997719E-02   4.04194649E-03
   5483.9963199104632        1.91355720E-02   3.84693663E-03
   5485.5646767332610        1.99875236E-02   3.88824730E-03
   5487.1331210515118        2.35666130E-02   3.91709059E-03
   5488.7016527261203        2.53806598E-02   3.96363763E-03
   5490.2702716179920        7.72994151E-03   3.56447115E-03
   5491.8389775880305        1.90725736E-02   3.87980719E-03
   5493.4077704971405        1.99912861E-02   3.86237027E-03
   5494.9766502062294        1.57225821E-02   3.78668797E-03
   5496.5456165761989        1.41763212E-02   3.72820278E-03
   5498.1146694679546        2.03625225E-02   3.88278766E-03
   5499.6838087424030        1.93754192E-02   3.85344145E-03
   5501.2530342604468        1.63455680E-02   3.78356874E-03
   5502.8223458829934        1.90228466E-02   3.84797109E-03
   5504.3917434709447        1.80096719E-02   3.81249120E-03
   5505.9612268852070        1.82048418E-02   3.85424029E-03
   5507.5307959866850        1.24590993E-02   3.67042329E-03
   5509.1004506362842        2.70488020E-02   4.04752279E-03
   5510.6701906949074        2.67995577E-02   4.04071156E-03
   5512.2400160234620        1.73683278E-02   3.80411348E-03
   5513.8099264828506        2.03198623E-02   3.82653181E-03
   5515.3799219339799        2.50806790E-02   3.97925219E-03
   5516.9500022377542        1.81257557E-02   3.84305161E-03
   5518.5201672550775        1.77059658E-02   3.90627142E-03
   5520.0904168468542        1.79622509E-02   3.85457417E-03
   5521.6607508739917        1.98719446E-02   3.96852242E-03
   5523.2311691973928        1.88619811E-02   3.93714849E-03
   5524.8016716779621        1.96489673E-02   3.91101418E-03
   5526.3722581766060        1.97846666E-02   3.87369585E-03
   5527.9429285542274        2.11077556E-02   3.84815899E-03
   5529.5136826717317        1.94370914E-02   3.85888177E-03
   5531.0845203900253        1.84973739E-02   3.87310470E-03
   5532.6554415700120        2.00667698E-02   3.89887439E-03
   5534.2264460725955        2.27535516E-02   3.96900997E-03
   5535.7975337586822        1.34467613E-02   3.76769202E-03
   5537.3687044891767        2.35875826E-02   4.00990155E-03
   5538.9399581249827        2.11922564E-02   3.97329219E-03
   5540.5112945270066        1.94811765E-02   3.87713499E-03
   5542.0827135561522        1.87692679E-02   3.94001929E-03
   5543.6542150733248        2.02700626E-02   3.93444393E-03
   5545.2257989394293        1.99719761E-02   3.94287379E-03
   5546.7974650153701        1.82410516E-02   3.89831304E-03
   5548.3692131620510        1.52909029E-02   3.83642782E-03
   5549.9410432403793        1.97565481E-02   3.94376740E-03
   5551.5129551112586        1.83132999E-02   3.88964382E-03
   5553.0849486355937        2.34448221E-02   4.02233703E-03
   5554.6570236742882        2.20590346E-02   3.97879537E-03
   5556.2291800882504        1.91459469E-02   3.94211663E-03
   5557.8014177383802        2.20293440E-02   3.99721647E-03
   5559.3737364855870        1.68740004E-02   3.85398930E-03
   5560.9461361907724        2.18315832E-02   3.99954990E-03
   5562.5186167148440        2.67077927E-02   4.12135292E-03
   5564.0911779187045        1.99464336E-02   3.92645597E-03
   5565.6638196632593        3.20082158E-02   4.23199963E-03
   5567.2365418094132        1.80842094E-02   3.90306930E-03
   5568.8093442180716        2.63043754E-02   4.03602421E-03
   5570.3822267501391        2.01615002E-02   3.93476477E-03
   5571.9551892665204        2.07033046E-02   3.98421194E-03
   5573.5282316281200        1.33626005E-02   3.94024886E-03
   5575.1013536958426        1.72815211E-02   7.14006415E-03
   5576.6745553305936        2.29008105E-02   9.32588801E-03
   5578.2478363932778        1.41431848E-02   9.51949507E-03
   5579.8211967448005        2.19216179E-02   8.60904530E-03
   5581.3946362460656        1.73664391E-02   5.27626462E-03
   5582.9681547579785        2.34082192E-02   4.21848800E-03
   5584.5417521414438        1.49949752E-02   3.86166316E-03
   5586.1154282573652        2.31504198E-02   3.96502344E-03
   5587.6891829666492        1.93169303E-02   3.88574041E-03
   5589.2630161302004        1.65830310E-02   3.78407561E-03
   5590.8369276089243        2.34739706E-02   4.01415629E-03
   5592.4109172637236        2.11540293E-02   3.97264725E-03
   5593.9849849555039        1.31392283E-02   3.74120986E-03
   5595.5591305451717        2.11811941E-02   3.98562243E-03
   5597.1333538936296        1.80179011E-02   3.88746895E-03
   5598.7076548617833        1.94227118E-02   3.97529220E-03
   5600.2820333105392        2.32668128E-02   4.05488955E-03
   5601.8564891007991        2.02772487E-02   3.94736324E-03
   5603.4310220934694        2.27227807E-02   4.08765022E-03
   5605.0056321494558        2.09698118E-02   4.04108595E-03
   5606.5803191296618        1.99734010E-02   4.04365640E-03
   5608.1550828949921        1.93473138E-02   4.02759109E-03
   5609.7299233063532        1.92015693E-02   4.04645503E-03
   5611.3048402246477        2.26883385E-02   4.09526378E-03
   5612.8798335107822        1.81532204E-02   3.95544991E-03
   5614.4549030256603        2.32862327E-02   4.03878419E-03
   5616.0300486301876        1.99283268E-02   3.96845909E-03
   5617.6052701852695        1.68539584E-02   3.85585590E-03
   5619.1805675518099        2.02825814E-02   4.03863145E-03
   5620.7559405907132        2.15210151E-02   4.06956347E-03
   5622.3313891628850        2.11352296E-02   4.10076277E-03
   5623.9069131292299        2.08982788E-02   4.05437220E-03
   5625.4825123506544        2.45461315E-02   4.11465066E-03
   5627.0581866880593        1.96097940E-02   4.06561233E-03
   5628.6339360023539        1.61925144E-02   3.95790488E-03
   5630.2097601544392        1.74756423E-02   4.03278414E-03
   5631.7856590052234        1.96771175E-02   4.08904534E-03
   5633.3616324156092        2.57039834E-02   4.20448277E-03
   5634.9376802465013        1.94986220E-02   4.05019522E-03
   5636.5138023588061        1.32675534E-02   3.92876891E-03
   5638.0899986134273        1.86378229E-02   4.03820956E-03
   5639.6662688712704        1.44718308E-02   3.90543044E-03
   5641.2426129932392        2.79146805E-02   4.23674751E-03
   5642.8190308402391        1.43629769E-02   3.91538162E-03
   5644.3955222731756        1.98201444E-02   4.02240781E-03
   5645.9720871529516        2.80691423E-02   4.30101342E-03
   5647.5487253404744        1.92665588E-02   4.09034453E-03
   5649.1254366966477        1.28520215E-02   3.96868726E-03
   5650.7022210823761        2.16838401E-02   4.13230574E-03
   5652.2790783585642        2.51583662E-02   4.21488471E-03
   5653.8560083861175        1.96532924E-02   4.10122052E-03
   5655.4330110259407        1.89564656E-02   4.08830075E-03
   5657.0100861389383        2.18154602E-02   4.06515459E-03
   5658.5872335860167        2.27609556E-02   4.08848654E-03
   5660.1644532280779        1.84470806E-02   4.01441846E-03
   5661.7417449260274        2.66897976E-02   4.24022181E-03
   5663.3191085407725        1.40709588E-02   3.97557346E-03
   5664.8965439332160        2.51779389E-02   4.24865168E-03
   5666.4740509642634        2.32630391E-02   4.20067459E-03
   5668.0516294948184        1.94937810E-02   4.12363186E-03
   5669.6292793857874        1.95341129E-02   4.11154749E-03
   5671.2070004980742        1.56491473E-02   4.07033460E-03
   5672.7847926925842        2.00020578E-02   4.14742576E-03
   5674.3626558302212        1.79017931E-02   4.11876617E-03
   5675.9405897718916        2.00147368E-02   4.19078767E-03
   5677.5185943784991        2.08340436E-02   4.19714255E-03
   5679.0966695109491        1.77978836E-02   4.11422597E-03
   5680.6748150301455        1.38066728E-02   3.94250918E-03
   5682.2530307969946        2.16316320E-02   4.17167507E-03
   5683.8313166723992        9.34990030E-03   3.87972686E-03
   5685.4096725172667        2.26838719E-02   4.20069601E-03
   5686.9880981925007        2.41851397E-02   4.24964586E-03
   5688.5665935590059        1.96634568E-02   4.13125660E-03
   5690.1451584776860        1.64996143E-02   4.05796478E-03
   5691.7237928094473        2.29123607E-02   4.20448324E-03
   5693.3024964151946        1.71783213E-02   4.11525276E-03
   5694.8812691558333        2.70697381E-02   4.37227823E-03
   5696.4601108922661        2.77369693E-02   4.36638901E-03
   5698.0390214853996        1.83534548E-02   4.16820636E-03
   5699.6180007961384        2.53312699E-02   4.28951951E-03
   5701.1970486853879        1.80986654E-02   4.12496552E-03
   5702.7761650140510        1.19861411E-02   3.96592077E-03
   5704.3553496430332        1.75044388E-02   4.15041298E-03
   5705.9346024332408        2.68036760E-02   4.30722721E-03
   5707.5139232455776        2.09265687E-02   4.22146870E-03
   5709.0933119409474        1.74919404E-02   4.04170714E-03
   5710.6727683802565        1.77310165E-02   4.05021012E-03
   5712.2522924244104        1.48452157E-02   4.08489397E-03
   5713.8318839343119        1.81343667E-02   4.11136774E-03
   5715.4115427708666        1.96479075E-02   4.19447571E-03
   5716.9912687949800        1.91447213E-02   4.15736344E-03
   5718.5710618675557        2.69970596E-02   4.39720089E-03
   5720.1509218495003        1.54702943E-02   4.13878262E-03
   5721.7308486017173        2.39456184E-02   4.39295126E-03
   5723.3108419851105        2.02512108E-02   4.30356665E-03
   5724.8909018605873        1.98129155E-02   4.30448633E-03
   5726.4710280890513        2.14711260E-02   4.28280793E-03
   5728.0512205314071        1.31033696E-02   4.09835065E-03
   5729.6314790485603        1.67681295E-02   4.19842778E-03
   5731.2118035014146        1.36334877E-02   4.10599355E-03
   5732.7921937508754        1.84531659E-02   4.25252039E-03
   5734.3726496578465        1.96186174E-02   4.30761138E-03
   5735.9531710832352        1.81494448E-02   4.26823460E-03
   5737.5337578879444        1.80923231E-02   4.22527967E-03
   5739.1144099328794        2.28252504E-02   4.37180931E-03
   5740.6951270789450        2.24780180E-02   4.33332752E-03
   5742.2759091870457        2.33486556E-02   4.35816543E-03
   5743.8567561180880        2.01922804E-02   4.30930685E-03
   5745.4376677329756        2.82201748E-02   4.45951195E-03
   5747.0186438926121        1.22011537E-02   4.11005691E-03
   5748.5996844579031        3.09948288E-02   4.48634382E-03
   5750.1807892897541        2.00790484E-02   4.24132077E-03
   5751.7619582490697        1.55729894E-02   4.17398056E-03
   5753.3431911967546        2.41828002E-02   4.34771832E-03
   5754.9244879937141        1.83688346E-02   4.23246482E-03
   5756.5058485008522        2.19675321E-02   4.30353871E-03
   5758.0872725790741        2.35039536E-02   4.32586204E-03
   5759.6687600892847        1.64974462E-02   4.19469737E-03
   5761.2503108923884        1.61349755E-02   4.21635760E-03
   5762.8319248492899        1.89470444E-02   4.22118139E-03
   5764.4136018208956        1.55030806E-02   4.17523040E-03
   5765.9953416681092        2.76707467E-02   4.49404493E-03
   5767.5771442518353        1.29430844E-02   4.14158497E-03
   5769.1590094329786        1.86383445E-02   4.28731600E-03
   5770.7409370724445        1.94330718E-02   4.30700323E-03
   5772.3229270311376        1.94833893E-02   4.33589797E-03
   5773.9049791699636        2.13047452E-02   4.33866773E-03
   5775.4870933498260        1.94087699E-02   4.33136383E-03
   5777.0692694316303        2.34490838E-02   4.38683527E-03
   5778.6515072762804        2.14208234E-02   4.34027193E-03
   5780.2338067446835        1.52217615E-02   4.16633207E-03
   5781.8161676977406        1.68132987E-02   4.18922957E-03
   5783.3985899963609        2.43177563E-02   4.33700997E-03
   5784.9810735014462        2.47450452E-02   4.35059005E-03
   5786.5636180739029        1.97279565E-02   4.26318962E-03
   5788.1462235746340        2.15676297E-02   4.42244345E-03
   5789.7288898645465        1.85363721E-02   4.27565537E-03
   5791.3116168045444        2.12875158E-02   4.29738918E-03
   5792.8944042555313        1.84657518E-02   4.28516557E-03
   5794.4772520784136        1.90883055E-02   4.33381973E-03
   5796.0601601340959        2.59169377E-02   4.45477618E-03
   5797.6431282834828        2.49446668E-02   4.46535787E-03
   5799.2261563874799        2.36670375E-02   4.40665847E-03
   5800.8092443069891        2.14828178E-02   4.45344066E-03
   5802.3923919029194        2.77938824E-02   4.55199648E-03
   5803.9755990361718        1.50130987E-02   4.24427120E-03
   5805.5588655676538        2.13526022E-02   4.41232976E-03
   5807.1421913582699        2.12358609E-02   4.34188731E-03
   5808.7255762689229        2.21929550E-02   4.46523167E-03
   5810.3090201605210        2.32938323E-02   4.45383647E-03
   5811.8925228939661        1.11591825E-02   4.20417869E-03
   5813.4760843301647        1.73233915E-02   4.36059199E-03
   5815.0597043300204        1.39602069E-02   4.22087545E-03
   5816.6433827544388        2.23451164E-02   4.44128970E-03
   5818.2271194643245        1.90437827E-02   4.36346605E-03
   5819.8109143205820        1.94976553E-02   4.37275507E-03
   5821.3947671841170        1.54990302E-02   4.32648184E-03
   5822.9786779158330        2.46734414E-02   4.52019274E-03
   5824.5626463766366        1.31717073E-02   4.27730894E-03
   5826.1466724274314        2.05132514E-02   4.39146347E-03
   5827.7307559291230        1.99337285E-02   4.40447731E-03
   5829.3148967426159        1.74519643E-02   4.38878033E-03
   5830.8990947288139        2.48248111E-02   4.50695585E-03
   5832.4833497486243        2.34329309E-02   4.53108922E-03
   5834.0676616629489        1.99565440E-02   4.43472434E-03
   5835.6520303326943        1.54360924E-02   4.34501236E-03
   5837.2364556187649        3.07291374E-02   4.67259251E-03
   5838.8209373820664        2.38040872E-02   4.53508040E-03
   5840.4054754835024        1.67131461E-02   4.39229514E-03
   5841.9900697839785        1.33237522E-02   4.34956094E-03
   5843.5747201443992        2.50925962E-02   4.60143574E-03
   5845.1594264256692        1.50035033E-02   4.30875737E-03
   5846.7441884886930        2.09180396E-02   4.47415095E-03
   5848.3290061943771        2.51162928E-02   4.59100213E-03
   5849.9138794036244        1.57099143E-02   4.33632033E-03
   5851.4988079773402        1.51571929E-02   4.36974363E-03
   5853.0837917764320        2.75603309E-02   4.61835694E-03
   5854.6688306617998        2.99780816E-02   4.68005566E-03
   5856.2539244943509        2.79945694E-02   4.62739402E-03
   5857.8390731349909        2.04195734E-02   4.41681920E-03
   5859.4242764446235        3.00048999E-02   4.63300943E-03
   5861.0095342841551        2.62286495E-02   4.58674366E-03
   5862.5948465144875        1.87348537E-02   4.45134472E-03
   5864.1802129965281        2.87916549E-02   4.67583304E-03
   5865.7656335911815        3.34754139E-02   4.88260062E-03
   5867.3511081593515        2.32412461E-02   4.60924814E-03
   5868.9366365619435        2.40891762E-02   4.67113918E-03
   5870.5222186598621        2.42734347E-02   4.58769407E-03
   5872.1078543140138        1.94980167E-02   4.52365726E-03
   5873.6935433852996        2.23462954E-02   4.60967468E-03
   5875.2792857346285        3.13554034E-02   4.81225271E-03
   5876.8650812229025        3.91393974E-02   4.86546941E-03
   5878.4509297110280        2.48532090E-02   4.59849043E-03
   5880.0368310599079        3.38830948E-02   4.78706602E-03
   5881.6227851304511        2.32787989E-02   4.52178856E-03
   5883.2087917835570        2.38692015E-02   4.57089162E-03
   5884.7948508801355        2.99069379E-02   4.70392313E-03
   5886.3809622810868        4.42352146E-02   5.10955742E-03
   5887.9671258473199        3.04107498E-02   5.03882393E-03
   5889.5533414397369        3.42454985E-02   5.30515285E-03
   5891.1396089192431        2.68218182E-02   5.07609639E-03
   5892.7259281467441        3.29845250E-02   5.09682344E-03
   5894.3122989831454        2.64811926E-02   4.89753718E-03
   5895.8987212893489        2.69749593E-02   4.94226022E-03
   5897.4851949262620        2.23657526E-02   4.80823405E-03
   5899.0717197547901        1.74498707E-02   4.58132150E-03
   5900.6582956358352        3.05339098E-02   4.74319747E-03
   5902.2449224303036        2.31811833E-02   4.60306462E-03
   5903.8315999991019        3.44471596E-02   4.84599499E-03
   5905.4183282031318        2.34722886E-02   4.64822538E-03
   5907.0051069032997        2.31801979E-02   4.62108711E-03
   5908.5919359605105        3.57093625E-02   4.88197198E-03
   5910.1788152356694        2.68257018E-02   4.72217286E-03
   5911.7657445896803        2.57033855E-02   4.68814233E-03
   5913.3527238834486        2.88810115E-02   4.77266917E-03
   5914.9397529778789        1.54892020E-02   4.50361054E-03
   5916.5268317338750        1.86594035E-02   4.53595864E-03
   5918.1139600123443        2.78069004E-02   4.75525530E-03
   5919.7011376741902        2.14072373E-02   4.59171133E-03
   5921.2883645803167        2.52626557E-02   4.68565244E-03
   5922.8756405916292        2.53484510E-02   4.67748241E-03
   5924.4629655690323        1.84189547E-02   4.56854701E-03
   5926.0503393734325        2.21347660E-02   4.63378662E-03
   5927.6377618657325        1.46711553E-02   4.47189063E-03
   5929.2252329068397        1.39148813E-02   4.41346318E-03
   5930.8127523576559        2.67639905E-02   4.71992372E-03
   5932.4003200790867        2.06591021E-02   4.61908896E-03
   5933.9879359320385        1.43951280E-02   4.50923294E-03
   5935.5755997774149        2.61207297E-02   4.78763226E-03
   5937.1633114761216        2.22197101E-02   4.65782778E-03
   5938.7510708890613        9.40296520E-03   4.43271454E-03
   5940.3388778771414        2.18038447E-02   4.70504630E-03
   5941.9267323012655        1.68885086E-02   4.55090124E-03
   5943.5146340223382        1.76315568E-02   4.53360891E-03
   5945.1025829012651        1.97622832E-02   4.65668133E-03
   5946.6905787989499        2.55741011E-02   4.68865596E-03
   5948.2786215762999        2.11770535E-02   4.64808615E-03
   5949.8667110942170        1.68314315E-02   4.49855253E-03
   5951.4548472136084        8.97933822E-03   4.36735339E-03
   5953.0430297953762        1.81000065E-02   4.58284933E-03
   5954.6312587004277        1.96634382E-02   4.61332686E-03
   5956.2195337896655        2.24857796E-02   4.73703118E-03
   5957.8078549239981        2.02626120E-02   4.62562824E-03
   5959.3962219643272        1.87178105E-02   4.60708281E-03
   5960.9846347715584        2.43949983E-02   4.67726681E-03
   5962.5730932065953        2.09769011E-02   4.65297932E-03
   5964.1615971303454        1.68492980E-02   4.63102944E-03
   5965.7501464037123        1.89316440E-02   4.65284707E-03
   5967.3387408875988        2.41128616E-02   4.76223463E-03
   5968.9273804429140        1.77428946E-02   4.56262985E-03
   5970.5160649305581        2.31479052E-02   4.77542495E-03
   5972.1047942114392        1.43444072E-02   4.56723059E-03
   5973.6935681464620        2.21556965E-02   4.70130984E-03
   5975.2823865965292        2.31809225E-02   4.77771368E-03
   5976.8712494225474        1.81916226E-02   4.58541466E-03
   5978.4601564854202        1.60896797E-02   4.55368496E-03
   5980.0491076460539        1.68180447E-02   4.64188959E-03
   5981.6381027653524        1.95929594E-02   4.70524281E-03
   5983.2271417042202        1.49738509E-02   4.50809486E-03
   5984.8162243235629        2.60192268E-02   4.78826603E-03
   5986.4053504842850        1.86092146E-02   4.62774420E-03
   5987.9945200472921        2.23875213E-02   4.74168453E-03
   5989.5837328734870        2.32820734E-02   4.73894784E-03
   5991.1729888237760        2.51696594E-02   4.91441460E-03
   5992.7622877590638        2.32265741E-02   4.75721154E-03
   5994.3516295402560        1.83459520E-02   4.67661722E-03
   5995.9410140282562        1.75007544E-02   4.63067042E-03
   5997.5304410839690        1.40437717E-02   4.59076045E-03
   5999.1199105683008        2.08785925E-02   4.68721939E-03
   6000.7094223421554        2.06099041E-02   4.65175509E-03
   6002.2989762664374        1.56193897E-02   4.61551268E-03
   6003.8885722020532        2.91460194E-02   4.88781556E-03
   6005.4782100099046        1.10137984E-02   4.48739575E-03
   6007.0678895508991        1.55777456E-02   4.56231274E-03
   6008.6576106859411        1.37708122E-02   4.50638914E-03
   6010.2473732759345        1.84161235E-02   4.68580425E-03
   6011.8371771817838        2.60235593E-02   4.88679623E-03
   6013.4270222643954        2.06527282E-02   4.74856328E-03
   6015.0169083846740        1.47671243E-02   4.62557562E-03
   6016.6068354035233        1.87104587E-02   4.64639766E-03
   6018.1968031818487        2.20446903E-02   4.74892231E-03
   6019.7868115805541        2.05376409E-02   4.63484554E-03
   6021.3768604605466        1.86810214E-02   4.64826822E-03
   6022.9669496827291        2.26009414E-02   4.71779518E-03
   6024.5570791080063        1.93213690E-02   4.65453975E-03
   6026.1472485972845        2.51563787E-02   4.86836582E-03
   6027.7374580114665        2.54590269E-02   4.87370836E-03
   6029.3277072114597        2.08520480E-02   4.82900161E-03
   6030.9179960581669        1.21806283E-02   4.59585758E-03
   6032.5083244124944        1.43561587E-02   4.67037736E-03
   6034.0986921353460        1.40942996E-02   4.62975213E-03
   6035.6890990876273        2.04417445E-02   4.81794914E-03
   6037.2795451302409        2.07512565E-02   4.79456224E-03
   6038.8700301240942        1.94473937E-02   4.76749893E-03
   6040.4605539300928        2.70098541E-02   4.90103895E-03
   6042.0511164091376        2.59289369E-02   4.95039113E-03
   6043.6417174221369        1.18083628E-02   4.59943712E-03
   6045.2323568299944        1.53123103E-02   4.69575636E-03
   6046.8230344936137        2.73186844E-02   4.92343027E-03
   6048.4137502739031        1.60487164E-02   4.75103082E-03
   6050.0045040317636        1.62271559E-02   4.70265746E-03
   6051.5952956281017        1.51853990E-02   4.67647891E-03
   6053.1861249238218        1.26164602E-02   4.66663949E-03
   6054.7769917798287        2.02867780E-02   4.78342548E-03
   6056.3678960570287        1.80529952E-02   4.75601573E-03
   6057.9588376163265        1.74513180E-02   4.76333965E-03
   6059.5498163186239        1.81128923E-02   4.83526662E-03
   6061.1408320248283        2.90750936E-02   5.02704596E-03
   6062.7318845958453        2.14616433E-02   4.82903048E-03
   6064.3229738925766        2.40157582E-02   4.92877141E-03
   6065.9140997759296        2.77452562E-02   4.97212121E-03
   6067.5052621068089        1.45817222E-02   4.68755467E-03
   6069.0964607461183        1.71035957E-02   4.76232124E-03
   6070.6876955547632        2.24261601E-02   4.90157818E-03
   6072.2789663936492        2.04271618E-02   4.87462571E-03
   6073.8702731236781        1.53507376E-02   4.77994140E-03
   6075.4616156057591        1.60670225E-02   4.74170223E-03
   6077.0529937007941        1.99631061E-02   4.83106729E-03
   6078.6444072696886        2.38720682E-02   4.92976606E-03
   6080.2358561733481        2.80846581E-02   5.00634173E-03
   6081.8273402726763        2.60850471E-02   4.95940121E-03
   6083.4188594285788        2.25503426E-02   4.94760787E-03
   6085.0104135019601        2.50662360E-02   4.94294986E-03
   6086.6020023537258        1.56104853E-02   4.77077486E-03
   6088.1936258447804        2.16228683E-02   4.88831475E-03
   6089.7852838360277        2.48681437E-02   4.98474622E-03
   6091.3769761883732        1.48591883E-02   4.74957656E-03
   6092.9687027627224        2.28693374E-02   4.92944103E-03
   6094.5604634199790        1.23813832E-02   4.66288626E-03
   6096.1522580210485        2.18622033E-02   4.93886229E-03
   6097.7440864268356        2.45532747E-02   5.01407869E-03
   6099.3359484982448        2.21829209E-02   4.92145726E-03
   6100.9278440961816        2.32533794E-02   4.93619405E-03
   6102.5197730815507        2.09122747E-02   4.84172860E-03
   6104.1117353152549        2.21826639E-02   4.87813586E-03
   6105.7037306582033        1.87528152E-02   4.86107683E-03
   6107.2957589712969        1.62618905E-02   4.76313336E-03
   6108.8878201154430        2.08552610E-02   4.97116521E-03
   6110.4799139515435        1.77693851E-02   4.86458279E-03
   6112.0720403405066        1.57654714E-02   4.85088537E-03
   6113.6641991432352        2.05869619E-02   5.05268294E-03
   6115.2563902206348        2.29306743E-02   4.99368086E-03
   6116.8486134336090        1.42046502E-02   4.75773821E-03
   6118.4408686430652        2.19401382E-02   5.00563206E-03
   6120.0331557099062        1.55663099E-02   4.77363542E-03
   6121.6254744950356        9.74205416E-03   4.65652486E-03
   6123.2178248593609        2.09219810E-02   4.94513707E-03
   6124.8102066637875        1.88667793E-02   4.90153767E-03
   6126.4026197692174        2.99591925E-02   5.16151683E-03
   6127.9950640365560        2.24115737E-02   5.04295155E-03
   6129.5875393267097        1.77080370E-02   4.93570790E-03
   6131.1800455005814        2.21288260E-02   5.06086042E-03
   6132.7725824190775        2.55763158E-02   5.13870828E-03
   6134.3651499431026        2.07231510E-02   4.96968860E-03
   6135.9577479335612        1.92606840E-02   4.90604201E-03
   6137.5503762513572        1.38638988E-02   4.68988251E-03
   6139.1430347573978        2.21637432E-02   4.95371222E-03
   6140.7357233125858        1.68584678E-02   4.88891732E-03
   6142.3284417778277        2.60266270E-02   5.11633605E-03
   6143.9211900140244        1.72408521E-02   4.93540522E-03
   6145.5139678820860        2.58654486E-02   5.14286477E-03
   6147.1067752429144        2.38330029E-02   5.11582475E-03
   6148.6996119574151        2.26824190E-02   5.06813172E-03
   6150.2924778864926        1.43037867E-02   4.90842946E-03
   6151.8853728910517        1.61078684E-02   4.95063746E-03
   6153.4782968319987        2.70096678E-02   5.16985403E-03
   6155.0712495702355        1.99442487E-02   5.03227208E-03
   6156.6642309666695        2.28749849E-02   5.10275550E-03
   6158.2572408822043        1.52768325E-02   4.85293940E-03
   6159.8502791777455        1.82598718E-02   4.96107759E-03
   6161.4433457141977        1.28020654E-02   4.74047102E-03
   6163.0364403524645        1.65038221E-02   4.78851702E-03
   6164.6295629534534        2.31235772E-02   5.06101269E-03
   6166.2227133780671        1.60742905E-02   4.90676332E-03
   6167.8158914872101        1.85290463E-02   5.01781795E-03
   6169.4090971417891        1.11652203E-02   4.75851819E-03
   6171.0023302027066        1.79722235E-02   4.99973958E-03
   6172.5955905308701        2.27909889E-02   5.13667101E-03
   6174.1888779871824        1.53095089E-02   4.97450307E-03
   6175.7821924325499        1.30600203E-02   4.92063537E-03
   6177.3755337278753        2.49809120E-02   5.24706673E-03
   6178.9689017340652        2.13481989E-02   5.10588381E-03
   6180.5622963120231        1.99279673E-02   5.13628125E-03
   6182.1557173226547        1.63624156E-02   5.08538634E-03
   6183.7491646268663        1.02878353E-02   4.86969529E-03
   6185.3426380855599        2.30876487E-02   5.15698176E-03
   6186.9361375596418        1.37151107E-02   4.96895472E-03
   6188.5296629100167        1.91029850E-02   5.09497710E-03
   6190.1232139975891        1.40950913E-02   5.00159571E-03
   6191.7167906832647        2.45669894E-02   5.22812409E-03
   6193.3103928279479        2.91512534E-02   5.29086869E-03
   6194.9040202925426        1.45003693E-02   5.07510593E-03
   6196.4976729379550        2.54255738E-02   5.28033217E-03
   6198.0913506250890        1.55953486E-02   5.08214300E-03
   6199.6850532148501        1.80303268E-02   5.15147345E-03
   6201.2787805681428        1.55951176E-02   5.11650462E-03
   6202.8725325458709        1.47975581E-02   5.04953973E-03
   6204.4663090089425        2.87683327E-02   5.42889535E-03
   6206.0601098182578        1.93993691E-02   5.17080026E-03
   6207.6539348347251        2.33963337E-02   5.33833448E-03
   6209.2477839192479        2.65413597E-02   5.39725786E-03
   6210.8416569327319        2.35495586E-02   5.35858423E-03
   6212.4355537360807        2.79837437E-02   5.36415959E-03
   6214.0294741901989        2.88194101E-02   5.46553824E-03
   6215.6234181559948        1.37298135E-02   5.08585293E-03
   6217.2173854943676        2.11428162E-02   5.24654752E-03
   6218.8113760662272        1.41290743E-02   5.19121904E-03
   6220.4053897324757        2.23640557E-02   5.38420118E-03
   6221.9994263540175        2.13600919E-02   5.34198061E-03
   6223.5934857917600        2.39761155E-02   5.38236462E-03
   6225.1875679066061        2.24796236E-02   5.32491226E-03
   6226.7816725594612        1.40472734E-02   5.12451259E-03
   6228.3757996112299        2.04634629E-02   5.26457606E-03
   6229.9699489228169        2.77542695E-02   5.46159735E-03
   6231.5641203551268        2.34617777E-02   5.36383549E-03
   6233.1583137690659        2.13810615E-02   5.48976334E-03
   6234.7525290255380        2.97708027E-02   5.72828483E-03
   6236.3467659854477        2.27423552E-02   5.56486333E-03
   6237.9410245097006        1.36939734E-02   5.35900751E-03
   6239.5353044592002        2.91492529E-02   5.56205958E-03
   6241.1296056948531        1.73640624E-02   5.34824515E-03
   6242.7239280775621        1.40914312E-02   5.31847030E-03
   6244.3182714682334        2.53182296E-02   5.52870799E-03
   6245.9126357277719        2.38337927E-02   5.38830459E-03
   6247.5070207170820        2.24787164E-02   5.38101746E-03
   6249.1014262970684        2.08787695E-02   5.37446095E-03
   6250.6958523286366        1.68084856E-02   5.33619337E-03
   6252.2902986726913        1.48224905E-02   5.19949943E-03
   6253.8847651901369        1.11354524E-02   5.11359470E-03
   6255.4792517418773        2.06957366E-02   5.46627585E-03
   6257.0737581888188        1.46656958E-02   5.46999183E-03
   6258.6682843918661        2.31059529E-02   5.69896912E-03
   6260.2628302119228        1.27188470E-02   5.34771662E-03
   6261.8573955098964        2.84838863E-02   5.73248370E-03
   6263.4519801466895        2.30238419E-02   5.61358640E-03
   6265.0465839832059        2.32147034E-02   5.66093065E-03
   6266.6412068803538        2.34131329E-02   5.58753312E-03
   6268.2358486990352        3.30810174E-02   5.80334337E-03
   6269.8305093001554        2.23676600E-02   5.57105197E-03
   6271.4251885446201        3.39288712E-02   5.87199349E-03
   6273.0198862933357        1.91875659E-02   5.54617774E-03
   6274.6146024072032        2.98552345E-02   5.79747744E-03
   6276.2093367471298        2.09519602E-02   5.49510680E-03
   6277.8040891740193        5.54258097E-03   5.06780297E-03
   6279.3988595487781        1.87382177E-02   5.47070429E-03
   6280.9936477323081        1.02674076E-02   5.26922848E-03
   6282.5884535855184        2.11400464E-02   5.63619426E-03
   6284.1832769693110        1.96363814E-02   5.64386602E-03
   6285.7781177445913        2.23264582E-02   5.79890236E-03
   6287.3729757722622        3.07707638E-02   6.11336669E-03
   6288.9678509132318        1.68836359E-02   5.64231351E-03
   6290.5627430284039        1.73049048E-02   5.57416677E-03
