   3855.2259028223575        2.86768153E-02   6.56290306E-03
   3856.6159448724684        2.26150248E-02   6.09994307E-03
   3858.0062261708294        1.92541722E-02   5.85923623E-03
   3859.3967465783458        2.74374187E-02   6.00332255E-03
   3860.7875059559215        2.31630001E-02   6.04569586E-03
   3862.1785041644621        3.04697324E-02   6.46742061E-03
   3863.5697410648718        2.17074603E-02   6.28730003E-03
   3864.9612165180561        2.21914612E-02   6.29225513E-03
   3866.3529303849191        1.96742807E-02   6.16589375E-03
   3867.7448825263664        3.30136418E-02   6.42752741E-03
   3869.1370728033025        2.13968046E-02   5.86171355E-03
   3870.5295010766317        3.77576277E-02   6.17949665E-03
   3871.9221672072599        2.33689230E-02   5.74253686E-03
   3873.3150710560917        2.78349388E-02   6.05777418E-03
   3874.7082124840313        2.43942626E-02   6.06879033E-03
   3876.1015913519841        2.03638803E-02   5.82587626E-03
   3877.4952075208544        2.50182282E-02   5.96995326E-03
   3878.8890608515480        2.32771188E-02   5.72491391E-03
   3880.2831512049688        2.90441681E-02   5.73051162E-03
   3881.6774784420222        2.97207814E-02   5.82003314E-03
   3883.0720424236133        2.85381265E-02   5.81270130E-03
   3884.4668430106458        2.38092747E-02   5.59220416E-03
   3885.8618800640261        2.72871461E-02   5.69350552E-03
   3887.2571534446579        2.67642140E-02   5.58965234E-03
   3888.6526630134463        2.91621219E-02   5.56582119E-03
   3890.0484086312963        1.71132442E-02   5.29985316E-03
   3891.4443901591126        2.17296034E-02   5.59686869E-03
   3892.8406074578002        2.44952012E-02   5.71788056E-03
   3894.2370603882641        2.70294063E-02   5.82029950E-03
   3895.6337488114091        3.18872184E-02   5.87616628E-03
   3897.0306725881396        2.90763900E-02   5.85479708E-03
   3898.4278315793608        3.01971696E-02   5.87937981E-03
   3899.8252256459773        2.72732358E-02   5.77078713E-03
   3901.2228546488946        2.01720223E-02   5.56565821E-03
   3902.6207184490172        2.28497963E-02   5.49598364E-03
   3904.0188169072489        3.41851823E-02   5.71540231E-03
   3905.4171498844962        2.72587072E-02   5.47471317E-03
   3906.8157172416636        3.39284167E-02   5.74831851E-03
   3908.2145188396548        2.24001855E-02   5.48964692E-03
   3909.6135545393759        1.48207424E-02   5.35988621E-03
   3911.0128242017308        2.46367753E-02   5.69049967E-03
   3912.4123276876257        2.52934247E-02   5.76720200E-03
   3913.8120648579638        2.44442411E-02   5.59146237E-03
   3915.2120355736515        3.13250422E-02   5.84131898E-03
   3916.6122396955925        2.40522586E-02   5.52426605E-03
   3918.0126770846919        8.81667156E-03   4.92502330E-03
   3919.4133476018551        2.29964964E-02   5.24317939E-03
   3920.8142511079864        2.11306103E-02   5.05503686E-03
   3922.2153874639907        3.10524870E-02   5.24322456E-03
   3923.6167565307728        2.07004864E-02   4.96015511E-03
   3925.0183581692381        1.81631278E-02   4.91374591E-03
   3926.4201922402904        2.40882784E-02   4.92894603E-03
   3927.8222586048360        2.51847543E-02   4.68661403E-03
   3929.2245571237781        1.78599469E-02   4.20855405E-03
   3930.6270876580229        1.98571067E-02   4.01766319E-03
   3932.0298500684748        1.97680425E-02   3.93191027E-03
   3933.4328442160386        2.37027947E-02   3.86147783E-03
   3934.8360699616192        1.87573675E-02   3.68161011E-03
   3936.2395271661212        1.17874620E-02   3.61637422E-03
   3937.6432156904493        2.13754848E-02   4.20791470E-03
   3939.0471353955090        1.61274932E-02   4.24174406E-03
   3940.4512861422049        2.32776906E-02   4.65393346E-03
   3941.8556677914421        2.08218861E-02   4.68560169E-03
   3943.2602802041247        3.16042490E-02   5.01402374E-03
   3944.6651232411582        2.43511852E-02   4.82112402E-03
   3946.0701967634468        1.88095570E-02   4.76163812E-03
   3947.4755006318965        2.39898767E-02   5.02034137E-03
   3948.8810347074109        3.19372751E-02   5.24222618E-03
   3950.2867988508956        1.92212332E-02   4.97943489E-03
   3951.6927929232556        2.82032285E-02   5.14672231E-03
   3953.0990167853952        2.73770299E-02   5.18764928E-03
   3954.5054702982188        2.14051381E-02   5.05572977E-03
   3955.9121533226325        3.40759866E-02   5.25990361E-03
   3957.3190657195405        2.05849763E-02   4.92759421E-03
   3958.7262073498473        3.20672356E-02   5.23010641E-03
   3960.1335780744589        2.59217210E-02   4.91502602E-03
   3961.5411777542786        2.67468095E-02   4.81298519E-03
   3962.9490062502127        2.00591367E-02   4.42031538E-03
   3964.3570634231646        3.03676985E-02   4.52541932E-03
   3965.7653491340407        2.68021040E-02   4.24794294E-03
   3967.1738632437446        1.98179800E-02   3.83706414E-03
   3968.5826056131814        2.33408324E-02   3.81027535E-03
   3969.9915761032566        2.70427372E-02   3.93656455E-03
   3971.4007745748750        2.09477246E-02   3.90339945E-03
   3972.8102008889409        2.88900640E-02   4.36099665E-03
   3974.2198549063592        2.50068028E-02   4.47770720E-03
   3975.6297364880347        3.40905562E-02   4.87555377E-03
   3977.0398454948727        3.43552902E-02   5.08360565E-03
   3978.4501817877776        2.73658056E-02   5.03089791E-03
   3979.8607452276542        2.69937254E-02   5.02655562E-03
   3981.2715356754079        2.73068678E-02   5.13311243E-03
   3982.6825529919433        2.12953016E-02   4.98226425E-03
   3984.0937970381651        1.89597309E-02   4.79414640E-03
   3985.5052676749783        2.72474065E-02   5.00632077E-03
   3986.9169647632875        2.48968136E-02   5.05046127E-03
   3988.3288881639978        1.59280747E-02   4.78718895E-03
   3989.7410377380143        1.87502578E-02   4.95829759E-03
   3991.1534133462410        2.05251519E-02   4.99688322E-03
   3992.5660148495836        2.35987548E-02   5.07439114E-03
   3993.9788421089465        2.31707264E-02   5.09741902E-03
   3995.3918949852350        1.92768034E-02   4.94683441E-03
   3996.8051733393531        2.82953735E-02   5.08827483E-03
   3998.2186770322064        1.93410218E-02   4.97147720E-03
   3999.6324059246999        2.05785446E-02   4.98110056E-03
   4001.0463598777378        2.48511750E-02   5.16343908E-03
   4002.4605387522247        1.19186519E-02   4.91040200E-03
   4003.8749424090665        1.81180630E-02   4.87429928E-03
   4005.2895707091679        2.95666121E-02   5.05594164E-03
   4006.7044235134326        1.58626735E-02   4.72853146E-03
   4008.1195006827670        1.81311518E-02   4.85735899E-03
   4009.5348020780748        3.01628336E-02   5.21609560E-03
   4010.9503275602615        1.85615495E-02   5.01933554E-03
   4012.3660769902308        3.03778630E-02   5.29366964E-03
   4013.7820502288891        2.87154894E-02   5.33762015E-03
   4015.1982471371407        1.25662265E-02   4.84284293E-03
   4016.6146675758901        1.31794028E-02   4.86168964E-03
   4018.0313114060427        2.04459205E-02   4.97951498E-03
   4019.4481784885024        2.54225731E-02   5.18299825E-03
   4020.8652686841751        2.40095202E-02   5.12120593E-03
   4022.2825818539654        2.22021285E-02   5.18770143E-03
   4023.7001178587775        1.02362074E-02   4.74453811E-03
   4025.1178765595168        1.41670834E-02   4.84489603E-03
   4026.5358578170885        1.66339818E-02   4.99763759E-03
   4027.9540614923962        1.81906763E-02   4.94109839E-03
   4029.3724874463464        2.63616629E-02   5.12607209E-03
   4030.7911355398428        2.73812301E-02   4.96120239E-03
   4032.2100056337904        2.62544435E-02   4.85733198E-03
   4033.6290975890952        3.11432853E-02   4.91539948E-03
   4035.0484112666595        1.67972427E-02   4.73449333E-03
   4036.4679465273907        2.17965394E-02   4.97324718E-03
   4037.8877032321925        2.52196305E-02   5.10219764E-03
   4039.3076812419704        2.42067799E-02   5.12226345E-03
   4040.7278804176281        2.64803767E-02   5.20511018E-03
   4042.1483006200710        2.37320177E-02   4.96561779E-03
   4043.5689417102044        2.67077498E-02   4.94552543E-03
   4044.9898035489327        2.23445036E-02   4.70825518E-03
   4046.4108859971611        1.37556968E-02   4.42188326E-03
   4047.8321889157942        1.78597569E-02   4.61022975E-03
   4049.2537121657369        1.43575706E-02   4.75721946E-03
   4050.6754556078940        1.18817724E-02   4.74163517E-03
   4052.0974191031701        1.87429283E-02   4.92560910E-03
   4053.5196025124701        1.31933801E-02   4.74334648E-03
   4054.9420056967001        1.92421004E-02   4.78994148E-03
   4056.3646285167629        1.88733339E-02   4.74800356E-03
   4057.7874708335644        2.08059289E-02   4.75849630E-03
   4059.2105325080101        2.89513674E-02   5.02648531E-03
   4060.6338134010034        2.05301754E-02   4.78110928E-03
   4062.0573133734506        1.90896355E-02   4.69207577E-03
   4063.4810322862554        1.92117859E-02   4.59778216E-03
   4064.9049700003234        1.83573589E-02   4.56812466E-03
   4066.3291263765591        1.93820223E-02   4.64687776E-03
   4067.7535012758676        1.92074031E-02   4.72485274E-03
   4069.1780945591531        1.96360294E-02   4.70298249E-03
   4070.6029060873216        2.21440718E-02   4.77658072E-03
   4072.0279357212767        1.71401761E-02   4.65996470E-03
   4073.4531833219239        1.24788200E-02   4.49973624E-03
   4074.8786487501679        2.10760646E-02   4.74207196E-03
   4076.3043318669138        2.88418587E-02   4.84650908E-03
   4077.7302325330661        1.93948653E-02   4.59996238E-03
   4079.1563506095299        1.19363768E-02   4.44510719E-03
   4080.5826859572098        2.06754375E-02   4.74504614E-03
   4082.0092384370114        1.16660437E-02   4.60978271E-03
   4083.4360079098383        1.84434708E-02   4.78385529E-03
   4084.8629942365965        1.55445635E-02   4.63386532E-03
   4086.2901972781901        1.72542501E-02   4.72718198E-03
   4087.7176168955239        1.87570993E-02   4.83592832E-03
   4089.1452529495036        2.93872319E-02   5.09213237E-03
   4090.5731053010331        2.12317109E-02   4.92213247E-03
   4092.0011738110179        2.08294783E-02   4.81239520E-03
   4093.4294583403625        2.19171029E-02   4.84526716E-03
   4094.8579587499721        1.77176185E-02   4.63999715E-03
   4096.2866749007517        1.86922792E-02   4.66780411E-03
   4097.7156066536045        1.66516844E-02   4.48072422E-03
   4099.1447538694374        2.65163183E-02   4.62395186E-03
   4100.5741164091542        2.13864800E-02   4.41320753E-03
   4102.0036941336602        2.10780837E-02   4.30442626E-03
   4103.4334869038603        2.69977637E-02   4.43727663E-03
   4104.8634945806589        2.57922206E-02   4.62375628E-03
   4106.2937170249606        2.10798439E-02   4.59269295E-03
   4107.7241540976711        2.32003387E-02   4.75407159E-03
   4109.1548056596957        2.28039809E-02   4.71842336E-03
   4110.5856715719365        2.97999550E-02   4.82291775E-03
   4112.0167516953015        2.14060284E-02   4.69559804E-03
   4113.4480458906946        2.63412576E-02   4.88124276E-03
   4114.8795540190195        2.78049428E-02   4.95972903E-03
   4116.3112759411815        3.76602821E-02   5.19340392E-03
   4117.7432115180873        2.94531509E-02   4.95647267E-03
   4119.1753606106395        1.95994042E-02   4.69176564E-03
   4120.6077230797446        1.51820872E-02   4.55681281E-03
   4122.0402987863054        1.57919247E-02   4.56647109E-03
   4123.4730875912282        2.27268171E-02   4.79564909E-03
   4124.9060893554179        1.81771349E-02   4.69584810E-03
   4126.3393039397797        2.70419121E-02   4.81157796E-03
   4127.7727312052166        2.14551128E-02   4.63305460E-03
   4129.2063710126349        2.58118510E-02   4.78529138E-03
   4130.6402232229393        2.02739686E-02   4.60989401E-03
   4132.0742876970353        1.81494076E-02   4.51357616E-03
   4133.5085642958265        2.72312760E-02   4.64294665E-03
   4134.9430528802177        2.02142932E-02   4.52937884E-03
   4136.3777533111152        2.45227013E-02   4.72065760E-03
   4137.8126654494217        1.89362168E-02   4.73439042E-03
   4139.2477891560447        2.19794363E-02   4.83609876E-03
   4140.6831242918870        2.08485629E-02   4.73414455E-03
   4142.1186707178540        1.41595025E-02   4.47436981E-03
   4143.5544282948513        1.42067587E-02   4.35687508E-03
   4144.9903968837816        2.37097442E-02   4.57719713E-03
   4146.4265763455523        1.37464907E-02   4.43900842E-03
   4147.8629665410681        2.72505004E-02   4.78478475E-03
   4149.2995673312316        2.19349675E-02   4.65972302E-03
   4150.7363785769494        1.45168183E-02   4.43236157E-03
   4152.1734001391260        1.79838557E-02   4.49755648E-03
   4153.6106318786669        2.06468794E-02   4.47818218E-03
   4155.0480736564750        2.36559995E-02   4.58968757E-03
   4156.4857253334567        1.17667783E-02   4.26104525E-03
   4157.9235867705174        1.40672233E-02   4.43569990E-03
   4159.3616578285591        2.01647449E-02   4.57426300E-03
   4160.7999383684910        2.22981013E-02   4.69036167E-03
   4162.2384282512139        1.84279568E-02   4.64278832E-03
   4163.6771273376353        2.02025268E-02   4.70060948E-03
   4165.1160354886588        1.60149690E-02   4.55320766E-03
   4166.5551525651890        2.26981472E-02   4.64682793E-03
   4167.9944784281333        1.83558650E-02   4.54386044E-03
   4169.4340129383918        1.99496225E-02   4.56008408E-03
   4170.8737559568735        2.41638795E-02   4.68503591E-03
   4172.3137073444823        1.96630452E-02   4.41710278E-03
   4173.7538669621217        2.00280119E-02   4.43157228E-03
   4175.1942346706983        1.81248821E-02   4.39450284E-03
   4176.6348103311147        2.09075194E-02   4.44264710E-03
   4178.0755938042785        1.93792190E-02   4.43182467E-03
   4179.5165849510931        2.19984353E-02   4.58530290E-03
   4180.9577836324625        1.94908474E-02   4.51368978E-03
   4182.3991897092928        2.46209837E-02   4.56205336E-03
   4183.8408030424889        1.83032639E-02   4.44404595E-03
   4185.2826234929553        1.42496666E-02   4.30676434E-03
   4186.7246509215965        2.11997144E-02   4.47355676E-03
   4188.1668851893182        1.71773210E-02   4.32387833E-03
   4189.6093261570240        1.86704136E-02   4.38679708E-03
   4191.0519736856204        2.17024852E-02   4.52951016E-03
   4192.4948276360110        2.39579603E-02   4.62707924E-03
   4193.9378878691005        2.27081440E-02   4.57536802E-03
   4195.3811542457943        3.14536914E-02   4.68703173E-03
   4196.8246266269980        1.45168463E-02   4.24040714E-03
   4198.2683048736144        2.72123534E-02   4.46587661E-03
   4199.7121888465508        2.02395264E-02   4.30162856E-03
   4201.1562784067100        2.18720026E-02   4.36349912E-03
   4202.6005734149976        1.99409295E-02   4.36775479E-03
   4204.0450737323199        2.71555986E-02   4.56466526E-03
   4205.4897792195798        1.85702499E-02   4.40131454E-03
   4206.9346897376818        1.46124214E-02   4.45559015E-03
   4208.3798051475324        2.58465130E-02   4.60965512E-03
   4209.8251253100352        1.82266813E-02   4.47671302E-03
   4211.2706500860959        1.41600659E-02   4.35604295E-03
   4212.7163793366190        2.37650909E-02   4.60275449E-03
   4214.1623129225100        1.67682860E-02   4.36597457E-03
   4215.6084507046726        2.07436904E-02   4.45841206E-03
   4217.0547925440114        2.40484793E-02   4.43180325E-03
   4218.5013383014339        1.87383052E-02   4.40970622E-03
   4219.9480878378417        3.11878342E-02   4.72915126E-03
   4221.3950410141406        2.18721684E-02   4.55929991E-03
   4222.8421976912368        1.50333559E-02   4.31112293E-03
   4224.2895577300342        1.49994828E-02   4.14755382E-03
   4225.7371209914381        2.09649280E-02   4.05955873E-03
   4227.1848873363515        2.62076408E-02   4.17171931E-03
   4228.6328566256816        1.36861540E-02   4.02097031E-03
   4230.0810287203321        2.99250465E-02   4.54734312E-03
   4231.5294034812086        2.22308189E-02   4.45717061E-03
   4232.9779807692157        2.43758839E-02   4.46250057E-03
   4234.4267604452571        2.24443339E-02   4.38939454E-03
   4235.8757423702391        2.08045803E-02   4.26029041E-03
   4237.3249264050655        2.42248941E-02   4.37324448E-03
   4238.7743124106419        1.98448133E-02   4.17830516E-03
   4240.2239002478727        2.86676046E-02   4.49341582E-03
   4241.6736897776627        1.78600252E-02   4.25388338E-03
   4243.1236808609174        3.18934731E-02   4.53301752E-03
   4244.5738733585413        2.48353500E-02   4.43798769E-03
   4246.0242671314390        2.50349324E-02   4.42741392E-03
   4247.4748620405153        1.96981765E-02   4.25739028E-03
   4248.9256579466755        1.91001762E-02   4.17860365E-03
   4250.3766547108244        1.76978912E-02   4.09625238E-03
   4251.8278521938664        1.60775334E-02   4.08459827E-03
   4253.2792502567063        2.22561229E-02   4.22266033E-03
   4254.7308487602504        1.51476609E-02   4.10387339E-03
   4256.1826475654016        2.79605668E-02   4.38584760E-03
   4257.6346465330653        1.69483740E-02   4.15624026E-03
   4259.0868455241471        2.40032468E-02   4.24925424E-03
   4260.5392443995515        2.12750696E-02   4.09382489E-03
   4261.9918430201833        1.48222921E-02   4.01622197E-03
   4263.4446412469470        2.12054141E-02   4.25075274E-03
   4264.8976389407480        2.35290397E-02   4.43556020E-03
   4266.3508359624902        1.14639085E-02   4.11473820E-03
   4267.8042321730800        2.33264882E-02   4.35380265E-03
   4269.2578274334201        2.18958706E-02   4.18477040E-03
   4270.7116216044178        2.08991449E-02   4.09216154E-03
   4272.1656145469760        2.13716161E-02   3.96263367E-03
   4273.6198061220011        1.70623753E-02   3.82500049E-03
   4275.0741961903968        1.75264068E-02   4.00475226E-03
   4276.5287846130677        1.46652935E-02   4.03839257E-03
   4277.9835712509202        1.81598272E-02   4.18255059E-03
   4279.4385559648581        2.11015977E-02   4.25300468E-03
   4280.8937386157859        1.99974645E-02   4.19835933E-03
   4282.3491190646091        2.33261604E-02   4.21863003E-03
   4283.8046971722324        1.80279221E-02   4.08262899E-03
   4285.2604727995613        1.59401800E-02   4.05666046E-03
   4286.7164458074994        3.00572757E-02   4.28777747E-03
   4288.1726160569515        1.97473913E-02   4.03737789E-03
   4289.6289834088238        1.70391556E-02   3.93913547E-03
   4291.0855477240202        2.44394522E-02   4.14715894E-03
   4292.5423088634461        2.44810879E-02   4.16872418E-03
   4293.9992666880053        2.25590281E-02   4.14971402E-03
   4295.4564210586041        1.89949479E-02   4.05265624E-03
   4296.9137718361462        1.20800855E-02   3.78629868E-03
   4298.3713188815373        1.39787188E-02   3.67814116E-03
   4299.8290620556809        1.86183956E-02   3.71932704E-03
   4301.2870012194835        1.59234982E-02   3.53833637E-03
   4302.7451362338488        2.01895684E-02   3.73327569E-03
   4304.2034669596824        1.89379938E-02   3.67645081E-03
   4305.6619932578888        1.95751619E-02   3.65333213E-03
   4307.1207149893726        1.88147370E-02   3.64619563E-03
   4308.5796320150384        1.73408780E-02   3.52464989E-03
   4310.0387441957928        1.54692791E-02   3.49712279E-03
   4311.4980513925393        2.11040433E-02   3.70438211E-03
   4312.9575534661826        1.85195934E-02   3.78793688E-03
   4314.4172502776273        1.84751786E-02   3.98264406E-03
   4315.8771416877798        1.87350716E-02   4.18120064E-03
   4317.3372275575430        2.22073533E-02   4.30695759E-03
   4318.7975077478231        2.06717439E-02   4.35670698E-03
   4320.2579821195241        1.26803983E-02   4.16803779E-03
   4321.7186505335503        1.52083477E-02   4.11795778E-03
   4323.1795128508093        1.95966493E-02   4.05706279E-03
   4324.6405689322037        2.52601150E-02   4.01803246E-03
   4326.1018186386391        1.62546374E-02   3.75798135E-03
   4327.5632618310192        2.24006735E-02   4.03609872E-03
   4329.0248983702504        2.16600969E-02   4.13241470E-03
   4330.4867281172365        2.19351240E-02   4.23685042E-03
   4331.9487509328819        2.28284057E-02   4.29230835E-03
   4333.4109666780942        2.12728009E-02   4.24696505E-03
   4334.8733752137750        1.59169342E-02   4.09630314E-03
   4336.3359764008310        1.70915313E-02   4.06541908E-03
   4337.7987701001657        2.06370503E-02   3.92761780E-03
   4339.2617561726856        2.04050876E-02   3.75995412E-03
   4340.7249344792945        2.24848464E-02   3.81401880E-03
   4342.1883048808968        2.50888839E-02   3.90453078E-03
   4343.6518672383991        2.21771169E-02   3.96610657E-03
   4345.1156214127050        2.44308691E-02   4.17539850E-03
   4346.5795672647182        2.17325278E-02   4.14184481E-03
   4348.0437046553461        1.48004740E-02   4.03336389E-03
   4349.5080334454915        1.87747963E-02   4.12586890E-03
   4350.9725534960608        2.08839327E-02   4.08131815E-03
   4352.4372646679585        1.95947327E-02   3.98378447E-03
   4353.9021668220876        2.45359261E-02   4.08326462E-03
   4355.3672598193552        1.84626300E-02   4.03506309E-03
   4356.8325435206652        1.82697121E-02   4.03420115E-03
   4358.2980177869231        2.18334980E-02   4.08664206E-03
   4359.7636824790325        1.38107054E-02   3.97528801E-03
   4361.2295374578989        2.59146169E-02   4.28116275E-03
   4362.6955825844279        2.02164240E-02   4.17928630E-03
   4364.1618177195232        1.83526129E-02   4.16324008E-03
   4365.6282427240913        1.44883404E-02   4.04593954E-03
   4367.0948574590357        2.12203264E-02   4.18772781E-03
   4368.5616617852602        1.27448319E-02   3.95383453E-03
   4370.0286555636712        1.26078278E-02   3.89551953E-03
   4371.4958386551743        2.64626686E-02   4.18705540E-03
   4372.9632109206723        1.59755312E-02   3.86796426E-03
   4374.4307722210715        1.74922645E-02   3.86573793E-03
   4375.8985224172757        1.65958107E-02   3.87085532E-03
   4377.3664613701912        1.24427238E-02   3.85092339E-03
   4378.8345889407219        1.54996170E-02   3.92146083E-03
   4380.3029049897723        1.44317895E-02   3.95667506E-03
   4381.7714093782479        2.21328083E-02   3.93751310E-03
   4383.2401019670533        1.64322518E-02   3.65021965E-03
   4384.7089826170941        1.92967672E-02   3.68744740E-03
   4386.1780511892730        1.72027890E-02   3.72659112E-03
   4387.6473075444965        1.90955605E-02   3.89427948E-03
   4389.1167515436700        2.05321554E-02   3.89655819E-03
   4390.5863830476983        1.96666550E-02   3.92061891E-03
   4392.0562019174840        1.83576606E-02   3.92718893E-03
   4393.5262080139346        2.24574097E-02   4.04429948E-03
   4394.9964011979528        2.30331346E-02   4.03288938E-03
   4396.4667813304450        2.39278655E-02   4.10392275E-03
   4397.9373482723158        1.84191167E-02   3.96840693E-03
   4399.4081018844690        2.26832330E-02   4.07271506E-03
   4400.8790420278119        1.65856257E-02   3.90233984E-03
   4402.3501685632464        2.18141060E-02   3.96220339E-03
   4403.8214813516779        2.14804541E-02   3.93792288E-03
   4405.2929802540139        2.30176188E-02   3.94528359E-03
   4406.7646651311561        1.95316095E-02   3.84133286E-03
   4408.2365358440111        1.89818349E-02   3.94277833E-03
   4409.7085922534825        2.04994027E-02   4.06257156E-03
   4411.1808342204768        1.76425260E-02   4.06830246E-03
   4412.6532616058976        1.28757898E-02   3.96119291E-03
   4414.1258742706505        1.54630998E-02   3.98772815E-03
   4415.5986720756382        1.89387687E-02   3.99270654E-03
   4417.0716548817691        1.99636165E-02   3.95759940E-03
   4418.5448225499458        1.63612012E-02   3.99318384E-03
   4420.0181749410740        2.14403067E-02   4.16285591E-03
   4421.4917119160573        2.13829912E-02   4.13890928E-03
   4422.9654333358012        1.70648731E-02   4.00876813E-03
   4424.4393390612122        1.85565632E-02   4.02220339E-03
   4425.9134289531930        2.05122717E-02   4.06208402E-03
   4427.3877028726492        2.69633178E-02   4.20597149E-03
   4428.8621606804845        1.84235387E-02   4.06297669E-03
   4430.3368022376062        1.84833519E-02   4.05258220E-03
   4431.8116274049171        1.96060874E-02   4.04116837E-03
   4433.2866360433227        1.66787859E-02   3.93278478E-03
   4434.7618280137285        1.80726871E-02   3.88098159E-03
   4436.2372031770374        2.02499684E-02   4.02150024E-03
   4437.7127613941566        2.98487805E-02   4.23989724E-03
   4439.1885025259908        1.84698496E-02   4.06731060E-03
   4440.6644264334418        1.94139332E-02   4.09757579E-03
   4442.1405329774188        2.56023873E-02   4.08756780E-03
   4443.6168220188229        2.74264701E-02   4.17738920E-03
   4445.0932934185612        1.69919915E-02   3.99531936E-03
   4446.5699470375375        1.71385631E-02   4.00098832E-03
   4448.0467827366574        2.37266123E-02   4.18231776E-03
   4449.5238003768254        1.70630533E-02   4.01635189E-03
   4451.0009998189462        1.32526411E-02   3.94667638E-03
   4452.4783809239252        2.62743793E-02   4.17803228E-03
   4453.9559435526671        2.97964457E-02   4.19851253E-03
   4455.4336875660756        1.87318493E-02   3.91753111E-03
   4456.9116128250571        2.05214452E-02   3.86812584E-03
   4458.3897191905144        2.09179055E-02   3.93540179E-03
   4459.8680065233557        1.90479215E-02   3.87128117E-03
   4461.3464746844829        1.99057218E-02   3.90020269E-03
   4462.8251235348016        2.16735452E-02   4.00395459E-03
   4464.3039529352163        1.46264164E-02   3.88764963E-03
   4465.7829627466335        2.49508135E-02   4.14311932E-03
   4467.2621528299569        1.95086207E-02   4.02701134E-03
   4468.7415230460920        2.29513347E-02   4.09635343E-03
   4470.2210732559415        2.21914686E-02   4.04374767E-03
   4471.7008033204129        2.39383094E-02   4.17467486E-03
   4473.1807131004098        1.63294282E-02   4.07568458E-03
   4474.6608024568377        2.58987173E-02   4.25555371E-03
   4476.1410712506004        2.27387343E-02   4.23983950E-03
   4477.6215193426024        2.60616168E-02   4.25357884E-03
   4479.1021465937511        2.39773039E-02   4.18299763E-03
   4480.5829528649492        1.26615046E-02   3.86570604E-03
   4482.0639380171024        2.62620635E-02   4.14701412E-03
   4483.5451019111142        2.10772883E-02   4.04241867E-03
   4485.0264444078912        2.64261775E-02   4.22027754E-03
   4486.5079653683379        2.57927403E-02   4.27983189E-03
   4487.9896646533580        2.06544455E-02   4.11677780E-03
   4489.4715421238579        1.83945186E-02   4.05528722E-03
   4490.9535976407406        2.48255953E-02   4.13286733E-03
   4492.4358310649122        1.66276284E-02   3.98077676E-03
   4493.9182422572785        2.54993904E-02   4.14592633E-03
   4495.4008310787431        2.78392602E-02   4.22113528E-03
   4496.8835973902096        1.26701556E-02   3.92459659E-03
   4498.3665410525846        2.20510159E-02   4.11420129E-03
   4499.8496619267735        2.12470181E-02   4.07834770E-03
   4501.3329598736791        2.99373344E-02   4.32624482E-03
   4502.8164347542088        2.08963249E-02   4.20353655E-03
   4504.3000864292653        1.71459280E-02   4.11651796E-03
   4505.7839147597533        2.60497611E-02   4.31912532E-03
   4507.2679196065801        1.56353991E-02   4.08039056E-03
   4508.7521008306476        5.96434483E-03   3.89111135E-03
   4510.2364582928631        1.41082993E-02   4.04098909E-03
   4511.7209918541294        2.46477369E-02   4.20150114E-03
   4513.2057013753529        1.67554133E-02   4.03955812E-03
   4514.6905867174382        2.28686202E-02   4.20297263E-03
   4516.1756477412891        2.02667657E-02   4.07644268E-03
   4517.6608843078111        1.85618624E-02   4.10573184E-03
   4519.1462962779096        1.33541664E-02   3.96578619E-03
   4520.6318835124894        1.87590867E-02   4.06961795E-03
   4522.1176458724540        1.10993749E-02   3.89580103E-03
   4523.6035832187090        1.92286614E-02   4.02517291E-03
   4525.0896954121599        2.32401807E-02   4.14281711E-03
   4526.5759823137114        2.33615171E-02   4.00734181E-03
   4528.0624437842680        2.12866310E-02   3.90843162E-03
   4529.5490796847334        1.76582877E-02   3.86264315E-03
   4531.0358898760151        1.54908290E-02   3.84207186E-03
   4532.5228742190166        1.93906482E-02   3.93617526E-03
   4534.0100325746407        1.60024576E-02   3.88466218E-03
   4535.4973648037958        2.33862363E-02   4.06968920E-03
   4536.9848707673855        2.30141766E-02   4.02313937E-03
   4538.4725503263126        1.77797228E-02   4.02104063E-03
   4539.9604033414844        2.27558706E-02   4.16562892E-03
   4541.4484296738055        1.78634319E-02   4.02707839E-03
   4542.9366291841798        1.80724934E-02   4.01669834E-03
   4544.4250017335116        2.19333842E-02   4.08623368E-03
   4545.9135471827085        2.66244784E-02   4.15374851E-03
   4547.4022653926722        1.50555363E-02   3.88786732E-03
   4548.8911562243093        1.55561538E-02   3.86729371E-03
   4550.3802195385251        2.06994545E-02   3.99264414E-03
   4551.8694551962217        1.98275130E-02   3.97163397E-03
   4553.3588630583081        2.52333451E-02   4.08063270E-03
   4554.8484429856853        2.07684953E-02   3.98514140E-03
   4556.3381948392607        2.28208434E-02   4.04888159E-03
   4557.8281184799371        2.30606757E-02   4.04760288E-03
   4559.3182137686217        1.69521775E-02   4.06141812E-03
   4560.8084805662174        2.42249556E-02   4.18662932E-03
   4562.2989187336298        1.94789954E-02   4.05095331E-03
   4563.7895281317633        2.00734809E-02   4.04841546E-03
   4565.2803086215245        2.21535191E-02   4.04383987E-03
   4566.7712600638160        2.00353712E-02   4.01670625E-03
   4568.2623823195436        1.41603807E-02   3.89684271E-03
   4569.7536752496126        2.70460937E-02   4.14040312E-03
   4571.2451387149267        1.63547136E-02   3.96674825E-03
   4572.7367725763916        2.06806604E-02   3.99233913E-03
   4574.2285766949117        1.61378384E-02   3.92188178E-03
   4575.7205509313917        1.54026086E-02   3.94120114E-03
   4577.2126951467380        1.53829083E-02   3.94735904E-03
   4578.7050092018544        1.99960433E-02   3.99337057E-03
   4580.1974929576445        1.55966803E-02   3.84599762E-03
   4581.6901462750147        2.09111664E-02   3.94251244E-03
   4583.1829690148697        2.81410087E-02   4.06015711E-03
   4584.6759610381141        2.08258405E-02   3.92155955E-03
   4586.1691222056534        2.16847286E-02   3.94913228E-03
   4587.6624523783912        1.90257896E-02   3.91755812E-03
   4589.1559514172322        1.80855170E-02   3.93872615E-03
   4590.6496191830829        2.34164018E-02   4.03652759E-03
   4592.1434555368478        2.11648736E-02   3.98836844E-03
   4593.6374603394297        1.47953052E-02   3.81774711E-03
   4595.1316334517369        2.20619608E-02   3.93633312E-03
   4596.6259747346703        2.50021666E-02   4.00599977E-03
   4598.1204840491382        2.29108743E-02   3.97359673E-03
   4599.6151612560434        2.14787330E-02   3.91878420E-03
   4601.1100062162905        1.58684906E-02   3.82695603E-03
   4602.6050187907858        1.87963750E-02   3.87309771E-03
   4604.1001988404341        2.46998612E-02   3.96827469E-03
   4605.5955462261390        1.46692889E-02   3.77291045E-03
   4607.0910608088070        2.29614116E-02   3.99445044E-03
   4608.5867424493417        1.82175022E-02   3.91346356E-03
   4610.0825910086478        1.25890328E-02   3.79939727E-03
   4611.5786063476307        1.89324990E-02   3.92493932E-03
   4613.0747883271952        1.72136091E-02   3.88760888E-03
   4614.5711368082457        1.40241235E-02   3.79959657E-03
   4616.0676516516878        2.32240539E-02   4.03511198E-03
   4617.5643327184271        2.02442706E-02   3.86428856E-03
   4619.0611798693653        1.15992008E-02   3.74931120E-03
   4620.5581929654109        2.24389080E-02   3.97986779E-03
   4622.0553718674664        1.73697919E-02   3.86404968E-03
   4623.5527164364385        2.29134355E-02   3.98612861E-03
   4625.0502265332289        1.63540151E-02   3.85128451E-03
   4626.5479020187458        9.93087981E-03   3.71320616E-03
   4628.0457427538922        1.19667733E-02   3.71031067E-03
   4629.5437485995744        1.50702521E-02   3.87688936E-03
   4631.0419194166952        2.21750755E-02   3.97626497E-03
   4632.5402550661620        1.40241655E-02   3.77410999E-03
   4634.0387554088775        1.92398559E-02   3.86829535E-03
   4635.5374203057463        1.12132533E-02   3.70800542E-03
   4637.0362496176758        2.72740219E-02   4.00191406E-03
   4638.5352432055688        2.75340416E-02   4.02024947E-03
   4640.0344009303299        2.04332285E-02   3.83645436E-03
   4641.5337226528663        2.19536964E-02   3.87592125E-03
   4643.0332082340801        2.10746694E-02   3.92705388E-03
   4644.5328575348776        2.39391495E-02   3.94291850E-03
   4646.0326704161635        1.95807423E-02   3.81451962E-03
   4647.5326467388413        2.09900979E-02   3.79541051E-03
   4649.0327863638186        1.88078564E-02   3.77161358E-03
   4650.5330891519970        1.72561947E-02   3.74380802E-03
   4652.0335549642841        1.65574867E-02   3.77542968E-03
   4653.5341836615844        1.99093521E-02   3.85095831E-03
   4655.0349751048007        1.59180462E-02   3.72019503E-03
   4656.5359291548402        1.54030304E-02   3.70444986E-03
   4658.0370456726059        1.09595722E-02   3.69765772E-03
   4659.5383245190042        2.12538913E-02   3.91971320E-03
   4661.0397655549386        1.55756380E-02   3.83040332E-03
   4662.5413686413149        1.66640822E-02   3.82844568E-03
   4664.0431336390384        1.84348766E-02   3.77896102E-03
   4665.5450604090120        2.62461156E-02   3.86519334E-03
   4667.0471488121430        1.76956691E-02   3.69355991E-03
   4668.5493987093341        2.23871693E-02   3.73511412E-03
   4670.0518099614901        2.37520337E-02   3.82607779E-03
   4671.5543824295191        1.23637952E-02   3.63064697E-03
   4673.0571159743222        2.00609192E-02   3.81553313E-03
   4674.5600104568057        2.28697564E-02   3.89656052E-03
   4676.0630657378742        1.99850891E-02   3.86621919E-03
   4677.5662816784334        2.47020517E-02   3.91762285E-03
   4679.0696581393877        2.39955466E-02   3.92918242E-03
   4680.5731949816409        2.13271193E-02   3.77372629E-03
   4682.0768920660985        2.30238829E-02   3.81922419E-03
   4683.5807492536669        2.02008989E-02   3.83817987E-03
   4685.0847664052490        2.20000204E-02   3.86372861E-03
   4686.5889433817511        2.08958909E-02   3.85528640E-03
   4688.0932800440760        2.45452989E-02   3.91737511E-03
   4689.5977762531302        2.60647442E-02   3.96293774E-03
   4691.1024318698173        2.33577117E-02   3.88536765E-03
   4692.6072467550448        1.48116099E-02   3.72397853E-03
   4694.1122207697153        2.07927767E-02   3.86216491E-03
   4695.6173537747327        2.01600567E-02   3.83597077E-03
   4697.1226456310051        2.61371881E-02   3.98977241E-03
   4698.6280961994335        2.59557627E-02   3.93018546E-03
   4700.1337053409261        1.45814521E-02   3.65800830E-03
   4701.6394729163858        2.68811975E-02   3.90667701E-03
   4703.1453987867180        2.13660002E-02   3.76234227E-03
   4704.6514828128284        2.05638614E-02   3.80802527E-03
   4706.1577248556205        2.23086905E-02   3.81018664E-03
   4707.6641247759990        2.29284372E-02   3.83160147E-03
   4709.1706824348703        1.46547332E-02   3.68300267E-03
   4710.6773976931381        1.55219408E-02   3.72405909E-03
   4712.1842704117080        1.55503070E-02   3.68276588E-03
   4713.6913004514836        2.12376341E-02   3.86051368E-03
   4715.1984876733713        1.70813389E-02   3.76085448E-03
   4716.7058319382750        1.68839488E-02   3.79987410E-03
   4718.2133331070991        2.37503070E-02   3.97163071E-03
   4719.7209910407491        1.69688072E-02   3.81086650E-03
   4721.2288056001307        1.41096255E-02   3.80010926E-03
   4722.7367766461475        1.16891908E-02   3.73014342E-03
   4724.2449040397041        2.18180753E-02   3.93203041E-03
   4725.7531876417070        2.34989095E-02   3.94191267E-03
   4727.2616273130589        2.01660730E-02   3.84594430E-03
   4728.7702229146671        2.39493400E-02   3.85336555E-03
   4730.2789743074336        1.25509100E-02   3.65140894E-03
   4731.7878813522657        2.24380270E-02   3.79639794E-03
   4733.2969439100671        1.57710649E-02   3.73016112E-03
   4734.8061618417432        1.76476147E-02   3.77122848E-03
   4736.3155350081988        1.62743349E-02   3.77612095E-03
   4737.8250632703375        2.14522742E-02   3.89089785E-03
   4739.3347464890658        1.99852195E-02   3.83905554E-03
   4740.8445845252882        1.80996247E-02   3.83185619E-03
   4742.3545772399084        2.37713102E-02   3.92562058E-03
   4743.8647244938320        2.10535880E-02   3.87083064E-03
   4745.3750261479645        1.81610137E-02   3.84334382E-03
   4746.8854820632096        1.81227662E-02   3.88704776E-03
   4748.3960921004727        1.56032220E-02   3.79462331E-03
   4749.9068561206595        1.24390684E-02   3.74963460E-03
   4751.4177739846737        2.05610842E-02   3.87631124E-03
   4752.9288455534206        1.87197253E-02   3.82091338E-03
   4754.4400706878041        1.73521619E-02   3.78571334E-03
   4755.9514492487315        1.50185535E-02   3.72709334E-03
   4757.4629810971037        1.92796905E-02   3.78619647E-03
   4758.9746660938290        1.43955303E-02   3.76343890E-03
   4760.4865040998111        1.88294481E-02   3.85133992E-03
   4761.9984949759555        2.08676867E-02   3.84381996E-03
   4763.5106385831659        1.86971258E-02   3.76406102E-03
   4765.0229347823479        2.06857342E-02   3.79101699E-03
   4766.5353834344060        1.33985244E-02   3.65664880E-03
   4768.0479844002448        1.69864409E-02   3.73626547E-03
   4769.5607375407699        2.12330837E-02   3.90442717E-03
   4771.0736427168858        1.89695600E-02   3.86298588E-03
   4772.5866997894964        1.90707594E-02   3.86381941E-03
   4774.0999086195088        1.59749258E-02   3.80562572E-03
   4775.6132690678269        1.59265585E-02   3.80056188E-03
   4777.1267809953533        1.92263853E-02   3.86638893E-03
   4778.6404442629955        2.58311164E-02   4.00786521E-03
   4780.1542587316580        1.91606227E-02   3.85244330E-03
   4781.6682242622446        1.89500917E-02   3.88781819E-03
   4783.1823407156617        1.82325505E-02   3.81305488E-03
   4784.6966079528120        1.49785168E-02   3.77101242E-03
   4786.2110258346029        1.71685889E-02   3.79037089E-03
   4787.7255942219372        1.60680059E-02   3.73555603E-03
   4789.2403129757204        2.04755720E-02   3.82471690E-03
   4790.7551819568562        1.76942665E-02   3.81474663E-03
   4792.2702010262528        1.77304130E-02   3.85252037E-03
   4793.7853700448122        1.60306096E-02   3.83993494E-03
   4795.3006888734399        1.89926494E-02   3.88899771E-03
   4796.8161573730404        9.90408380E-03   3.69670941E-03
   4798.3317754045202        2.00303104E-02   3.88222071E-03
   4799.8475428287811        2.33925246E-02   3.96256149E-03
   4801.3634595067306        1.84232667E-02   3.83453001E-03
   4802.8795252992732        1.75622124E-02   3.80647322E-03
   4804.3957400673125        1.59833487E-02   3.78422020E-03
   4805.9121036717543        1.68773923E-02   3.83250648E-03
   4807.4286159735029        1.19953640E-02   3.67199257E-03
   4808.9452768334640        1.72003973E-02   3.78166861E-03
   4810.4620861125422        8.42831563E-03   3.62940296E-03
   4811.9790436716421        8.06116592E-03   3.64442682E-03
   4813.4961493716683        1.52635295E-02   3.77493165E-03
   4815.0134030735262        1.39363781E-02   3.80085991E-03
   4816.5308046381197        1.06194913E-02   3.72167863E-03
   4818.0483539263541        1.38047151E-02   3.77835426E-03
   4819.5660507991361        2.20992863E-02   3.94866150E-03
   4821.0838951173673        1.22302035E-02   3.74102243E-03
   4822.6018867419552        1.67017300E-02   3.77987768E-03
   4824.1200255338026        1.89865548E-02   3.82352690E-03
   4825.6383113538159        2.11976990E-02   3.89619870E-03
   4827.1567440628987        2.47285329E-02   3.95651814E-03
   4828.6753235219576        2.01757215E-02   3.88085051E-03
   4830.1940495918961        1.38294157E-02   3.74553329E-03
   4831.7129221336190        1.33441109E-02   3.70387454E-03
   4833.2319410080327        1.73836015E-02   3.78155033E-03
   4834.7511060760389        1.63702872E-02   3.79012688E-03
   4836.2704171985470        1.89286117E-02   3.84654617E-03
   4837.7898742364569        2.35033128E-02   3.93633870E-03
   4839.3094770506768        2.07178723E-02   3.85803683E-03
   4840.8292255021097        2.30876785E-02   3.88350105E-03
   4842.3491194516628        1.97390690E-02   3.81162553E-03
   4843.8691587602389        2.03619916E-02   3.86467925E-03
   4845.3893432887426        1.62545964E-02   3.77743575E-03
   4846.9096728980803        2.85313185E-02   4.02938481E-03
   4848.4301474491558        1.81123950E-02   3.77943576E-03
   4849.9507668028746        2.55753398E-02   3.89650534E-03
   4851.4715308201412        2.07265727E-02   3.82901449E-03
   4852.9924393618594        1.82580110E-02   3.73280724E-03
   4854.5134922889365        2.19677500E-02   3.78061552E-03
   4856.0346894622753        2.27166135E-02   3.75177106E-03
   4857.5560307427804        1.87807698E-02   3.56763625E-03
   4859.0775159913592        2.34663188E-02   3.62296263E-03
   4860.5991450689144        2.09213402E-02   3.45222862E-03
   4862.1209178363506        2.32468434E-02   3.47324065E-03
   4863.6428341545743        2.80432347E-02   3.63935903E-03
   4865.1648938844892        2.33562943E-02   3.63603584E-03
   4866.6870968869998        2.03302614E-02   3.70417838E-03
   4868.2094430230118        2.56607365E-02   3.78986308E-03
   4869.7319321534305        2.45579593E-02   3.79922055E-03
   4871.2545641391589        1.85555853E-02   3.62422457E-03
   4872.7773388411042        1.95433814E-02   3.65265436E-03
   4874.3002561201693        2.62450501E-02   3.82339279E-03
   4875.8233158372595        2.93357335E-02   3.91083304E-03
   4877.3465178532806        2.73016170E-02   3.89513536E-03
   4878.8698620291361        2.10593306E-02   3.82698257E-03
   4880.3933482257326        1.52836870E-02   3.70787876E-03
   4881.9169763039736        2.26963218E-02   3.84882116E-03
   4883.4407461247638        2.09196657E-02   3.77139682E-03
   4884.9646575490087        2.06662808E-02   3.79031268E-03
   4886.4887104376130        1.74837634E-02   3.69443628E-03
   4888.0129046514821        1.97418649E-02   3.71348090E-03
   4889.5372400515189        2.18517911E-02   3.71008087E-03
   4891.0617164986297        1.20883035E-02   3.43910838E-03
   4892.5863338537201        1.97544433E-02   3.70993372E-03
   4894.1110919776938        2.41056494E-02   3.85442679E-03
   4895.6359907314563        1.82218179E-02   3.80936125E-03
   4897.1610299759122        1.91656575E-02   3.82236927E-03
   4898.6862095719662        1.09782796E-02   3.61840450E-03
   4900.2115293805227        1.15205739E-02   3.64773255E-03
   4901.7369892624865        2.37521846E-02   3.87635874E-03
   4903.2625890787640        2.05559917E-02   3.78449541E-03
   4904.7883286902579        1.48901297E-02   3.72470100E-03
   4906.3142079578747        2.06220299E-02   3.84224905E-03
   4907.8402267425190        1.92589518E-02   3.76584451E-03
   4909.3663849050963        2.30775718E-02   3.81684536E-03
   4910.8926823065094        1.68202929E-02   3.64631996E-03
   4912.4191188076647        1.73158590E-02   3.68075701E-03
   4913.9456942694651        2.44138818E-02   3.88078485E-03
   4915.4724085528187        1.96488779E-02   3.74758616E-03
   4916.9992615186284        2.43764427E-02   3.86819220E-03
   4918.5262530277996        1.92769282E-02   3.63597227E-03
   4920.0533829412361        1.44011797E-02   3.48039344E-03
   4921.5806511198443        2.28317194E-02   3.64176137E-03
   4923.1080574245270        1.38831660E-02   3.50298127E-03
   4924.6356017161916        1.85021814E-02   3.67239537E-03
   4926.1632838557407        1.70734022E-02   3.70928110E-03
   4927.6911037040800        1.58854164E-02   3.67638306E-03
   4929.2190611221149        2.01422516E-02   3.81519226E-03
   4930.7471559707501        2.62466073E-02   3.95543687E-03
   4932.2753881108893        2.36384124E-02   3.85706965E-03
   4933.8037574034388        2.09315978E-02   3.78551055E-03
   4935.3322637093024        1.77330505E-02   3.68024129E-03
   4936.8609068893866        2.14772485E-02   3.76846734E-03
   4938.3896868045940        1.57680158E-02   3.61931697E-03
   4939.9186033158303        1.55884763E-02   3.55580659E-03
   4941.4476562840009        2.11205054E-02   3.78331263E-03
   4942.9768455700105        2.16609538E-02   3.82803101E-03
   4944.5061710347627        1.37529764E-02   3.66745843E-03
   4946.0356325391649        2.00996809E-02   3.80519941E-03
   4947.5652299441190        1.03928261E-02   3.62734916E-03
   4949.0949631105314        1.70528069E-02   3.72736109E-03
   4950.6248318993075        1.35153336E-02   3.65781062E-03
   4952.1548361713521        1.73311904E-02   3.76852578E-03
   4953.6849757875689        2.29688454E-02   3.86587740E-03
   4955.2152506088623        1.32633075E-02   3.61557398E-03
   4956.7456604961390        1.26688099E-02   3.51176062E-03
   4958.2762053103033        1.81093514E-02   3.61926411E-03
   4959.8068849122583        8.19481350E-03   3.51386005E-03
   4961.3376991629120        7.75021082E-03   3.52941174E-03
   4962.8686479231656        1.56395398E-02   3.72693106E-03
   4964.3997310539271        1.43291941E-02   3.73737677E-03
   4965.9309484161004        1.98574383E-02   3.75643838E-03
   4967.4622998705900        1.99696347E-02   3.74801550E-03
   4968.9937852783005        1.63182467E-02   3.67425708E-03
   4970.5254045001375        2.06944365E-02   3.77003010E-03
   4972.0571573970055        1.13906907E-02   3.62142338E-03
   4973.5890438298084        1.25575187E-02   3.65854031E-03
   4975.1210636594524        2.07965951E-02   3.80899129E-03
   4976.6532167468413        1.71541683E-02   3.75479436E-03
   4978.1855029528815        1.85705870E-02   3.73458606E-03
   4979.7179221384768        1.76602658E-02   3.70573462E-03
   4981.2504741645316        1.71039365E-02   3.62424343E-03
   4982.7831588919516        1.75479054E-02   3.57735227E-03
   4984.3159761816414        1.29938070E-02   3.46115953E-03
   4985.8489258945056        1.57767031E-02   3.60899325E-03
   4987.3820078914487        1.93985943E-02   3.71359917E-03
   4988.9152220333772        1.52020454E-02   3.68606113E-03
   4990.4485681811939        2.08270866E-02   3.75992572E-03
   4991.9820461958043        2.61201784E-02   3.85390664E-03
   4993.5156559381139        2.50233058E-02   3.87193356E-03
   4995.0493972690274        1.81008521E-02   3.71930329E-03
   4996.5832700494493        1.32710338E-02   3.64519795E-03
   4998.1172741402852        2.42626946E-02   3.85715882E-03
   4999.6514094024378        2.67843977E-02   3.91128380E-03
   5001.1856756968155        1.51863936E-02   3.63070751E-03
   5002.7200728843200        1.66144148E-02   3.61645292E-03
   5004.2546008258569        2.01313458E-02   3.69610498E-03
   5005.7892593823317        2.01788917E-02   3.67787131E-03
   5007.3240484146490        1.85006410E-02   3.67302704E-03
   5008.8589677837135        2.05481313E-02   3.73925618E-03
   5010.3940173504307        2.09522098E-02   3.74303898E-03
   5011.9291969757051        2.88917534E-02   3.89870792E-03
   5013.4645065204404        2.23192964E-02   3.74179101E-03
   5014.9999458455432        1.77464038E-02   3.63239250E-03
   5016.5355148119170        1.80868506E-02   3.65868094E-03
   5018.0712132804674        3.12038269E-02   3.88457603E-03
   5019.6070411120991        2.18357407E-02   3.74202267E-03
   5021.1429981677175        2.72494704E-02   3.91008519E-03
   5022.6790843082263        2.01322045E-02   3.72409099E-03
   5024.2152993945301        1.66329723E-02   3.69530357E-03
   5025.7516432875354        2.24542636E-02   3.81943979E-03
   5027.2881158481468        1.69633981E-02   3.69407819E-03
   5028.8247169372680        2.76016332E-02   3.93408537E-03
   5030.3614464158036        1.91675127E-02   3.75903212E-03
   5031.8983041446600        2.08259318E-02   3.85178765E-03
   5033.4352899847427        2.56449096E-02   3.95993143E-03
   5034.9724037969536        2.33034696E-02   3.84924444E-03
   5036.5096454421991        1.80730745E-02   3.72473989E-03
   5038.0470147813840        2.18605753E-02   3.78975668E-03
   5039.5845116754135        1.92972161E-02   3.64627689E-03
   5041.1221359851925        1.88451130E-02   3.68985347E-03
   5042.6598875716245        1.72915421E-02   3.63737624E-03
   5044.1977662956160        2.05489378E-02   3.77578870E-03
   5045.7357720180717        2.07460262E-02   3.83489602E-03
   5047.2739045998951        1.30841471E-02   3.66676459E-03
   5048.8121639019928        2.52278801E-02   3.91816115E-03
   5050.3505497852684        1.46671748E-02   3.68650979E-03
   5051.8890621106275        1.92844477E-02   3.75650683E-03
   5053.4277007389737        1.63318776E-02   3.75341182E-03
   5054.9664655312126        1.23262713E-02   3.68157960E-03
   5056.5053563482497        2.75683329E-02   4.01381589E-03
   5058.0443730509896        3.06717250E-02   4.10026312E-03
   5059.5835155003360        2.66952924E-02   4.03494947E-03
   5061.1227835571954        1.91124864E-02   3.89659638E-03
   5062.6621770824722        2.27904804E-02   3.93644022E-03
   5064.2016959370694        1.98867712E-02   3.87069699E-03
   5065.7413399818943        1.81423388E-02   3.77979199E-03
   5067.2811090778505        2.62882393E-02   3.93108279E-03
   5068.8210030858436        2.12664306E-02   3.86637077E-03
   5070.3610218667773        1.84602775E-02   3.79194692E-03
   5071.9011652815580        1.72424596E-02   3.82384146E-03
   5073.4414331910893        1.85559131E-02   3.77772003E-03
   5074.9818254562770        1.71386022E-02   3.75878322E-03
   5076.5223419380245        1.85419060E-02   3.83132696E-03
   5078.0629824972384        1.80465393E-02   3.75509751E-03
   5079.6037469948224        2.54993178E-02   3.91534017E-03
   5081.1446352916810        1.90515239E-02   3.71628767E-03
   5082.6856472487207        2.01388299E-02   3.75232263E-03
   5084.2267827268452        1.89671442E-02   3.79316579E-03
   5085.7680415869590        2.02054102E-02   3.84391029E-03
   5087.3094236899669        1.76019669E-02   3.80156329E-03
   5088.8509288967753        1.13924649E-02   3.72516690E-03
   5090.3925570682877        1.52481738E-02   3.82279302E-03
   5091.9343080654089        1.61118563E-02   3.85554205E-03
   5093.4761817490453        1.91894453E-02   3.94232292E-03
   5095.0181779800996        1.79450326E-02   3.84474639E-03
   5096.5602966194783        1.83344055E-02   3.83789209E-03
   5098.1025375280851        1.89880393E-02   3.77652305E-03
   5099.6449005668255        2.28707287E-02   3.88274086E-03
   5101.1873855966041        2.31491029E-02   3.92774865E-03
   5102.7299924783265        1.19928177E-02   3.74725810E-03
   5104.2727210728963        2.27740202E-02   3.94050218E-03
   5105.8155712412190        1.53414411E-02   3.77948978E-03
   5107.3585428441993        2.44852714E-02   3.93658644E-03
   5108.9016357427427        1.49743631E-02   3.74519383E-03
   5110.4448497977528        2.21909229E-02   3.91291268E-03
   5111.9881848701352        1.74907558E-02   3.81359551E-03
   5113.5316408207946        1.94910876E-02   3.88471503E-03
   5115.0752175106372        1.86489802E-02   3.91733879E-03
   5116.6189148005651        2.02694368E-02   3.91324190E-03
   5118.1627325514864        1.82172488E-02   3.89789045E-03
   5119.7066706243022        2.09266469E-02   3.93414637E-03
   5121.2507288799206        1.51188215E-02   3.77533818E-03
   5122.7949071792445        1.45048182E-02   3.72376433E-03
   5124.3392053831803        2.03886628E-02   3.82814370E-03
   5125.8836233526308        1.75978988E-02   3.77080007E-03
   5127.4281609485033        1.92381572E-02   3.82593600E-03
   5128.9728180317006        1.77589841E-02   3.76025611E-03
   5130.5175944631283        1.58994012E-02   3.82025423E-03
   5132.0624901036908        2.31698398E-02   3.93149722E-03
   5133.6075048142939        1.74874235E-02   3.83990817E-03
   5135.1526384558429        2.29564570E-02   3.93281598E-03
   5136.6978908892406        2.90512946E-02   4.10791067E-03
   5138.2432619753936        2.27307566E-02   3.88458068E-03
   5139.7887515752063        2.18400564E-02   3.82592482E-03
   5141.3343595495835        2.46562194E-02   3.91064677E-03
   5142.8800857594297        2.09724791E-02   3.88480071E-03
   5144.4259300656486        1.38483895E-02   3.72944237E-03
   5145.9718923291484        1.73588675E-02   3.78961256E-03
   5147.5179724108311        2.03534700E-02   3.90169979E-03
   5149.0641701716022        1.82388667E-02   3.82381724E-03
   5150.6104854723671        2.25072056E-02   3.90536734E-03
   5152.1569181740315        2.22899113E-02   3.95784574E-03
   5153.7034681374980        2.29683220E-02   3.92835820E-03
   5155.2501352236723        2.65026800E-02   4.02812334E-03
   5156.7969192934588        1.59483999E-02   3.83713306E-03
   5158.3438202077641        2.13579927E-02   3.96289257E-03
   5159.8908378274928        2.22428422E-02   4.00293665E-03
   5161.4379720135476        1.83453839E-02   3.87131376E-03
   5162.9852226268358        1.27543332E-02   3.76628805E-03
   5164.5325895282604        1.70483999E-02   3.70452623E-03
   5166.0800725787258        1.77328475E-02   3.61207104E-03
   5167.6276716391403        1.91117376E-02   3.58802057E-03
   5169.1753865704059        2.13579331E-02   3.62978666E-03
   5170.7232172334270        2.26076171E-02   3.65643413E-03
   5172.2711634891093        2.17221975E-02   3.64023983E-03
   5173.8192251983592        2.40999218E-02   3.73658352E-03
   5175.3674022220794        1.60912257E-02   3.68568022E-03
   5176.9156944211754        2.08973531E-02   3.90803209E-03
   5178.4641016565529        2.68764943E-02   4.08308720E-03
   5180.0126237891163        2.31881626E-02   3.97179415E-03
   5181.5612606797686        2.19573118E-02   3.79633484E-03
   5183.1100121894178        1.41864754E-02   3.51663493E-03
   5184.6588781789651        2.33914927E-02   3.66313290E-03
   5186.2078585093195        1.86007582E-02   3.71162058E-03
   5187.7569530413839        2.56131254E-02   3.99177149E-03
   5189.3061616360619        1.88530162E-02   3.86728579E-03
   5190.8554841542600        2.67731287E-02   4.01237234E-03
   5192.4049204568819        2.03344878E-02   3.88827687E-03
   5193.9544704048340        1.73996035E-02   3.76251154E-03
   5195.5041338590199        2.06013713E-02   3.95828998E-03
   5197.0539106803444        1.76521894E-02   3.95359751E-03
   5198.6038007297129        1.87488031E-02   4.00796346E-03
   5200.1538038680301        2.58483402E-02   4.23132768E-03
   5201.7039199562014        1.87476333E-02   4.03842097E-03
   5203.2541488551296        2.34275442E-02   4.00835602E-03
   5204.8044904257231        2.68223472E-02   4.06510383E-03
   5206.3549445288836        2.05716677E-02   3.87151400E-03
   5207.9055110255176        2.51496881E-02   3.95154813E-03
   5209.4561897765288        2.23525837E-02   3.93984374E-03
   5211.0069806428210        2.23892368E-02   3.98312230E-03
   5212.5578834853031        2.35815961E-02   4.02962277E-03
   5214.1088981648763        2.33103894E-02   4.03112173E-03
   5215.6600245424479        2.63498686E-02   4.05938225E-03
   5217.2112624789197        2.06568800E-02   3.89303360E-03
   5218.7626118352000        1.80426873E-02   3.89435934E-03
   5220.3140724721916        1.99323911E-02   4.01658239E-03
   5221.8656442508000        1.59035977E-02   3.92864738E-03
   5223.4173270319297        1.75117776E-02   3.92731698E-03
   5224.9691206764846        1.73360724E-02   3.84858414E-03
   5226.5210250453720        1.81909949E-02   3.78978741E-03
   5228.0730399994945        1.91890169E-02   3.86400451E-03
   5229.6251653997579        1.44419335E-02   3.77432746E-03
   5231.1774011070675        1.18535943E-02   3.75864119E-03
   5232.7297469823279        1.63475350E-02   3.82987643E-03
   5234.2822028864421        2.22984739E-02   3.92703991E-03
   5235.8347686803181        1.99300349E-02   3.97425331E-03
   5237.3874442248589        1.56445540E-02   3.92779848E-03
   5238.9402293809690        1.37331765E-02   3.92048387E-03
   5240.4931240095548        2.70531643E-02   4.14797151E-03
   5242.0461279715200        2.35205181E-02   4.07048594E-03
   5243.5992411277684        1.75421666E-02   3.99102923E-03
   5245.1524633392073        1.99145619E-02   4.01529670E-03
   5246.7057944667395        2.85997558E-02   4.20899503E-03
   5248.2592343712722        2.18257923E-02   4.05059988E-03
   5249.8127829137075        2.21009851E-02   4.01415024E-03
   5251.3664399549525        1.90098621E-02   3.95332789E-03
   5252.9202053559102        1.99277438E-02   4.00577672E-03
   5254.4740789774860        1.85401849E-02   3.93937249E-03
   5256.0280606805863        1.95879005E-02   4.00982238E-03
   5257.5821503261132        2.28159837E-02   4.12110612E-03
   5259.1363477749746        2.34659556E-02   4.14910167E-03
   5260.6906528880736        1.47060910E-02   3.91853275E-03
   5262.2450655263146        1.85396522E-02   3.92098119E-03
   5263.7995855506033        1.76725425E-02   3.77601595E-03
   5265.3542128218442        2.38006860E-02   3.88721866E-03
   5266.9089472009427        2.12378725E-02   3.84902395E-03
   5268.4637885488037        1.56870633E-02   3.70808132E-03
   5270.0187367263297        2.36900821E-02   3.90086370E-03
   5271.5737915944292        2.24905107E-02   3.90643440E-03
   5273.1289530140057        2.19286010E-02   3.92562104E-03
   5274.6842208459630        1.51228141E-02   3.84058384E-03
   5276.2395949512056        2.08293423E-02   4.00973065E-03
   5277.7950751906410        1.25737023E-02   3.85071966E-03
   5279.3506614251710        2.09677275E-02   4.09649871E-03
   5280.9063535157029        1.25645865E-02   3.85488640E-03
   5282.4621513231396        2.34819744E-02   4.07551648E-03
   5284.0180547083883        2.30534170E-02   4.04223846E-03
   5285.5740635323518        2.69713365E-02   4.15480137E-03
   5287.1301776559349        1.71869528E-02   4.04187571E-03
   5288.6863969400429        2.26085354E-02   4.14311187E-03
   5290.2427212455814        1.72249004E-02   4.05654078E-03
   5291.7991504334541        1.95237771E-02   4.09640465E-03
   5293.3556843645683        1.29006328E-02   3.98978731E-03
   5294.9123228998251        2.01728735E-02   4.11987258E-03
   5296.4690659001326        1.87612679E-02   3.97654343E-03
   5298.0259132263936        1.59827080E-02   3.93608492E-03
   5299.5828647395138        1.85099244E-02   3.93830892E-03
   5301.1399203003975        1.94750112E-02   4.08749003E-03
   5302.6970797699505        2.19631195E-02   4.13149176E-03
   5304.2543430090773        1.98121462E-02   4.07991651E-03
   5305.8117098786815        2.54202448E-02   4.24045837E-03
   5307.3691802396706        9.42458957E-03   3.87400086E-03
   5308.9267539529474        1.03559047E-02   3.95055255E-03
   5310.4844308794154        1.83812547E-02   4.14051395E-03
   5312.0422108799830        2.26201918E-02   4.24552802E-03
   5313.6000938155530        2.56785247E-02   4.28362377E-03
   5315.1580795470309        2.24393774E-02   4.18234011E-03
   5316.7161679353212        2.17320044E-02   4.17629536E-03
   5318.2743588413277        2.14202255E-02   4.13536746E-03
   5319.8326521259569        2.12559067E-02   4.19656793E-03
   5321.3910476501123        2.10838020E-02   4.15248983E-03
   5322.9495452747014        2.08917391E-02   4.14036587E-03
   5324.5081448606261        1.69115886E-02   4.03742446E-03
   5326.0668462687918        1.44728813E-02   3.90112284E-03
   5327.6256493601040        1.81427933E-02   3.98986414E-03
   5329.1845539954684        1.77993663E-02   3.89948534E-03
   5330.7435600357885        2.54664700E-02   4.19310248E-03
   5332.3026673419690        2.16263458E-02   4.17786138E-03
   5333.8618757749164        1.52996033E-02   4.03326284E-03
   5335.4211851955324        2.45128255E-02   4.26019588E-03
   5336.9805954647245        2.84245983E-02   4.35251137E-03
   5338.5401064433981        2.04405058E-02   4.13325941E-03
   5340.0997179924561        1.52577059E-02   3.95218283E-03
   5341.6594299728040        1.48501666E-02   3.98610951E-03
   5343.2192422453463        1.00019313E-02   3.86693561E-03
   5344.7791546709896        2.08911411E-02   4.17464413E-03
   5346.3391671106356        2.10646819E-02   4.18440858E-03
   5347.8992794251926        1.79853793E-02   4.10671718E-03
   5349.4594914755635        2.84541175E-02   4.32592398E-03
   5351.0198031226528        1.54244853E-02   4.04567923E-03
   5352.5802142273669        2.64129341E-02   4.30715503E-03
   5354.1407246506096        1.83303449E-02   4.14169719E-03
   5355.7013342532855        1.96190625E-02   4.16374439E-03
   5357.2620428963010        1.48889795E-02   4.12034197E-03
   5358.8228504405588        2.39339098E-02   4.33818717E-03
   5360.3837567469645        2.46146210E-02   4.29989072E-03
   5361.9447616764237        1.73521265E-02   4.11942741E-03
   5363.5058650898418        1.27210608E-02   3.97937372E-03
   5365.0670668481216        1.11259380E-02   3.93625302E-03
   5366.6283668121696        2.43752245E-02   4.20253119E-03
   5368.1897648428894        1.79736502E-02   4.05391492E-03
   5369.7512608011866        2.72595622E-02   4.24605887E-03
   5371.3128545479658        2.14144625E-02   4.11095470E-03
   5372.8745459441325        1.73098929E-02   4.08210326E-03
   5374.4363348505904        1.39028290E-02   4.06347634E-03
   5375.9982211282449        1.72233563E-02   4.15599300E-03
   5377.5602046380018        1.86046846E-02   4.15278459E-03
   5379.1222852407654        2.11394317E-02   4.22529271E-03
   5380.6844627974388        2.50651874E-02   4.30370076E-03
   5382.2467371689299        1.78292952E-02   4.12275596E-03
   5383.8091082161409        2.38126554E-02   4.28913254E-03
   5385.3715757999771        7.99237192E-03   3.92597588E-03
   5386.9341397813459        2.05096640E-02   4.19898937E-03
   5388.4968000211484        1.30210510E-02   4.05363273E-03
   5390.0595563802926        3.31351832E-02   4.46612202E-03
   5391.6224087196806        1.81219634E-02   4.15969174E-03
   5393.1853569002196        1.93072520E-02   4.08003479E-03
   5394.7484007828125        2.09234469E-02   4.13918309E-03
   5396.3115402283665        2.41928641E-02   4.17000707E-03
   5397.8747750977845        1.84543412E-02   4.11139429E-03
   5399.4381052519720        2.29478255E-02   4.19300562E-03
   5401.0015305518327        1.68320686E-02   4.12569754E-03
   5402.5650508582748        2.61838268E-02   4.26860666E-03
   5404.1286660321994        2.20715236E-02   4.14945139E-03
   5405.6923759345127        2.84864940E-02   4.24350100E-03
   5407.2561804261204        1.87928956E-02   4.02495963E-03
   5408.8200793679252        1.47183556E-02   3.97710223E-03
   5410.3840726208346        1.16315372E-02   3.95994494E-03
   5411.9481600457520        1.98938418E-02   4.13952954E-03
   5413.5123415035832        2.02230886E-02   4.17799270E-03
   5415.0766168552318        1.35811288E-02   4.04461520E-03
   5416.6409859616024        2.61271223E-02   4.29727370E-03
   5418.2054486836023        2.24306006E-02   4.24797833E-03
   5419.7700048821325        1.81593765E-02   4.19379584E-03
   5421.3346544181022        2.48211287E-02   4.29259613E-03
   5422.8993971524123        2.21934970E-02   4.22615465E-03
   5424.4642329459703        2.16391273E-02   4.19617957E-03
   5426.0291616596805        2.26266515E-02   4.23431583E-03
   5427.5941831544469        2.27338728E-02   4.19043889E-03
   5429.1592972911758        1.42962160E-02   4.04141145E-03
   5430.7245039307700        1.94106773E-02   4.16934537E-03
   5432.2898029341368        2.40031835E-02   4.25619679E-03
   5433.8551941621781        2.08448432E-02   4.17164247E-03
   5435.4206774758013        2.87333429E-02   4.34859330E-03
   5436.9862527359101        2.26454567E-02   4.26903320E-03
   5438.5519198034099        1.66286323E-02   4.16086754E-03
   5440.1176785392045        1.80869978E-02   4.22002841E-03
   5441.6835288042003        1.72848534E-02   4.24916530E-03
   5443.2494704593000        2.78192982E-02   4.41126805E-03
   5444.8155033654111        1.46991061E-02   4.03937791E-03
   5446.3816273834373        1.84268542E-02   4.15912271E-03
   5447.9478423742821        2.18716096E-02   4.23989398E-03
   5449.5141481988530        2.14713849E-02   4.26830165E-03
   5451.0805447180519        2.31327116E-02   4.35544783E-03
   5452.6470317927860        2.32186075E-02   4.33524745E-03
   5454.2136092839592        2.27591787E-02   4.25868109E-03
   5455.7802770524768        2.49271691E-02   4.26909002E-03
   5457.3470349592426        1.68926362E-02   4.14812006E-03
   5458.9138828651621        1.68350339E-02   4.17136494E-03
   5460.4808206311409        1.98792014E-02   4.25420236E-03
   5462.0478481180817        2.04690099E-02   4.27635666E-03
   5463.6149651868918        2.07087994E-02   4.25839191E-03
   5465.1821716984750        1.85484048E-02   4.16415231E-03
   5466.7494675137368        1.65668298E-02   4.14622761E-03
   5468.3168524935800        2.12303139E-02   4.26551281E-03
   5469.8843264989109        2.05110498E-02   4.28462913E-03
   5471.4518893906352        2.25885808E-02   4.30014357E-03
   5473.0195410296574        2.40714177E-02   4.33096429E-03
   5474.5872812768812        1.48349861E-02   4.07837192E-03
   5476.1551099932121        1.44422771E-02   4.01914353E-03
   5477.7230270395548        2.49487255E-02   4.30163229E-03
   5479.2910322768148        1.32082701E-02   4.02109278E-03
   5480.8591255658948        2.03445926E-02   4.20977129E-03
   5482.4273067677032        1.48440180E-02   4.10783896E-03
   5483.9955757431417        1.40045760E-02   4.13407991E-03
   5485.5639323531168        2.25829203E-02   4.34934068E-03
   5487.1323764585331        1.66998282E-02   4.23502969E-03
   5488.7009079202953        1.68887824E-02   4.21579881E-03
   5490.2695265993079        1.61676519E-02   4.15928755E-03
   5491.8382323564765        1.16290757E-02   4.04600939E-03
   5493.4070250527047        1.53997140E-02   4.22546035E-03
   5494.9759045488991        2.09173895E-02   4.28499794E-03
   5496.5448707059631        1.82854887E-02   4.24626423E-03
   5498.1139233848016        1.34935025E-02   4.12777998E-03
   5499.6830624463209        1.98729243E-02   4.26422292E-03
   5501.2522877514248        1.65776666E-02   4.22356511E-03
   5502.8215991610177        1.44475279E-02   4.14359802E-03
   5504.3909965360053        2.71290988E-02   4.45168465E-03
   5505.9604797372922        2.77315229E-02   4.38871002E-03
   5507.5300486257820        2.46414170E-02   4.38021263E-03
   5509.0997030623830        2.80969702E-02   4.46333410E-03
   5510.6694429079962        1.71268415E-02   4.22203401E-03
   5512.2392680235280        1.44447424E-02   4.13971115E-03
   5513.8091782698830        2.02843398E-02   4.28650435E-03
   5515.3791735079667        2.01128758E-02   4.30133753E-03
   5516.9492535986847        1.93324182E-02   4.28562332E-03
   5518.5194184029397        2.12529600E-02   4.35469346E-03
   5520.0896677816372        2.48457957E-02   4.37755696E-03
   5521.6600015956828        2.24606618E-02   4.43357090E-03
   5523.2304197059811        2.68128384E-02   4.48517920E-03
   5524.8009219734367        1.84871629E-02   4.28509247E-03
   5526.3715082589551        1.43337147E-02   4.16877400E-03
   5527.9421784234401        1.40993036E-02   4.11983719E-03
   5529.5129323277961        1.78223196E-02   4.20433003E-03
   5531.0837698329296        1.01573803E-02   4.08801390E-03
   5532.6546907997454        1.76854320E-02   4.25101211E-03
   5534.2256950891469        1.76980738E-02   4.27327072E-03
   5535.7967825620399        1.47617869E-02   4.17330116E-03
   5537.3679530793306        1.43315215E-02   4.19305591E-03
   5538.9392065019201        1.84153225E-02   4.32835706E-03
   5540.5105426907166        2.16468517E-02   4.35915729E-03
   5542.0819615066239        2.16743685E-02   4.35017096E-03
   5543.6534628105474        1.93767808E-02   4.37203143E-03
   5545.2250464633908        2.02244855E-02   4.37524449E-03
   5546.7967123260596        1.52391745E-02   4.21484141E-03
   5548.3684602594576        1.19924741E-02   4.18795785E-03
   5549.9402901244912        1.70266163E-02   4.30879463E-03
   5551.5122017820649        1.96621809E-02   4.36344510E-03
   5553.0841950930835        1.71422493E-02   4.33609355E-03
   5554.6562699184515        2.03358009E-02   4.36074147E-03
   5556.2284261190744        1.85474101E-02   4.31381306E-03
   5557.8006635558559        1.60915963E-02   4.31011757E-03
   5559.3729820897015        1.76761746E-02   4.28962521E-03
   5560.9453815815159        1.70941353E-02   4.25501075E-03
   5562.5178618922046        2.07276829E-02   4.36745258E-03
   5564.0904228826721        1.69586968E-02   4.29488113E-03
   5565.6630644138222        1.30208889E-02   4.21591382E-03
   5567.2357863465604        2.31151599E-02   4.41056583E-03
   5568.8085885417931        2.56129503E-02   4.45957202E-03
   5570.3814708604241        1.66409034E-02   4.22026543E-03
   5571.9544331633560        2.45210305E-02   4.42968262E-03
   5573.5274753114982        1.97500195E-02   4.51138709E-03
   5575.1005971657514        1.83369517E-02   7.83161912E-03
   5576.6737985870222        1.67810898E-02   9.92506277E-03
   5578.2470794362152        8.37796740E-03   1.01317139E-02
   5579.8204395742359        1.75063070E-02   9.09262896E-03
   5581.3938788619880        2.44750902E-02   5.78733906E-03
   5582.9673971603779        2.43659206E-02   4.65168571E-03
   5584.5409943303093        1.48103852E-02   4.21220064E-03
   5586.1146702326860        2.46074907E-02   4.40737186E-03
   5587.6884247284142        1.35405157E-02   4.11676010E-03
   5589.2622576783997        1.79419275E-02   4.19470202E-03
   5590.8361689435469        1.62289310E-02   4.22561867E-03
   5592.4101583847587        2.32131444E-02   4.35893284E-03
   5593.9842258629415        1.68830920E-02   4.21140017E-03
   5595.5583712390007        2.31793560E-02   4.41736775E-03
   5597.1325943738393        1.89396236E-02   4.33829101E-03
   5598.7068951283645        2.18934342E-02   4.37986059E-03
   5600.2812733634792        1.83640979E-02   4.25409246E-03
   5601.8557289400887        2.98605505E-02   4.46405355E-03
   5603.4302617190988        2.10530646E-02   4.40632552E-03
   5605.0048715614130        2.36245878E-02   4.45530890E-03
   5606.5795583279378        1.80056300E-02   4.42082947E-03
   5608.1543218795750        2.30870303E-02   4.56236489E-03
   5609.7291620772339        1.45553108E-02   4.33765212E-03
   5611.3040787818154        1.17727555E-02   4.28051036E-03
   5612.8790718542268        1.96996778E-02   4.42434615E-03
   5614.4541411553710        2.30702125E-02   4.39371075E-03
   5616.0292865461543        1.58599857E-02   4.25539352E-03
   5617.6045078874813        2.08186302E-02   4.35783016E-03
   5619.1798050402567        1.68726929E-02   4.31771250E-03
   5620.7551778653851        1.76756624E-02   4.31958307E-03
   5622.3306262237720        1.41999638E-02   4.29418683E-03
   5623.9061499763220        1.48906279E-02   4.28156927E-03
   5625.4817489839397        1.21005438E-02   4.23770444E-03
   5627.0574231075298        1.71245728E-02   4.37532458E-03
   5628.6331722079985        1.01313731E-02   4.28173412E-03
   5630.2089961462470        1.77120194E-02   4.42727236E-03
   5631.7848947831853        2.42750142E-02   4.55688732E-03
   5633.3608679797135        1.34145739E-02   4.26950539E-03
   5634.9369155967397        1.06942952E-02   4.22702031E-03
   5636.5130374951686        1.58272553E-02   4.30990010E-03
   5638.0892335359022        1.90574937E-02   4.44202265E-03
   5639.6655035798485        1.94879305E-02   4.44759987E-03
   5641.2418474879114        2.04220638E-02   4.42801323E-03
   5642.8182651209945        2.72030495E-02   4.59093228E-03
   5644.3947563400034        2.13855151E-02   4.47829207E-03
   5645.9713210058435        2.20822133E-02   4.53119446E-03
   5647.5479589794195        2.17218585E-02   4.49278485E-03
   5649.1246701216360        1.29121430E-02   4.32884879E-03
   5650.7014542933975        2.21597720E-02   4.52229101E-03
   5652.2783113556097        1.41058266E-02   4.34038835E-03
   5653.8552411691771        2.06533112E-02   4.43711318E-03
   5655.4322435950035        2.05305684E-02   4.44591977E-03
   5657.0093184939951        1.48964804E-02   4.25919797E-03
   5658.5864657270577        1.82824489E-02   4.36577434E-03
   5660.1636851550938        1.49572240E-02   4.24479274E-03
   5661.7409766390083        1.96952559E-02   4.40023886E-03
   5663.3183400397074        1.38853751E-02   4.28968901E-03
   5664.8957752180968        1.85746849E-02   4.44918126E-03
   5666.4732820350791        1.86626427E-02   4.50766413E-03
   5668.0508603515600        1.52639514E-02   4.33231285E-03
   5669.6285100284458        2.60151457E-02   4.59478097E-03
   5671.2062309266385        1.06320735E-02   4.32923436E-03
   5672.7840229070453        2.87426393E-02   4.68643056E-03
   5674.3618858305699        1.79048888E-02   4.50159702E-03
   5675.9398195581180        1.97331309E-02   4.52017738E-03
   5677.5178239505931        1.89351644E-02   4.53959126E-03
   5679.0958988689008        2.49356180E-02   4.63050278E-03
   5680.6740441739466        2.04279460E-02   4.50377911E-03
   5682.2522597266343        1.90553535E-02   4.49043931E-03
   5683.8305453878693        2.47050952E-02   4.55476064E-03
   5685.4089010185571        1.92140006E-02   4.44126269E-03
   5686.9873264796015        2.70355027E-02   4.65595769E-03
   5688.5658216319080        2.08424684E-02   4.54226090E-03
   5690.1443863363802        1.63164064E-02   4.46787896E-03
   5691.7230204539246        1.76034030E-02   4.41443780E-03
   5693.3017238454449        1.60691347E-02   4.47770767E-03
   5694.8804963718476        2.33520418E-02   4.59286850E-03
   5696.4593378940344        1.79663189E-02   4.51043854E-03
   5698.0382482729128        2.16023102E-02   4.60621342E-03
   5699.6172273693874        1.85425729E-02   4.49513691E-03
   5701.1962750443627        2.57068593E-02   4.68921848E-03
   5702.7753911587424        2.85544135E-02   4.70382720E-03
   5704.3545755734331        1.41328173E-02   4.43406403E-03
   5705.9338281493392        2.03192309E-02   4.48781345E-03
   5707.5131487473645        2.53676511E-02   4.62682685E-03
   5709.0925372284155        2.31189039E-02   4.50264243E-03
   5710.6719934533949        2.20234580E-02   4.46153060E-03
   5712.2515172832109        2.15077326E-02   4.55335621E-03
   5713.8311085787645        1.57832801E-02   4.45064902E-03
   5715.4107672009632        2.19882354E-02   4.60206531E-03
   5716.9904930107114        1.55854505E-02   4.47351765E-03
   5718.5702858689119        2.66883932E-02   4.73614037E-03
   5720.1501456364731        9.58853308E-03   4.30141622E-03
   5721.7300721742968        1.82984155E-02   4.62687761E-03
   5723.3100653432875        1.37916813E-02   4.41968301E-03
   5724.8901250043536        9.63312201E-03   4.41443827E-03
   5726.4702510183979        2.17945296E-02   4.64065466E-03
   5728.0504432463240        2.12420989E-02   4.65030223E-03
   5729.6307015490393        2.85562947E-02   4.75269882E-03
   5731.2110257874474        1.54055795E-02   4.50438261E-03
   5732.7914158224521        1.49692316E-02   4.53655096E-03
   5734.3718715149589        1.99478604E-02   4.61702282E-03
   5735.9523927258742        1.77973043E-02   4.57201619E-03
   5737.5329793161009        1.68916639E-02   4.51692194E-03
   5739.1136311465443        1.75923891E-02   4.59434278E-03
   5740.6943480781101        1.22585017E-02   4.50220518E-03
   5742.2751299717020        1.90251227E-02   4.62480914E-03
   5743.8559766882263        6.70948764E-03   4.33717296E-03
   5745.4368880885868        2.66707707E-02   4.78271442E-03
   5747.0178640336881        2.08693091E-02   4.60308138E-03
   5748.5989043844347        1.58144496E-02   4.47815331E-03
   5750.1800090017332        1.37719894E-02   4.48112655E-03
   5751.7611777464872        1.41761936E-02   4.46588593E-03
   5753.3424104796022        1.94545332E-02   4.57936432E-03
   5754.9237070619829        1.94982961E-02   4.58110683E-03
   5756.5050673545338        1.52018499E-02   4.47857147E-03
   5758.0864912181596        2.05680709E-02   4.65022027E-03
   5759.6679785137658        3.20702866E-02   4.85695945E-03
   5761.2495291022560        1.71544366E-02   4.57452005E-03
   5762.8311428445359        1.73650701E-02   4.52075480E-03
   5764.4128196015108        2.25735307E-02   4.68186848E-03
   5765.9945592340855        2.13670172E-02   4.66479594E-03
   5767.5763616031636        1.66735817E-02   4.52776160E-03
   5769.1582265696516        1.56663172E-02   4.62008547E-03
   5770.7401539944531        2.13616304E-02   4.70895879E-03
   5772.3221437384736        2.02269834E-02   4.65030596E-03
   5773.9041956626179        2.33376343E-02   4.72686393E-03
   5775.4863096277904        1.95320398E-02   4.64741793E-03
   5777.0684854948968        1.54311350E-02   4.52206517E-03
   5778.6507231248406        2.10442450E-02   4.69256146E-03
   5780.2330223785284        1.48007786E-02   4.48487094E-03
   5781.8153831168629        1.82406511E-02   4.53856261E-03
   5783.3978052007515        1.76525656E-02   4.52278834E-03
   5784.9802884910969        1.48859769E-02   4.48017800E-03
   5786.5628328488056        1.43691674E-02   4.42357501E-03
   5788.1454381347803        2.27208454E-02   4.68177488E-03
   5789.7281042099276        1.18126832E-02   4.45736060E-03
   5791.3108309351528        1.44601790E-02   4.48614219E-03
   5792.8936181713589        1.29181948E-02   4.51056426E-03
   5794.4764657794522        1.95341818E-02   4.70210193E-03
   5796.0593736203364        1.96318831E-02   4.65161353E-03
   5797.6423415549179        1.06448848E-02   4.48669679E-03
   5799.2253694441006        1.70434806E-02   4.60735941E-03
   5800.8084571487889        1.41081400E-02   4.54774732E-03
   5802.3916045298884        2.30042711E-02   4.77258209E-03
   5803.9748114483036        1.79584548E-02   4.62882593E-03
   5805.5580777649393        1.57104693E-02   4.56903176E-03
   5807.1414033407009        1.05134910E-02   4.40963078E-03
   5808.7247880364921        2.42437702E-02   4.77789482E-03
   5810.3082317132194        2.46449318E-02   4.82439902E-03
   5811.8917342317873        1.31777171E-02   4.56109457E-03
   5813.4752954530995        1.96863413E-02   4.69228718E-03
   5815.0589152380608        1.51716163E-02   4.59494069E-03
   5816.6425934475765        9.24291275E-03   4.43576882E-03
   5818.2263299425531        1.71184447E-02   4.69976710E-03
   5819.8101245838925        2.19246466E-02   4.78656683E-03
   5821.3939772325020        1.40663795E-02   4.61563980E-03
   5822.9778877492854        2.25617662E-02   4.79781115E-03
   5824.5618559951472        2.48090159E-02   4.83656581E-03
   5826.1458818309929        1.58482585E-02   4.62923618E-03
   5827.7299651177273        1.50902281E-02   4.64220997E-03
   5829.3141057162557        1.79449469E-02   4.70371218E-03
   5830.8983034874809        1.67866182E-02   4.70420066E-03
   5832.4825582923113        1.74123719E-02   4.62938333E-03
   5834.0668699916478        1.41544091E-02   4.64888476E-03
   5835.6512384463977        9.27925296E-03   4.52533737E-03
   5837.2356635174647        1.81847680E-02   4.75081475E-03
   5838.8201450657543        2.61578429E-02   4.85104229E-03
   5840.4046829521722        2.03911308E-02   4.82181646E-03
   5841.9892770376227        1.95307806E-02   4.78429999E-03
   5843.5739271830098        2.60551348E-02   4.93499450E-03
   5845.1586332492379        2.17905827E-02   4.81796078E-03
   5846.7433950972127        2.01726127E-02   4.77870507E-03
   5848.3282125878404        1.92647167E-02   4.75305831E-03
   5849.9130855820231        2.66521424E-02   4.88222530E-03
   5851.4980139406680        2.17460115E-02   4.83813696E-03
   5853.0829975246797        2.50719748E-02   4.86916769E-03
   5854.6680361949611        2.32852809E-02   4.80679236E-03
   5856.2531298124186        2.01267954E-02   4.73344699E-03
   5857.8382782379567        1.66574996E-02   4.60146181E-03
   5859.4234813324802        2.84752194E-02   4.92268847E-03
   5861.0087389568953        2.44386978E-02   4.90262639E-03
   5862.5940509721040        1.76540948E-02   4.73275036E-03
   5864.1794172390137        2.70699505E-02   4.98186797E-03
   5865.7648376185289        2.92497035E-02   5.12235751E-03
   5867.3503119715533        2.07297429E-02   4.85369563E-03
   5868.9358401589916        2.63793077E-02   5.01953764E-03
   5870.5214220417502        2.73477975E-02   5.04637556E-03
   5872.1070574807345        2.93010734E-02   5.03333285E-03
   5873.6927463368456        3.05544641E-02   5.04816370E-03
   5875.2784884709927        2.37581637E-02   4.91364254E-03
   5876.8642837440766        3.00427563E-02   4.98257298E-03
   5878.4501320170066        3.80111337E-02   5.18548815E-03
   5880.0360331506827        2.05890443E-02   4.83426964E-03
   5881.6219870060149        3.27924304E-02   5.08321263E-03
   5883.2079934439025        3.94936241E-02   5.21983299E-03
   5884.7940523252555        3.34883481E-02   5.13595389E-03
   5886.3801635109758        3.17468308E-02   5.20299468E-03
   5887.9663268619697        3.94272320E-02   5.61209023E-03
   5889.5525422391402        3.52148265E-02   5.73544484E-03
   5891.1388095033926        3.15345526E-02   5.61489677E-03
   5892.7251285156335        2.13078428E-02   5.19556366E-03
   5894.3114991367675        2.80994177E-02   5.27545437E-03
   5895.8979212276963        3.39009315E-02   5.46471495E-03
   5897.4843946493284        3.10028046E-02   5.37376804E-03
   5899.0709192625682        2.98927091E-02   5.15382690E-03
   5900.6574949283186        2.98335645E-02   5.00677340E-03
   5902.2441215074841        2.08657198E-02   4.88140527E-03
   5903.8307988609740        3.44372876E-02   5.16582932E-03
   5905.4175268496874        3.36260609E-02   5.15714474E-03
   5907.0043053345335        2.28125546E-02   4.92138416E-03
   5908.5911341764149        2.57302504E-02   4.98229498E-03
   5910.1780132362373        1.31171774E-02   4.72772541E-03
   5911.7649423749044        1.95374303E-02   4.81446786E-03
   5913.3519214533226        1.98021624E-02   4.87014046E-03
   5914.9389503323964        1.68467499E-02   4.77124052E-03
   5916.5260288730296        1.84603129E-02   4.83018393E-03
   5918.1131569361287        2.07631905E-02   4.93783457E-03
   5919.7003343825972        2.22609248E-02   4.90684528E-03
   5921.2875610733408        2.03752313E-02   4.95688152E-03
   5922.8748368692632        1.91989373E-02   4.85893060E-03
   5924.4621616312697        1.13987727E-02   4.73903352E-03
   5926.0495352202661        1.03210695E-02   4.60994244E-03
   5927.6369574971559        2.04077158E-02   4.87211300E-03
   5929.2244283228465        1.91763248E-02   4.82013682E-03
   5930.8119475582398        2.09584758E-02   4.95454716E-03
   5932.3995150642404        1.03595080E-02   4.69107321E-03
   5933.9871307017556        2.34623216E-02   5.04020695E-03
   5935.5747943316892        1.54479314E-02   4.82139178E-03
   5937.1625058149475        2.01008748E-02   4.89834044E-03
   5938.7502650124306        2.12387014E-02   4.86836396E-03
   5940.3380717850487        1.98334251E-02   4.91494266E-03
   5941.9259259937044        2.70961709E-02   4.99000773E-03
   5943.5138274993014        1.15191909E-02   4.73047979E-03
   5945.1017761627472        1.89718325E-02   4.91217570E-03
   5946.6897718449445        2.59929169E-02   4.97249886E-03
   5948.2778144067997        8.08960106E-03   4.58314503E-03
   5949.8659037092166        1.67393703E-02   4.81305644E-03
   5951.4540396131006        2.02025548E-02   4.90795448E-03
   5953.0422219793554        1.06950281E-02   4.70682280E-03
   5954.6304506688875        2.09843274E-02   4.97651380E-03
   5956.2187255425997        2.12689210E-02   4.92558023E-03
   5957.8070464614002        9.76454653E-03   4.66189720E-03
   5959.3954132861909        1.91531312E-02   4.89356043E-03
   5960.9838258778782        6.57463865E-03   4.57728375E-03
   5962.5722840973649        1.46218818E-02   4.80196672E-03
   5964.1607878055574        2.59796921E-02   5.03686210E-03
   5965.7493368633613        1.26276072E-02   4.75788722E-03
   5967.3379311316794        2.44081616E-02   5.02484897E-03
   5968.9265704714189        1.36159463E-02   4.77944827E-03
   5970.5152547434818        9.74933989E-03   4.71785944E-03
   5972.1039838087754        2.34234426E-02   5.02719870E-03
   5973.6927575282043        1.93027835E-02   4.95659234E-03
   5975.2815757626722        1.61059070E-02   4.86003235E-03
   5976.8704383730847        2.71256678E-02   5.03425859E-03
   5978.4593452203471        9.69627313E-03   4.68423450E-03
   5980.0482961653624        1.37531888E-02   4.82102856E-03
   5981.6372910690379        2.64236517E-02   5.08686528E-03
   5983.2263297922755        1.85576994E-02   4.77845315E-03
   5984.8154121959833        2.22572163E-02   4.92326031E-03
   5986.4045381410651        1.93690062E-02   4.87624621E-03
   5987.9937074884238        2.06245910E-02   4.91687749E-03
   5989.5829200989656        1.08472295E-02   4.65608016E-03
   5991.1721758335962        2.28023510E-02   5.01147471E-03
   5992.7614745532201        1.73810404E-02   4.82998369E-03
   5994.3508161187410        1.42822377E-02   4.78869956E-03
   5995.9402003910654        1.89596936E-02   4.85923514E-03
   5997.5296272310961        1.93936173E-02   4.89991764E-03
   5999.1190964997395        2.37020422E-02   4.99988580E-03
   6000.7086080579011       -3.16021522E-03   3.40920016E-02
   6002.2981617664836        4.74592000E-02   5.52593218E-03
   6003.8877574863945        2.02443805E-02   4.90990235E-03
   6005.4773950785357        1.65095348E-02   4.87321755E-03
   6007.0670744038125        2.15307679E-02   4.97723231E-03
   6008.6567953231333        2.28897687E-02   4.96796425E-03
   6010.2465576973991        2.17328873E-02   4.94306767E-03
   6011.8363613875154        2.33270191E-02   5.06712217E-03
   6013.4262062543876        2.00790465E-02   4.90878383E-03
   6015.0160921589222        1.51915327E-02   4.84534027E-03
   6016.6060189620212        2.27883570E-02   4.94573452E-03
   6018.1959865245917        2.23281067E-02   4.95281769E-03
   6019.7859947075358        1.47950714E-02   4.72028274E-03
   6021.3760433717616        2.13347934E-02   4.89077624E-03
   6022.9661323781720        1.82300713E-02   4.89618350E-03
   6024.5562615876725        2.22357200E-03   4.47901199E-03
   6026.1464308611685        9.21150949E-03   4.62184427E-03
   6027.7366400595611        1.60765089E-02   4.81661782E-03
   6029.3268890437612        1.46605279E-02   4.91163461E-03
   6030.9171776746698        1.59180127E-02   4.86533949E-03
   6032.5075058131924        2.45047957E-02   5.08225709E-03
   6034.0978733202346        1.08852182E-02   4.80371248E-03
   6035.6882800567000        2.23171022E-02   5.05925994E-03
   6037.2787258834942        2.08557360E-02   5.01391711E-03
   6038.8692106615217        1.47578083E-02   4.85549681E-03
   6040.4597342516890        2.43155342E-02   5.04073501E-03
   6042.0502965148980        1.62150878E-02   4.90798941E-03
   6043.6408973120560        2.54338719E-02   5.08440146E-03
   6045.2315365040668        9.74837877E-03   4.68023168E-03
   6046.8222139518348        1.49105657E-02   4.82802838E-03
   6048.4129295162666        1.21501926E-02   4.79223626E-03
   6050.0036830582649        1.66892391E-02   4.96686203E-03
   6051.5944744387361        2.90783066E-02   5.21852914E-03
   6053.1853035185841        2.13196371E-02   4.99128224E-03
   6054.7761701587133        1.48613276E-02   4.81633702E-03
   6056.3670742200311        1.23074166E-02   4.79755457E-03
   6057.9580155634412        1.70175675E-02   4.92454553E-03
   6059.5489940498455        9.36741196E-03   4.75205109E-03
   6061.1400095401523        1.66088697E-02   4.95936396E-03
   6062.7310618952670        1.41408462E-02   4.84777056E-03
   6064.3221509760906        1.99690238E-02   4.95745847E-03
   6065.9132766435305        1.41872335E-02   4.85382136E-03
   6067.5044387584921        1.42703606E-02   4.85279644E-03
   6069.0956371818793        2.18825806E-02   5.04322723E-03
   6070.6868717745974        1.13147441E-02   4.80896654E-03
   6072.2781423975503        1.98654700E-02   5.03593916E-03
   6073.8694489116424        2.11682301E-02   5.05019259E-03
   6075.4607911777812        9.54898912E-03   4.76343557E-03
   6077.0521690568694        1.02349184E-02   4.75302106E-03
   6078.6435824098135        2.30878219E-02   5.00611821E-03
   6080.2350310975162        2.08008830E-02   5.01259742E-03
   6081.8265149808831        1.51787614E-02   4.90386598E-03
   6083.4180339208197        2.44683120E-02   5.06143738E-03
   6085.0095877782305        1.02798864E-02   4.73628240E-03
   6086.6011764140203        1.65744293E-02   4.86749550E-03
   6088.1927996890945        1.60569288E-02   4.90967417E-03
   6089.7844574643577        1.31355962E-02   4.84878570E-03
   6091.3761496007137        1.87931992E-02   4.92527662E-03
   6092.9678759590679        1.49990041E-02   4.85509029E-03
   6094.5596364003259        1.96653474E-02   4.97921323E-03
   6096.1514307853922        1.74902286E-02   4.90875449E-03
   6097.7432589751716        1.31686833E-02   4.88264766E-03
   6099.3351208305676        1.58387646E-02   4.88584535E-03
   6100.9270162124876        1.06234262E-02   4.75201569E-03
   6102.5189449818354        1.67699363E-02   4.87324875E-03
   6104.1109069995136        2.52793655E-02   5.04892552E-03
   6105.7029021264316        1.14566432E-02   4.76907101E-03
   6107.2949302234892        2.94694491E-02   5.18199615E-03
   6108.8869911515967        1.94510501E-02   4.98829409E-03
   6110.4790847716531        2.35297307E-02   5.07005677E-03
   6112.0712109445676        1.07700480E-02   4.76971967E-03
   6113.6633695312439        1.73774399E-02   4.98422468E-03
   6115.2555603925866        1.77876111E-02   4.96443175E-03
   6116.8477833894985        1.32921049E-02   4.89189103E-03
   6118.4400383828888        1.17127094E-02   4.76789568E-03
   6120.0323252336593        2.06101220E-02   5.02867391E-03
   6121.6246438027147        1.19967386E-02   4.75561526E-03
   6123.2169939509613        1.34214470E-02   4.81252838E-03
   6124.8093755393047        1.95111241E-02   4.99147736E-03
   6126.4017884286468        1.70700755E-02   4.97319782E-03
   6127.9942324798949        1.35042015E-02   4.87376284E-03
   6129.5867075539527        2.75069177E-02   5.17424615E-03
   6131.1792135117248        1.84805710E-02   5.05832955E-03
   6132.7717502141168        1.99245885E-02   5.02374629E-03
   6134.3643175220332        2.35937964E-02   5.12066344E-03
   6135.9569152963795        1.98503416E-02   4.93830396E-03
   6137.5495433980595        2.08818298E-02   4.96937474E-03
   6139.1422016879797        1.96509752E-02   4.94401390E-03
   6140.7348900270426        1.85814667E-02   5.00121620E-03
   6142.3276082761558        2.61503104E-02   5.12356358E-03
   6143.9203562962202        1.24442270E-02   4.89169592E-03
   6145.5131339481450        2.30439305E-02   5.14010480E-03
   6147.1059410928319        2.41581481E-02   5.12386113E-03
   6148.6987775911884        1.79662742E-02   4.95696208E-03
   6150.2916433041164        1.69690214E-02   5.00566186E-03
   6151.8845380925241        2.58068535E-02   5.15031675E-03
   6153.4774618173133        2.38522943E-02   5.07635716E-03
   6155.0704143393896        2.63212007E-02   5.13916695E-03
   6156.6633955196594        1.96441971E-02   5.08636236E-03
   6158.2564052190264        2.03234907E-02   5.05133998E-03
   6159.8494432983953        2.49304138E-02   5.08052856E-03
   6161.4425096186715        1.45383468E-02   4.78927791E-03
   6163.0356040407587        2.53034923E-02   5.05485991E-03
   6164.6287264255643        2.26482302E-02   5.05804410E-03
   6166.2218766339902        1.87720489E-02   4.96505341E-03
   6167.8150545269418        2.76788436E-02   5.18145086E-03
   6169.4082599653266        1.46134840E-02   4.92873928E-03
   6171.0014928100454        2.45941188E-02   5.14518376E-03
   6172.5947529220066        1.78645067E-02   5.00083063E-03
   6174.1880401621129        1.32990340E-02   4.94443346E-03
   6175.7813543912707        1.84479952E-02   5.09438338E-03
   6177.3746954703829        2.59737074E-02   5.22408122E-03
   6178.9680632603558        2.44459473E-02   5.16903074E-03
   6180.5614576220933        1.56184975E-02   5.03260549E-03
   6182.1548784165016        9.07728262E-03   4.85267211E-03
   6183.7483255044845        1.33745531E-02   4.96562198E-03
   6185.3417987469484        1.84544064E-02   5.04048355E-03
   6186.9352980047952        1.50602069E-02   5.00898762E-03
   6188.5288231389313        2.52573155E-02   5.26003633E-03
   6190.1223740102623        1.47823347E-02   5.02699614E-03
   6191.7159504796928        1.29254200E-02   4.95753624E-03
   6193.3095524081273        1.73718315E-02   4.98004816E-03
   6194.9031796564705        2.59026978E-02   5.27359406E-03
   6196.4968320856269        1.90153290E-02   5.21368440E-03
   6198.0905095565022        1.96284372E-02   5.12056472E-03
   6199.6842119300009        2.44765263E-02   5.29237697E-03
   6201.2779390670285        1.60232559E-02   5.10588335E-03
   6202.8716908284869        2.21162047E-02   5.23807015E-03
   6204.4654670752861        2.31168792E-02   5.29895956E-03
   6206.0592676683264        1.15403766E-02   5.07831201E-03
   6207.6530924685148        9.65569448E-03   4.94500808E-03
   6209.2469413367553        1.79495309E-02   5.17751044E-03
   6210.8408141339542        2.65630521E-02   5.41275647E-03
   6212.4347107210142        1.80757381E-02   5.13664540E-03
   6214.0286309588409        2.15850864E-02   5.20940404E-03
   6215.6225747083408        1.38580501E-02   5.07240370E-03
   6217.2165418304157        1.93193797E-02   5.18297311E-03
   6218.8105321859739        9.37119965E-03   4.96032974E-03
   6220.4045456359181        2.04591360E-02   5.27881458E-03
   6221.9985820411530        9.92473401E-03   5.06191002E-03
   6223.5926412625840        2.13704742E-02   5.31903049E-03
   6225.1867231611168        2.08026972E-02   5.26061654E-03
   6226.7808275976549        1.56048620E-02   5.19217364E-03
   6228.3749544331040        1.90150347E-02   5.18572284E-03
   6229.9691035283677        2.40534693E-02   5.25377272E-03
   6231.5632747443524        1.52917830E-02   5.19797625E-03
   6233.1574679419618        9.04990919E-03   5.12749655E-03
   6234.7516829821025        1.42192086E-02   5.35107311E-03
   6236.3459197256780        2.24887822E-02   5.47600631E-03
   6237.9401780335920        1.61598474E-02   5.29440725E-03
   6239.5344577667511        1.57640092E-02   5.27199637E-03
   6241.1287587860606        2.57145111E-02   5.47642354E-03
   6242.7230809524235        1.94798578E-02   5.35647897E-03
   6244.3174241267461        1.62976328E-02   5.27045038E-03
   6245.9117881699322        2.96128541E-02   5.49813826E-03
   6247.5061729428880        3.68688926E-02   5.65593829E-03
   6249.1005783065166        2.13000178E-02   5.34631358E-03
   6250.6950041217242        2.13692859E-02   5.40435128E-03
   6252.2894502494155        2.26154700E-02   5.39629627E-03
   6253.8839165504951        2.28554532E-02   5.34749031E-03
   6255.4784028858667        1.85805708E-02   5.42683387E-03
   6257.0729091164367        1.25326701E-02   5.28911408E-03
   6258.6674351031106        1.71395596E-02   5.43141179E-03
   6260.2619807067904        1.09315896E-02   5.20084240E-03
   6261.8565457883851        1.35774668E-02   5.33895940E-03
   6263.4511302087958        1.89360231E-02   5.44364704E-03
   6265.0457338289280        2.88632046E-02   5.68631385E-03
   6266.6403565096880        1.27851889E-02   5.33109112E-03
   6268.2349981119805        2.52934452E-02   5.54908440E-03
   6269.8296584967084        1.48679428E-02   5.29451249E-03
   6271.4243375247788        2.15322264E-02   5.53378835E-03
   6273.0190350570965        1.66165661E-02   5.34215989E-03
   6274.6137509545642        2.46721841E-02   5.57328155E-03
   6276.2084850780884        1.59846097E-02   5.37658669E-03
   6277.8032372885727        1.54189626E-02   5.30317705E-03
   6279.3980074469246        2.35569626E-02   5.50192734E-03
   6280.9927954140458        1.58254541E-02   5.38284564E-03
   6282.5876010508437        1.36947315E-02   5.38376579E-03
   6284.1824242182220        9.94497351E-03   5.32847969E-03
   6285.7772647770853        1.85387600E-02   5.66859264E-03
   6287.3721225883373        2.14146413E-02   5.75271714E-03
   6288.9669975128854        1.90211479E-02   5.68516273E-03
   6290.5618894116342        2.46016625E-02   5.70697803E-03
