   3855.2249586032099        1.84028354E-02   6.85165636E-03
   3856.6150003128728        1.07477857E-02   6.50722813E-03
   3858.0052812707272        3.13267112E-02   7.07368087E-03
   3859.3958013376782        2.55376454E-02   6.67609414E-03
   3860.7865603746300        2.02936940E-02   6.56238059E-03
   3862.1775582424884        2.98741702E-02   7.02223228E-03
   3863.5687948021578        3.14208046E-02   7.41427671E-03
   3864.9602699145426        3.14917229E-02   7.39405397E-03
   3866.3519834405479        2.11814940E-02   6.93391962E-03
   3867.7439352410793        3.33084017E-02   7.31515605E-03
   3869.1361251770413        2.88208760E-02   6.86194096E-03
   3870.5285531093377        2.14220248E-02   6.51527988E-03
   3871.9212188988754        2.09356416E-02   6.21274114E-03
   3873.3141224065580        2.15717498E-02   6.43319730E-03
   3874.7072634932902        3.26445438E-02   7.07599847E-03
   3876.1006420199778        2.82483473E-02   6.94202306E-03
   3877.4942578475248        3.03311124E-02   6.81804912E-03
   3878.8881108368369        2.20969785E-02   6.50648912E-03
   3880.2822008488179        2.97438819E-02   6.59851357E-03
   3881.6765277443737        3.60437185E-02   6.67141797E-03
   3883.0710913844091        1.71609074E-02   6.13170117E-03
   3884.4658916298285        2.22380366E-02   6.35285070E-03
   3885.8609283415371        3.47972512E-02   6.74619619E-03
   3887.2562013804395        1.60058700E-02   6.05930667E-03
   3888.6517106074407        2.88523827E-02   6.27600774E-03
   3890.0474558834458        2.75951251E-02   6.48645498E-03
   3891.4434370693593        1.72582101E-02   6.31730119E-03
   3892.8396540260865        3.42462882E-02   6.95123244E-03
   3894.2361066145322        2.61129048E-02   6.70447852E-03
   3895.6327946956012        3.11379228E-02   6.84935832E-03
   3897.0297181301980        2.42552701E-02   6.61741523E-03
   3898.4268767792278        2.74302233E-02   6.72545936E-03
   3899.8242705035959        2.91125793E-02   6.81269774E-03
   3901.2218991642067        2.13384498E-02   6.41845120E-03
   3902.6197626219655        2.31866762E-02   6.40069926E-03
   3904.0178607377761        2.90682502E-02   6.38998486E-03
   3905.4161933725445        3.59638482E-02   6.56425720E-03
   3906.8147603871757        2.19071191E-02   6.34665694E-03
   3908.2135616425735        1.77978724E-02   6.29289867E-03
   3909.6125969996442        2.60666590E-02   6.64223498E-03
   3911.0118663192907        1.83071867E-02   6.60363818E-03
   3912.4113694624202        2.87522823E-02   6.84629800E-03
   3913.8111062899361        2.60953102E-02   6.70195976E-03
   3915.2110766627438        1.43905943E-02   6.34862017E-03
   3916.6112804417476        2.05785353E-02   6.43267436E-03
   3918.0117174878528        3.20807956E-02   6.62254961E-03
   3919.4123876619647        2.27401257E-02   6.21215021E-03
   3920.8132908249877        2.70377565E-02   6.22786349E-03
   3922.2144268378270        2.80453172E-02   6.18632510E-03
   3923.6157955613867        4.41249274E-02   6.54414017E-03
   3925.0173968565728        2.43402310E-02   5.96116576E-03
   3926.4192305842889        1.53331803E-02   5.65405935E-03
   3927.8212966054411        2.50957031E-02   5.46682719E-03
   3929.2235947809336        3.17884535E-02   5.48844738E-03
   3930.6261249716717        2.80476734E-02   5.15747303E-03
   3932.0288870385598        2.59217285E-02   4.75177914E-03
   3933.4318808425032        2.18350925E-02   4.50019073E-03
   3934.8351062444067        2.20285263E-02   4.44550486E-03
   3936.2385631051748        2.24012025E-02   4.70173266E-03
   3937.6422512857130        2.78462712E-02   5.16237505E-03
   3939.0461706469255        3.41482237E-02   5.65334922E-03
   3940.4503210497182        3.50175574E-02   5.86901233E-03
   3941.8547023549945        2.39889026E-02   5.67242643E-03
   3943.2593144236607        2.57560313E-02   5.78878261E-03
   3944.6641571166215        2.03326605E-02   5.70100779E-03
   3946.0692302947805        2.23016590E-02   5.82730398E-03
   3947.4745338190437        2.79123094E-02   6.15326408E-03
   3948.8800675503157        2.66603194E-02   6.21818658E-03
   3950.2858313495021        3.94020155E-02   6.53124694E-03
   3951.6918250775070        2.88403407E-02   6.28971588E-03
   3953.0980485952350        2.00252514E-02   6.22252282E-03
   3954.5045017635912        2.83135157E-02   6.40438171E-03
   3955.9111844434810        2.02876441E-02   6.11062534E-03
   3957.3180964958092        1.89787652E-02   6.08181581E-03
   3958.7252377814798        2.44112723E-02   6.18631020E-03
   3960.1326081613993        1.93601791E-02   5.89998439E-03
   3961.5402074964704        3.59624289E-02   6.02182560E-03
   3962.9480356476001        2.47574002E-02   5.48477005E-03
   3964.3560924756916        3.17152813E-02   5.44771412E-03
   3965.7643778416514        3.12903449E-02   5.29558491E-03
   3967.1728916063835        2.77501997E-02   4.77129081E-03
   3968.5816336307921        2.53695399E-02   4.52658115E-03
   3969.9906037757833        3.60772088E-02   4.84554144E-03
   3971.3998019022615        3.25347111E-02   5.07117901E-03
   3972.8092278711315        2.40476485E-02   5.10824192E-03
   3974.2188815432987        4.27742712E-02   5.88285644E-03
   3975.6287627796673        2.63497736E-02   5.70669491E-03
   3977.0388714411420        3.02930195E-02   6.02541724E-03
   3978.4492073886286        2.80658230E-02   6.19495381E-03
   3979.8597704830308        3.22654285E-02   6.38806494E-03
   3981.2705605852548        3.77225056E-02   6.62396383E-03
   3982.6815775562045        2.72157080E-02   6.35423744E-03
   3984.0928212567856        2.66470350E-02   6.16502762E-03
   3985.5042915479025        2.60491781E-02   6.19185762E-03
   3986.9159882904601        2.42910981E-02   6.22891216E-03
   3988.3279113453632        3.32266390E-02   6.46188809E-03
   3989.7400605735165        2.72323005E-02   6.35095220E-03
   3991.1524358358256        3.27044539E-02   6.57194247E-03
   3992.5650369931950        2.67844517E-02   6.38052262E-03
   3993.9778639065294        3.16723660E-02   6.57968642E-03
   3995.3909164367337        1.46099404E-02   6.12975983E-03
   3996.8041944447127        1.81392115E-02   6.09908020E-03
   3998.2176977913718        1.76443849E-02   6.14547962E-03
   3999.6314263376157        1.41819827E-02   6.05694624E-03
   4001.0453799443490        3.17979082E-02   6.60407450E-03
   4002.4595584724766        3.43464725E-02   6.63807569E-03
   4003.8739617829037        2.26958860E-02   6.27172459E-03
   4005.2885897365350        2.58551128E-02   6.20360859E-03
   4006.7034421942753        2.91122794E-02   6.28106156E-03
   4008.1185190170295        2.53358893E-02   6.24782452E-03
   4009.5338200657029        1.26296440E-02   6.17202697E-03
   4010.9493452011998        2.69289762E-02   6.47775689E-03
   4012.3650942844251        3.57343480E-02   6.67840941E-03
   4013.7810671762845        2.14044768E-02   6.41897740E-03
   4015.1972637376821        3.50101180E-02   6.69188332E-03
   4016.6136838295229        2.46839281E-02   6.38118945E-03
   4018.0303273127115        2.73846611E-02   6.42243354E-03
   4019.4471940481535        1.87526960E-02   6.34422945E-03
   4020.8642838967535        1.30442176E-02   6.19678153E-03
   4022.2815967194165        2.92542819E-02   6.51026843E-03
   4023.6991323770467        2.39577573E-02   6.28555520E-03
   4025.1168907305496        3.28285284E-02   6.52391277E-03
   4026.5348716408303        3.03616785E-02   6.52125943E-03
   4027.9530749687929        3.17546763E-02   6.55257422E-03
   4029.3715005753429        2.51538772E-02   6.30542869E-03
   4030.7901483213850        2.29071807E-02   6.13991218E-03
   4032.2090180678242        2.45134924E-02   6.02100044E-03
   4033.6281096755656        3.23075280E-02   6.05383795E-03
   4035.0474230055129        3.63964476E-02   6.34903926E-03
   4036.4669579185725        1.80506986E-02   6.11215457E-03
   4037.8867142756485        3.44354585E-02   6.55332068E-03
   4039.3066919376461        1.93210039E-02   6.28684741E-03
   4040.7268907654698        2.94292569E-02   6.46134978E-03
   4042.1473106200247        2.69086510E-02   6.33783778E-03
   4043.5679513622158        3.34368311E-02   6.28658524E-03
   4044.9888128529474        1.71059854E-02   5.75604849E-03
   4046.4098949531253        1.56026594E-02   5.66502102E-03
   4047.8311975236538        2.93497220E-02   6.02251710E-03
   4049.2527204254379        2.25285571E-02   6.20450033E-03
   4050.6744635193827        2.36805938E-02   6.24780077E-03
   4052.0964266663927        2.86354274E-02   6.31652679E-03
   4053.5186097273727        2.11523268E-02   6.08803844E-03
   4054.9410125632285        1.98782552E-02   5.92153519E-03
   4056.3636350348634        3.08805574E-02   6.09254325E-03
   4057.7864770031838        2.93201972E-02   6.05471339E-03
   4059.2095383290939        2.36080736E-02   6.09904760E-03
   4060.6328188734988        2.17346661E-02   5.95918298E-03
   4062.0563184973030        2.15291772E-02   5.94024872E-03
   4063.4800370614116        3.08640972E-02   6.01588935E-03
   4064.9039744267302        4.01303545E-02   6.13281550E-03
   4066.3281304541624        1.78711582E-02   5.73633425E-03
   4067.7525050046138        2.43638735E-02   5.99716045E-03
   4069.1770979389889        2.14571171E-02   6.00490998E-03
   4070.6019091181938        2.15736087E-02   5.90712717E-03
   4072.0269384031317        1.61105990E-02   5.75436978E-03
   4073.4521856547085        3.24215926E-02   6.04496663E-03
   4074.8776507338280        1.22373328E-02   5.69619704E-03
   4076.3033335013965        9.36678052E-03   5.53780328E-03
   4077.7292338183183        2.55728792E-02   5.82451234E-03
   4079.1553515454984        2.04423554E-02   5.69426315E-03
   4080.5816865438414        2.13897023E-02   5.90528641E-03
   4082.0082386742524        1.67620443E-02   5.90621959E-03
   4083.4350077976364        1.75149534E-02   5.90283750E-03
   4084.8619937748977        1.43533582E-02   5.71434340E-03
   4086.2891964669420        2.58967131E-02   6.05371082E-03
   4087.7166157346737        2.46979240E-02   6.10350491E-03
   4089.1442514389973        3.24744210E-02   6.33206917E-03
   4090.5721034408184        2.84171347E-02   6.19063340E-03
   4092.0001716010415        1.22009283E-02   5.85917057E-03
   4093.4284557805718        1.60236377E-02   5.80687728E-03
   4094.8569558403142        2.80906241E-02   5.95507817E-03
   4096.2856716411734        1.92882922E-02   5.75571461E-03
   4097.7146030440535        3.17416005E-02   5.87386219E-03
   4099.1437499098611        2.40564551E-02   5.61836828E-03
   4100.5731120994988        3.63762863E-02   5.69808390E-03
   4102.0026894738739        1.90999713E-02   5.24228299E-03
   4103.4324818938903        2.16759071E-02   5.23715559E-03
   4104.8624892204525        2.63663437E-02   5.58611238E-03
   4106.2927113144651        2.27369647E-02   5.72121702E-03
   4107.7231480368337        1.60350427E-02   5.62805077E-03
   4109.1537992484637        2.25922670E-02   5.75027615E-03
   4110.5846648102588        2.94326395E-02   5.86325489E-03
   4112.0157445831246        2.36347169E-02   5.77692641E-03
   4113.4470384279657        2.95560192E-02   5.96852088E-03
   4114.8785462056867        2.21947711E-02   5.88704180E-03
   4116.3102677771931        2.51074508E-02   5.93673438E-03
   4117.7422030033895        2.72482522E-02   5.95729891E-03
   4119.1743517451814        2.90154777E-02   5.99943846E-03
   4120.6067138634726        2.44545322E-02   5.85759152E-03
   4122.0392892191685        3.04647107E-02   5.99304773E-03
   4123.4720776731738        2.45157257E-02   5.92100155E-03
   4124.9050790863939        3.30951363E-02   6.06567226E-03
   4126.3382933197336        2.91859359E-02   5.96209709E-03
   4127.7717202340964        1.48976957E-02   5.67330793E-03
   4129.2053596903888        3.03778592E-02   6.00206666E-03
   4130.6392115495155        2.91138142E-02   5.81583800E-03
   4132.0732756723810        2.98729166E-02   5.80999674E-03
   4133.5075519198899        2.97652166E-02   5.73687535E-03
   4134.9420401529469        2.12819297E-02   5.63637866E-03
   4136.3767402324593        2.54179500E-02   5.86516736E-03
   4137.8116520193280        2.79210322E-02   5.98848378E-03
   4139.2467753744613        2.37697698E-02   5.89816691E-03
   4140.6821101587630        8.23952816E-03   5.57539798E-03
   4142.1176562331366        2.30003670E-02   5.66823920E-03
   4143.5534134584896        2.44291946E-02   5.64001268E-03
   4144.9893816957238        2.43151225E-02   5.65152662E-03
   4146.4255608057465        2.16565635E-02   5.63271344E-03
   4147.8619506494615        1.65510923E-02   5.58858365E-03
   4149.2985510877743        2.98343562E-02   5.84934000E-03
   4150.7353619815885        2.20306627E-02   5.68244187E-03
   4152.1723831918116        1.79698970E-02   5.49884047E-03
   4153.6096145793463        1.86006799E-02   5.53031731E-03
   4155.0470560050971        1.94205772E-02   5.51627763E-03
   4156.4847073299707        1.94684342E-02   5.41497581E-03
   4157.9225684148714        2.54427809E-02   5.73106064E-03
   4159.3606391207022        1.91163458E-02   5.60902106E-03
   4160.7989193083713        2.64890138E-02   5.77829126E-03
   4162.2374088387805        2.63086744E-02   5.84506569E-03
   4163.6761075728364        2.44350191E-02   5.84545452E-03
   4165.1150153714434        1.68195367E-02   5.70954848E-03
   4166.5541320955062        2.49113869E-02   5.76860225E-03
   4167.9934576059313        3.23432088E-02   5.87783568E-03
   4169.4329917636205        1.87282339E-02   5.55669377E-03
   4170.8727344294821        2.85612531E-02   5.72786899E-03
   4172.3126854644179        2.36368980E-02   5.55473659E-03
   4173.7528447293344        1.90371461E-02   5.40426932E-03
   4175.1932120851370        2.97841281E-02   5.58676384E-03
   4176.6337873927296        2.46928614E-02   5.50201908E-03
   4178.0745705130166        2.78905947E-02   5.64406533E-03
   4179.5155613069055        2.20653266E-02   5.51778823E-03
   4180.9567596352981        3.16687636E-02   5.68060111E-03
   4182.3981653590999        1.87996328E-02   5.39336726E-03
   4183.8397783392165        3.06453686E-02   5.60030248E-03
   4185.2815984365534        2.53006276E-02   5.53839374E-03
   4186.7236255120142        2.91099809E-02   5.58713591E-03
   4188.1658594265054        2.29276065E-02   5.44008613E-03
   4189.6083000409299        1.85531527E-02   5.27197309E-03
   4191.0509472161939        1.84191149E-02   5.45988325E-03
   4192.4938008132012        1.55695612E-02   5.40316151E-03
   4193.9368606928583        2.81993411E-02   5.63883362E-03
   4195.3801267160679        1.84361003E-02   5.45709394E-03
   4196.8235987437374        2.98517253E-02   5.52097801E-03
   4198.2672766367696        2.71888021E-02   5.39112836E-03
   4199.7111602560708        2.34918650E-02   5.31518320E-03
   4201.1552494625439        3.63295563E-02   5.58774173E-03
   4202.5995441170962        3.03864498E-02   5.54465689E-03
   4204.0440440806324        2.64803153E-02   5.43886982E-03
   4205.4887492140560        3.49852778E-02   5.67347137E-03
   4206.9336593782709        2.31461562E-02   5.60306478E-03
   4208.3787744341853        2.33666003E-02   5.53103955E-03
   4209.8240942427010        3.90683003E-02   5.90321934E-03
   4211.2696186647254        3.00051849E-02   5.68444282E-03
   4212.7153475611622        2.38213502E-02   5.54437470E-03
   4214.1612807929159        3.20771709E-02   5.62735507E-03
   4215.6074182208913        2.53996830E-02   5.48336236E-03
   4217.0537597059929        2.35716160E-02   5.33825718E-03
   4218.5003051091280        2.50442829E-02   5.41274855E-03
   4219.9470542911995        2.58260202E-02   5.56130754E-03
   4221.3940071131119        3.56275700E-02   5.76139055E-03
   4222.8411634357717        2.43962742E-02   5.46945632E-03
   4224.2885231200826        2.93814242E-02   5.32362564E-03
   4225.7360860269500        2.30162833E-02   5.01547428E-03
   4227.1838520172778        2.75509190E-02   5.03773056E-03
   4228.6318209519723        1.76463500E-02   4.86008683E-03
   4230.0799926919372        2.63406187E-02   5.34585631E-03
   4231.5283670980789        2.90985331E-02   5.52139431E-03
   4232.9769440313012        2.66410150E-02   5.43145649E-03
   4234.4257233525095        2.73911860E-02   5.38217742E-03
   4235.8747049226067        1.87328048E-02   5.12520596E-03
   4237.3238886025010        2.73880288E-02   5.27097797E-03
   4238.7732742530943        2.03817263E-02   5.12003573E-03
   4240.2228617352930        3.11406031E-02   5.43196546E-03
   4241.6726509100017        2.61692386E-02   5.30046877E-03
   4243.1226416381260        2.87801810E-02   5.42006735E-03
   4244.5728337805695        1.74881276E-02   5.23919147E-03
   4246.0232271982377        2.35284157E-02   5.25861699E-03
   4247.4738217520353        3.80007252E-02   5.53325843E-03
   4248.9246173028678        2.09620334E-02   5.10317273E-03
   4250.3756137116397        2.66405270E-02   5.14661660E-03
   4251.8268108392549        2.96655241E-02   5.26132947E-03
   4253.2782085466206        4.17826064E-02   5.46234054E-03
   4254.7298066946396        2.37027165E-02   5.14660822E-03
   4256.1816051442174        2.30707005E-02   5.15915593E-03
   4257.6336037562587        2.41888762E-02   5.14476746E-03
   4259.0858023916689        2.32867543E-02   5.06667979E-03
   4260.5382009113528        1.66702531E-02   4.84104827E-03
   4261.9907991762148        1.02283061E-02   4.75746626E-03
   4263.4435970471595        3.08216438E-02   5.22218924E-03
   4264.8965943850935        2.13639811E-02   5.20506268E-03
   4266.3497910509204        2.67293230E-02   5.29975351E-03
   4267.8031869055449        1.91357806E-02   5.11681428E-03
   4269.2567818098723        3.14256065E-02   5.18728979E-03
   4270.7105756248075        2.32253652E-02   4.91906004E-03
   4272.1645682112548        2.32760608E-02   4.86617116E-03
   4273.6187594301200        2.79603526E-02   4.86562168E-03
   4275.0731491423076        2.91077383E-02   5.00006881E-03
   4276.5277372087221        2.04233043E-02   4.97510610E-03
   4277.9825234902701        2.63571609E-02   5.15904557E-03
   4279.4375078478533        2.24654637E-02   5.07737231E-03
   4280.8926901423783        1.74683500E-02   4.97676712E-03
   4282.3480702347515        1.43454745E-02   4.89513483E-03
   4283.8036479858756        2.63664722E-02   5.11446688E-03
   4285.2594232566571        2.69735958E-02   5.08914096E-03
   4286.7153959079988        2.59903967E-02   5.01072407E-03
   4288.1715658008070        2.47815121E-02   4.91489423E-03
   4289.6279327959874        2.03660522E-02   4.74790391E-03
   4291.0844967544426        2.40233410E-02   4.85799462E-03
   4292.5412575370792        1.72450151E-02   4.72106086E-03
   4293.9982150048018        2.88750622E-02   5.04217995E-03
   4295.4553690185148        2.24733539E-02   4.90852958E-03
   4296.9127194391240        1.98166706E-02   4.66287555E-03
   4298.3702661275338        1.73170082E-02   4.51340107E-03
   4299.8280089446480        2.62410529E-02   4.60989727E-03
   4301.2859477513730        2.35730521E-02   4.43153735E-03
   4302.7440824086134        2.31022015E-02   4.47393255E-03
   4304.2024127772738        2.37149242E-02   4.45100525E-03
   4305.6609387182589        2.46699825E-02   4.43263259E-03
   4307.1196600924732        1.94320772E-02   4.32403665E-03
   4308.5785767608231        1.81615073E-02   4.24528262E-03
   4310.0376885842124        3.39296050E-02   4.51895501E-03
   4311.4969954235467        2.24420000E-02   4.38989932E-03
   4312.9564971397285        2.22467296E-02   4.58590407E-03
   4314.4161935936663        1.70471258E-02   4.68581310E-03
   4315.8760846462628        2.09105145E-02   5.06390724E-03
   4317.3361701584226        1.87362079E-02   5.08359540E-03
   4318.7964499910522        2.44914293E-02   5.33529045E-03
   4320.2569240050552        2.48110089E-02   5.23227826E-03
   4321.7175920613354        2.57870536E-02   5.10380929E-03
   4323.1784540208009        1.55381141E-02   4.67646355E-03
   4324.6395097443547        1.35686025E-02   4.46412712E-03
   4326.1007590929012        1.66077260E-02   4.46887594E-03
   4327.5622019273460        2.35105921E-02   4.83388640E-03
   4329.0238381085946        2.53261309E-02   4.99032531E-03
   4330.4856674975508        2.47489810E-02   5.13415970E-03
   4331.9476899551182        2.13211011E-02   4.98528080E-03
   4333.4099053422060        1.75738949E-02   4.97700972E-03
   4334.8723135197142        1.71169266E-02   4.93109273E-03
   4336.3349143485511        2.52194982E-02   4.97833639E-03
   4337.7977076896195        2.31884029E-02   4.73977253E-03
   4339.2606934038258        2.47891825E-02   4.54028696E-03
   4340.7238713520737        2.49069184E-02   4.51258570E-03
   4342.1872413952688        2.21871603E-02   4.50343918E-03
   4343.6508033943164        1.73726231E-02   4.57130466E-03
   4345.1145572101204        2.01234184E-02   4.82248655E-03
   4346.5785027035854        2.39000600E-02   4.94259223E-03
   4348.0426397356177        2.66785808E-02   5.08124568E-03
   4349.5069681671212        3.09754144E-02   5.13161346E-03
   4350.9714878590012        2.85547897E-02   5.01396554E-03
   4352.4361986721624        2.15285644E-02   4.75634634E-03
   4353.9011004675094        2.60558203E-02   4.81711142E-03
   4355.3661931059478        1.04196351E-02   4.65867808E-03
   4356.8314764483812        2.32698917E-02   4.92208963E-03
   4358.2969503557160        2.31029019E-02   4.92604682E-03
   4359.7626146888560        1.47565361E-02   4.76860581E-03
   4361.2284693087067        2.38338131E-02   4.96995496E-03
   4362.6945140761727        1.46095492E-02   4.85683419E-03
   4364.1607488521586        2.71382947E-02   5.09559643E-03
   4365.6271734975708        2.76325699E-02   5.05396817E-03
   4367.0937878733130        1.40825287E-02   4.74476768E-03
   4368.5605918402880        2.16769800E-02   4.85530775E-03
   4370.0275852594050        2.00433023E-02   4.75931494E-03
   4371.4947679915667        2.75379084E-02   4.93844412E-03
   4372.9621398976769        2.39616688E-02   4.81612934E-03
   4374.4297008386420        1.86932776E-02   4.67039924E-03
   4375.8974506753657        2.15769168E-02   4.71768854E-03
   4377.3653892687544        3.25084217E-02   4.95224167E-03
   4378.8335164797127        1.45568885E-02   4.65957448E-03
   4380.3018321691434        1.69962645E-02   4.69156448E-03
   4381.7703361979538        1.51654808E-02   4.49958257E-03
   4383.2390284270487        1.46728773E-02   4.26225131E-03
   4384.7079087173324        1.07571678E-02   4.17901389E-03
   4386.1769769297080        2.16364618E-02   4.44548531E-03
   4387.6462329250826        2.35282220E-02   4.68737213E-03
   4389.1156765643609        2.17780694E-02   4.63119196E-03
   4390.5853077084475        1.93229765E-02   4.63681994E-03
   4392.0551262182462        1.82571691E-02   4.66323923E-03
   4393.5251319546642        1.63311139E-02   4.62816143E-03
   4394.9953247786034        2.28686538E-02   4.75770514E-03
   4396.4657045509721        1.68660637E-02   4.70165396E-03
   4397.9362711326721        3.41030248E-02   5.04379487E-03
   4399.4070243846099        2.66665760E-02   4.86010127E-03
   4400.8779641676911        2.56559998E-02   4.81522875E-03
   4402.3490903428183        1.81715190E-02   4.60685743E-03
   4403.8204027708971        2.02382747E-02   4.58246190E-03
   4405.2919013128339        1.96899269E-02   4.59473161E-03
   4406.7635858295325        2.26436388E-02   4.60734544E-03
   4408.2354561818984        1.78845190E-02   4.59770719E-03
   4409.7075122308352        2.17840914E-02   4.77641774E-03
   4411.1797538372484        1.92754958E-02   4.84571373E-03
   4412.6521808620428        1.89097784E-02   4.85171098E-03
   4414.1247931661246        2.43593045E-02   4.88741742E-03
   4415.5975906103968        2.50477567E-02   4.85354383E-03
   4417.0705730557656        2.03620419E-02   4.67520254E-03
   4418.5437403631349        2.29981989E-02   4.86856466E-03
   4420.0170923934102        2.28028744E-02   4.91872244E-03
   4421.4906290074960        2.49000657E-02   4.98637510E-03
   4422.9643500662978        1.47804907E-02   4.74812696E-03
   4424.4382554307203        1.74977034E-02   4.74837888E-03
   4425.9123449616682        3.41507904E-02   4.97205742E-03
   4427.3866185200459        2.67855208E-02   4.94822906E-03
   4428.8610759667581        1.06118703E-02   4.64264583E-03
   4430.3357171627113        2.43813675E-02   4.91368584E-03
   4431.8105419688100        1.92981064E-02   4.75993333E-03
   4433.2855502459570        2.68300287E-02   4.85552708E-03
   4434.7607418550597        1.85923465E-02   4.58582677E-03
   4436.2361166570217        1.89629681E-02   4.71689273E-03
   4437.7116745127478        2.40768529E-02   4.84894076E-03
   4439.1874152831442        2.81355027E-02   5.01760142E-03
   4440.6633388291139        2.41439026E-02   4.87392349E-03
   4442.1394450115631        2.75454633E-02   4.87680174E-03
   4443.6157336913957        2.36876383E-02   4.78836242E-03
   4445.0922047295171        2.11524293E-02   4.78847232E-03
   4446.5688579868338        2.79289596E-02   4.94759157E-03
   4448.0456933242476        1.68553460E-02   4.75006271E-03
   4449.5227106026659        2.63926331E-02   4.94622905E-03
   4450.9999096829915        1.57790277E-02   4.76176525E-03
   4452.4772904261317        2.85479166E-02   4.88066813E-03
   4453.9548526929893        2.41674334E-02   4.77843592E-03
   4455.4325963444699        1.74092576E-02   4.55921004E-03
   4456.9105212414788        2.66413093E-02   4.67636995E-03
   4458.3886272449199        1.41021674E-02   4.48415428E-03
   4459.8669142156996        1.89643744E-02   4.56048874E-03
   4461.3453820147224        2.14277674E-02   4.60662087E-03
   4462.8240305028912        2.20910106E-02   4.70308494E-03
   4464.3028595411124        1.97835248E-02   4.66912845E-03
   4465.7818689902915        2.21138988E-02   4.79141576E-03
   4467.2610587113322        2.15675849E-02   4.75775311E-03
   4468.7404285651410        1.68191213E-02   4.64629568E-03
   4470.2199784126205        3.37531529E-02   5.01131872E-03
   4471.6997081146774        2.68955808E-02   4.89965174E-03
   4473.1796175322161        2.05328092E-02   4.84124431E-03
   4474.6597065261412        1.85159165E-02   4.83057089E-03
   4476.1399749573575        2.35392246E-02   4.93607018E-03
   4477.6204226867694        2.50141677E-02   4.98284865E-03
   4479.1010495752844        2.60441545E-02   4.87536937E-03
   4480.5818554838042        2.66240239E-02   4.87047667E-03
   4482.0628402732345        2.43976191E-02   4.75884136E-03
   4483.5440038044817        2.05268580E-02   4.72323364E-03
   4485.0253459384494        2.54005305E-02   4.90265433E-03
   4486.5068665360432        2.41238624E-02   4.91884770E-03
   4487.9885654581658        2.49894410E-02   4.97303624E-03
   4489.4704425657255        1.81257892E-02   4.67316573E-03
   4490.9524977196243        2.00557616E-02   4.78650350E-03
   4492.4347307807684        2.17987783E-02   4.75728000E-03
   4493.9171416100644        1.94757264E-02   4.76083951E-03
   4495.3997300684132        1.04842419E-02   4.56997426E-03
   4496.8824960167221        2.14272551E-02   4.79627447E-03
   4498.3654393158959        3.13979536E-02   4.98904102E-03
   4499.8485598268398        2.57802103E-02   4.85137897E-03
   4501.3318574104578        2.33162139E-02   4.89496160E-03
   4502.8153319276553        2.63562668E-02   4.93674725E-03
   4504.2989832393359        2.84557957E-02   5.00476686E-03
   4505.7828112064071        2.38011461E-02   5.02706179E-03
   4507.2668156897716        2.11579110E-02   4.92238440E-03
   4508.7509965503350        2.41630506E-02   4.96420031E-03
   4510.2353536490027        2.43806671E-02   4.94886748E-03
   4511.7198868466785        1.81371886E-02   4.81655821E-03
   4513.2045960042678        2.74669733E-02   4.97979624E-03
   4514.6894809826754        2.26634201E-02   4.92337998E-03
   4516.1745416428066        1.63726602E-02   4.74462193E-03
   4517.6597778455653        2.65451036E-02   4.94819973E-03
   4519.1451894518586        2.64788549E-02   4.94552404E-03
   4520.6307763225886        1.96625851E-02   4.86264098E-03
   4522.1165383186617        1.86613705E-02   4.77746455E-03
   4523.6024753009815        2.14252733E-02   4.82647447E-03
   4525.0885871304554        3.16284485E-02   4.98102233E-03
   4526.5748736679870        1.95600968E-02   4.61786659E-03
   4528.0613347744802        1.91062838E-02   4.54936223E-03
   4529.5479703108404        2.17733681E-02   4.63258568E-03
   4531.0347801379730        1.76857337E-02   4.61201929E-03
   4532.5217641167828        2.50690933E-02   4.74632205E-03
   4534.0089221081735        2.46370360E-02   4.77977796E-03
   4535.4962539730523        2.10035723E-02   4.70246514E-03
   4536.9837595723229        2.77772695E-02   4.84796520E-03
   4538.4714387668882        2.48981807E-02   4.89660911E-03
   4539.9592914176565        2.16232687E-02   4.85087791E-03
   4541.4473173855313        1.38495201E-02   4.68717143E-03
   4542.9355165314173        2.30493713E-02   4.80923196E-03
   4544.4238887162182        1.67921893E-02   4.68571018E-03
   4545.9124338008414        2.34782640E-02   4.77378676E-03
   4547.4011516461887        2.15820577E-02   4.72641410E-03
   4548.8900421131684        2.87496988E-02   4.79010586E-03
   4550.3791050626833        1.88033469E-02   4.63687489E-03
   4551.8683403556379        2.35312339E-02   4.70795901E-03
   4553.3577478529387        2.42887940E-02   4.72355448E-03
   4554.8473274154894        9.06623155E-03   4.48511960E-03
   4556.3370789041956        3.27134430E-02   4.92580375E-03
   4557.8270021799617        1.55950319E-02   4.65549575E-03
   4559.3170971036934        2.55888849E-02   4.90038609E-03
   4560.8073635362944        2.64248066E-02   4.92868060E-03
   4562.2978013386692        2.56548934E-02   4.88542859E-03
   4563.7884103717242        3.08774114E-02   4.93610278E-03
   4565.2791904963642        1.53476410E-02   4.65680659E-03
   4566.7701415734928        2.10480765E-02   4.72121034E-03
   4568.2612634640154        2.53218077E-02   4.84591536E-03
   4569.7525560288377        3.05972174E-02   4.91693569E-03
   4571.2440191288642        1.68306287E-02   4.67365654E-03
   4572.7356526249987        1.55000538E-02   4.64479672E-03
   4574.2274563781475        2.81448532E-02   4.84509580E-03
   4575.7194302492153        1.68613791E-02   4.74991789E-03
   4577.2115740991057        1.57092549E-02   4.65036556E-03
   4578.7038877887262        2.47278437E-02   4.77041025E-03
   4580.1963711789776        3.57424393E-02   4.93039330E-03
   4581.6890241307683        1.86200850E-02   4.56950907E-03
   4583.1818465050028        1.92850567E-02   4.55680350E-03
   4584.6748381625848        1.65416170E-02   4.55389777E-03
   4586.1679989644199        1.85248721E-02   4.57787607E-03
   4587.6613287714117        2.22204104E-02   4.70189471E-03
   4589.1548274444667        1.68885477E-02   4.59290994E-03
   4590.6484948444895        3.11655700E-02   4.86355275E-03
   4592.1423308323847        1.81122757E-02   4.61985730E-03
   4593.6363352690560        2.53890920E-02   4.69391141E-03
   4595.1305080154107        1.99071709E-02   4.62430855E-03
   4596.6248489323516        3.25247347E-02   4.79023671E-03
   4598.1193578807852        1.95407663E-02   4.58187284E-03
   4599.6140347216151        1.97683983E-02   4.58786311E-03
   4601.1088793157460        2.49462686E-02   4.70963307E-03
   4602.6038915240842        1.39038935E-02   4.46288474E-03
   4604.0990712075336        1.80389509E-02   4.53308504E-03
   4605.5944182269996        1.04017155E-02   4.47594794E-03
   4607.0899324433867        2.83115152E-02   4.76329448E-03
   4608.5856137176006        1.99524723E-02   4.68553603E-03
   4610.0814619105440        2.47731209E-02   4.73118154E-03
   4611.5774768831243        1.43073276E-02   4.56489809E-03
   4613.0736584962451        2.39168052E-02   4.69595846E-03
   4614.5700066108111        2.78154425E-02   4.78336308E-03
   4616.0665210877278        1.73836276E-02   4.65164008E-03
   4617.5632017879007        1.78511385E-02   4.57869750E-03
   4619.0600485722334        2.40605641E-02   4.68325010E-03
   4620.5570613016307        1.74145233E-02   4.55010869E-03
   4622.0542398369980        2.41716150E-02   4.73303767E-03
   4623.5515840392418        2.17223261E-02   4.70091542E-03
   4625.0490937692630        2.01411657E-02   4.62714490E-03
   4626.5467688879708        2.20351052E-02   4.69058845E-03
   4628.0446092562670        1.88769773E-02   4.57342807E-03
   4629.5426147350590        3.33845243E-02   4.85586608E-03
   4631.0407851852488        1.41462963E-02   4.52532759E-03
   4632.5391204677435        2.61603817E-02   4.70921630E-03
   4634.0376204434478        1.37999142E-02   4.53941617E-03
   4635.5362849732646        1.35671971E-02   4.49154433E-03
   4637.0351139181021        1.39863966E-02   4.47344920E-03
   4638.5341071388630        2.16461774E-02   4.52935742E-03
   4640.0332644964510        1.85378641E-02   4.49578976E-03
   4641.5325858517745        1.88451689E-02   4.51728655E-03
   4643.0320710657352        1.83945484E-02   4.55932226E-03
   4644.5317199992396        1.77495107E-02   4.53216676E-03
   4646.0315325131924        2.23516002E-02   4.55513317E-03
   4647.5315084684980        2.58645043E-02   4.51516313E-03
   4649.0316477260612        1.73801873E-02   4.40896815E-03
   4650.5319501467875        1.54951112E-02   4.43362072E-03
   4652.0324155915814        2.78037284E-02   4.67952434E-03
   4653.5330439213476        2.91638970E-02   4.71268501E-03
   4655.0338349969925        2.13339329E-02   4.52427939E-03
   4656.5347886794189        1.59129426E-02   4.38989233E-03
   4658.0359048295322        2.98437066E-02   4.71324474E-03
   4659.5371833082381        2.55730283E-02   4.69154585E-03
   4661.0386239764412        1.30339880E-02   4.47534723E-03
   4662.5402266950459        2.39362568E-02   4.63519897E-03
   4664.0419913249580        2.06419863E-02   4.55436856E-03
   4665.5439177270810        2.64335349E-02   4.51718597E-03
   4667.0460057623213        1.91780329E-02   4.35984042E-03
   4668.5482552915819        1.83664132E-02   4.30850731E-03
   4670.0506661757690        2.61755809E-02   4.53178398E-03
   4671.5532382757883        2.26735249E-02   4.51893965E-03
   4673.0559714525434        2.69139446E-02   4.63697407E-03
   4674.5588655669389        2.46705562E-02   4.64516226E-03
   4676.0619204798813        2.30176244E-02   4.60590795E-03
   4677.5651360522734        2.13454496E-02   4.56473837E-03
   4679.0685121450215        2.32631825E-02   4.59234975E-03
   4680.5720486190294        2.34992113E-02   4.48072609E-03
   4682.0757453352035        2.24593822E-02   4.53956658E-03
   4683.5796021544484        1.65732261E-02   4.48041689E-03
   4685.0836189376669        1.60339419E-02   4.47201822E-03
   4686.5877955457672        2.50961334E-02   4.63801203E-03
   4688.0921318396504        2.70752665E-02   4.66045365E-03
   4689.5966276802255        2.64444295E-02   4.61922726E-03
   4691.1012829283936        2.66925190E-02   4.59044380E-03
   4692.6060974450629        2.01791059E-02   4.55246400E-03
   4694.1110710911353        2.62360685E-02   4.66332771E-03
   4695.6162037275171        2.26408243E-02   4.56856983E-03
   4697.1214952151140        2.44889725E-02   4.64074640E-03
   4698.6269454148287        1.27807837E-02   4.36655246E-03
   4700.1325541875694        2.46521737E-02   4.53906087E-03
   4701.6383213942372        1.80764627E-02   4.36306093E-03
   4703.1442468957393        1.64258257E-02   4.33091726E-03
   4704.6503305529795        2.80196946E-02   4.56276862E-03
   4706.1565722268651        2.60690376E-02   4.54568770E-03
   4707.6629717782971        2.49111298E-02   4.51837992E-03
   4709.1695290681837        2.54618507E-02   4.54708096E-03
   4710.6762439574277        1.94787532E-02   4.47249971E-03
   4712.1831163069346        2.24599596E-02   4.57840646E-03
   4713.6901459776100        2.61479765E-02   4.62878123E-03
   4715.1973328303584        2.94562560E-02   4.68036206E-03
   4716.7046767260845        1.48747340E-02   4.45907330E-03
   4718.2121775256928        2.07694639E-02   4.59885690E-03
   4719.7198350900881        1.92034971E-02   4.62492416E-03
   4721.2276492801766        2.61976402E-02   4.70261462E-03
   4722.7356199568621        1.97223350E-02   4.58646473E-03
   4724.2437469810493        1.90763231E-02   4.60829027E-03
   4725.7520302136445        1.50947906E-02   4.43826988E-03
   4727.2604695155505        2.66692210E-02   4.63771401E-03
   4728.7690647476738        2.67809071E-02   4.58701095E-03
   4730.2778157709190        2.12564655E-02   4.51065833E-03
   4731.7867224461907        1.98249761E-02   4.44721244E-03
   4733.2957846343934        2.25431807E-02   4.57681669E-03
   4734.8050021964336        1.35743655E-02   4.41737333E-03
   4736.3143749932133        1.42165385E-02   4.38867370E-03
   4737.8239028856406        2.30139717E-02   4.56739496E-03
   4739.3335857346174        1.83405969E-02   4.46747756E-03
   4740.8434234010510        1.72943734E-02   4.50377911E-03
   4742.3534157458453        2.29050498E-02   4.61915601E-03
   4743.8635626299056        2.36033872E-02   4.62259119E-03
   4745.3738639141357        2.05085147E-02   4.60503902E-03
   4746.8843194594410        2.63872407E-02   4.65415651E-03
   4748.3949291267272        1.80884898E-02   4.55874857E-03
   4749.9056927768979        2.77804602E-02   4.72324854E-03
   4751.4166102708596        2.01268289E-02   4.57943184E-03
   4752.9276814695158        1.95118561E-02   4.54363320E-03
   4754.4389062337714        2.00389419E-02   4.52772155E-03
   4755.9502844245326        2.41211429E-02   4.58425377E-03
   4757.4618159027013        2.13555079E-02   4.55143116E-03
   4758.9735005291859        2.14341152E-02   4.60063713E-03
   4760.4853381648900        1.86608601E-02   4.48848261E-03
   4761.9973286707191        1.65599920E-02   4.47094301E-03
   4763.5094719075760        2.18179263E-02   4.50561615E-03
   4765.0217677363671        2.07561478E-02   4.46520792E-03
   4766.5342160179971        1.94146130E-02   4.44098096E-03
   4768.0468166133714        2.51269266E-02   4.58236597E-03
   4769.5595693833939        2.01323871E-02   4.54810634E-03
   4771.0724741889708        2.43933089E-02   4.64731222E-03
   4772.5855308910041        1.75947268E-02   4.52390639E-03
   4774.0987393504029        2.31342856E-02   4.65198979E-03
   4775.6120994280691        2.19710786E-02   4.65179794E-03
   4777.1256109849073        2.32286453E-02   4.64868732E-03
   4778.6392738818240        2.05602925E-02   4.62833326E-03
   4780.1530879797247        2.11512130E-02   4.61521558E-03
   4781.6670531395121        1.97968930E-02   4.60763369E-03
   4783.1811692220926        2.09244266E-02   4.53137327E-03
   4784.6954360883701        1.86027624E-02   4.51958459E-03
   4786.2098535992500        1.95887741E-02   4.54199035E-03
   4787.7244216156378        2.23781336E-02   4.56852745E-03
   4789.2391399984372        1.74199529E-02   4.44534980E-03
   4790.7540086085528        1.85304862E-02   4.54444066E-03
   4792.2690273068920        1.87592674E-02   4.55285842E-03
   4793.7841959543566        1.50014656E-02   4.52528708E-03
   4795.2995144118531        2.04833429E-02   4.63113934E-03
   4796.8149825402870        1.80636831E-02   4.58297646E-03
   4798.3306002005620        1.45236477E-02   4.50786436E-03
   4799.8463672535827        2.20946223E-02   4.61931387E-03
   4801.3622835602546        1.71362534E-02   4.49592387E-03
   4802.8783489814841        2.28147004E-02   4.65727644E-03
   4804.3945633781723        2.04726569E-02   4.55020554E-03
   4805.9109266112282        2.51983386E-02   4.66014817E-03
   4807.4274385415538        1.76583007E-02   4.52426914E-03
   4808.9440990300554        1.30660729E-02   4.40898119E-03
   4810.4609079376378        2.53928993E-02   4.65862686E-03
   4811.9778651252054        1.92921218E-02   4.57250420E-03
   4813.4949704536630        1.20873237E-02   4.45068860E-03
   4815.0122237839159        2.08265036E-02   4.65403777E-03
   4816.5296249768689        1.42072290E-02   4.50678961E-03
   4818.0471738934266        2.35780030E-02   4.72077169E-03
   4819.5648703944944        1.84935834E-02   4.60666325E-03
   4821.0827143409770        1.66197289E-02   4.53987950E-03
   4822.6007055937789        9.00806952E-03   4.35851235E-03
   4824.1188440138058        2.70648245E-02   4.68205893E-03
   4825.6371294619612        1.48078753E-02   4.47332533E-03
   4827.1555617991507        1.30306948E-02   4.46006889E-03
   4828.6741408862808        1.10197105E-02   4.43871226E-03
   4830.1928665842534        1.37241706E-02   4.49215900E-03
   4831.7117387539747        1.30123114E-02   4.46019601E-03
   4833.2307572563514        1.53477862E-02   4.43928549E-03
   4834.7499219522851        1.45117640E-02   4.44106665E-03
   4836.2692327026843        1.64747145E-02   4.48890869E-03
   4837.7886893684499        1.54371606E-02   4.49735718E-03
   4839.3082918104901        2.76562478E-02   4.63637430E-03
   4840.8280398897077        1.84017159E-02   4.46367636E-03
   4842.3479334670092        2.90239174E-02   4.67068795E-03
   4843.8679724032982        1.71809699E-02   4.43901122E-03
   4845.3881565594793        3.39826643E-02   4.75545181E-03
   4846.9084857964590        2.45663635E-02   4.63748351E-03
   4848.4289599751410        1.95944794E-02   4.52347519E-03
   4849.9495789564307        1.81345344E-02   4.49245749E-03
   4851.4703426012329        2.17200182E-02   4.51663183E-03
   4852.9912507704512        2.72861291E-02   4.59939381E-03
   4854.5123033249929        2.24477574E-02   4.48619016E-03
   4856.0335001257608        2.57480852E-02   4.42268420E-03
   4857.5548410336614        2.80872937E-02   4.43504239E-03
   4859.0763259095984        2.43259389E-02   4.26302431E-03
   4860.5979546144772        2.45769005E-02   4.07493720E-03
   4862.1197270092016        2.43752189E-02   4.08513704E-03
   4863.6416429546789        2.17350274E-02   4.13251389E-03
   4865.1637023118119        3.00669111E-02   4.44229040E-03
   4866.6859049415061        2.79682036E-02   4.51063691E-03
   4868.2082507046662        2.84247063E-02   4.51887492E-03
   4869.7307394621976        2.92617008E-02   4.53377934E-03
   4871.2533710750040        2.70277541E-02   4.44483245E-03
   4872.7761454039928        3.02983336E-02   4.45206463E-03
   4874.2990623100659        1.65481102E-02   4.24047001E-03
   4875.8221216541297        2.57645100E-02   4.55879932E-03
   4877.3453232970896        2.47696079E-02   4.49478719E-03
   4878.8686670998486        2.41260566E-02   4.55508335E-03
   4880.3921529233139        3.25855464E-02   4.66950471E-03
   4881.9157806283893        1.93722844E-02   4.46252711E-03
   4883.4395500759783        2.45948266E-02   4.52398602E-03
   4884.9634611269885        1.88797154E-02   4.40513482E-03
   4886.4875136423225        1.60924122E-02   4.29484854E-03
   4888.0117074828868        1.87624972E-02   4.35069343E-03
   4889.5360425095841        2.45077331E-02   4.42997785E-03
   4891.0605185833219        1.94412600E-02   4.36999975E-03
   4892.5851355650038        1.32754892E-02   4.21219924E-03
   4894.1098933155354        2.65645366E-02   4.57998319E-03
   4895.6347916958211        1.57014541E-02   4.53291042E-03
   4897.1598305667640        1.84276085E-02   4.55208495E-03
   4898.6850097892730        2.08547115E-02   4.55239695E-03
   4900.2103292242491        2.73500867E-02   4.63434635E-03
   4901.7357887325988        1.75709669E-02   4.45609307E-03
   4903.2613881752268        1.17905419E-02   4.35488718E-03
   4904.7871274130384        1.70843787E-02   4.43040533E-03
   4906.3130063069375        1.99358892E-02   4.52244515E-03
   4907.8390247178304        1.70698762E-02   4.42151679E-03
   4909.3651825066217        1.66149363E-02   4.35083685E-03
   4910.8914795342153        2.16646064E-02   4.41168761E-03
   4912.4179156615164        1.61072444E-02   4.34495928E-03
   4913.9444907494299        2.38295067E-02   4.51730425E-03
   4915.4712046588620        2.09805742E-02   4.52711480E-03
   4916.9980572507156        2.18660757E-02   4.48676478E-03
   4918.5250483858972        2.31392831E-02   4.40287450E-03
   4920.0521779253104        1.82309560E-02   4.20597428E-03
   4921.5794457298607        1.67206004E-02   4.21629194E-03
   4923.1068516604519        2.76667140E-02   4.46787663E-03
   4924.6343955779912        1.40847154E-02   4.27176012E-03
   4926.1620773433815        2.23814696E-02   4.47049178E-03
   4927.6898968175292        2.44182963E-02   4.57180571E-03
   4929.2178538613380        1.83534790E-02   4.45523905E-03
   4930.7459483357125        1.68974120E-02   4.44956031E-03
   4932.2741801015591        2.31676959E-02   4.55570687E-03
   4933.8025490197806        2.00685747E-02   4.44119517E-03
   4935.3310549512844        2.38220412E-02   4.46683401E-03
   4936.8596977569732        2.18424872E-02   4.44176421E-03
   4938.3884772977535        2.46940479E-02   4.45117056E-03
   4939.9173934345290        1.95437353E-02   4.33915062E-03
   4941.4464460282043        2.41548587E-02   4.52949107E-03
   4942.9756349396857        1.33917248E-02   4.46089450E-03
   4944.5049600298771        1.99842844E-02   4.55620931E-03
   4946.0344211596848        2.25879233E-02   4.56440169E-03
   4947.5640181900108        2.54622027E-02   4.63906489E-03
   4949.0937509817632        1.96186937E-02   4.51473938E-03
   4950.6236193958439        1.77298747E-02   4.47228644E-03
   4952.1536232931612        1.44017711E-02   4.46581468E-03
   4953.6837625346170        2.08997075E-02   4.54989355E-03
   4955.2140369811168        1.46859409E-02   4.35245177E-03
   4956.7444464935661        2.11009774E-02   4.36727330E-03
   4958.2749909328704        2.36553941E-02   4.42544091E-03
   4959.8056701599335        1.43131725E-02   4.34548827E-03
   4961.3364840356608        1.76798496E-02   4.51602368E-03
   4962.8674324209560        1.95665509E-02   4.54514567E-03
   4964.3985151767256        2.99034249E-02   4.69221640E-03
   4965.9297321638742        2.15204768E-02   4.50545829E-03
   4967.4610832433063        1.99158024E-02   4.50522406E-03
   4968.9925682759267        1.83608793E-02   4.44326131E-03
   4970.5241871226399        1.75963566E-02   4.44203941E-03
   4972.0559396443523        2.24369746E-02   4.57461132E-03
   4973.5878257019667        1.29065728E-02   4.40505985E-03
   4975.1198451563896        1.87359620E-02   4.48886398E-03
   4976.6519978685246        8.12779367E-03   4.31898143E-03
   4978.1842836992782        1.73644777E-02   4.46590921E-03
   4979.7167025095550        2.55429056E-02   4.56336839E-03
   4981.2492541602578        2.28155535E-02   4.41697659E-03
   4982.7819385122939        3.27634476E-02   4.55213059E-03
   4984.3147554265670        2.15555634E-02   4.36327793E-03
   4985.8477047639826        1.55727295E-02   4.25684825E-03
   4987.3807863854445        2.44196299E-02   4.54977481E-03
   4988.9140001518590        1.85465720E-02   4.55103535E-03
   4990.4473459241299        1.92747805E-02   4.48124763E-03
   4991.9808235631617        3.03384122E-02   4.67849663E-03
   4993.5144329298610        3.02588362E-02   4.65863617E-03
   4995.0481738851322        1.52610028E-02   4.42439038E-03
   4996.5820462898791        2.37798672E-02   4.63002687E-03
   4998.1160500050073        1.70778502E-02   4.45854664E-03
   4999.6501848914213        1.53574888E-02   4.41726996E-03
   5001.1844508100266        2.79910360E-02   4.61931154E-03
   5002.7188476217270        2.14328617E-02   4.43136413E-03
   5004.2533751874289        1.82722080E-02   4.41163266E-03
   5005.7880333680368        2.27902438E-02   4.43930132E-03
   5007.3228220244546        2.44969614E-02   4.48298268E-03
   5008.8577410175876        2.63470113E-02   4.55814367E-03
   5010.3927902083415        2.80125905E-02   4.61984985E-03
   5011.9279694576207        1.58079453E-02   4.32415633E-03
   5013.4632786263301        2.61863582E-02   4.49236576E-03
   5014.9987175753731        1.52628049E-02   4.29722248E-03
   5016.5342861656572        2.73436550E-02   4.54265950E-03
   5018.0699842580852        2.88449172E-02   4.60776081E-03
   5019.6058117135626        2.74664536E-02   4.55140416E-03
   5021.1417683929958        2.74198502E-02   4.59624268E-03
   5022.6778541572867        3.19779329E-02   4.65997681E-03
   5024.2140688673426        2.29526535E-02   4.50835750E-03
   5025.7504123840681        2.24967003E-02   4.55159368E-03
   5027.2868845683670        3.58487777E-02   4.76454990E-03
   5028.8234852811456        1.28773544E-02   4.41148598E-03
   5030.3602143833068        2.21299566E-02   4.56346059E-03
   5031.8970717357570        2.65323948E-02   4.71854117E-03
   5033.4340571994016        2.17518806E-02   4.59837960E-03
   5034.9711706351436        2.71961708E-02   4.67050355E-03
   5036.5084119038893        2.40056589E-02   4.59798472E-03
   5038.0457808665424        2.49351449E-02   4.55079321E-03
   5039.5832773840102        2.72503477E-02   4.52267099E-03
   5041.1209013171947        3.03655993E-02   4.60053142E-03
   5042.6586525270022        2.22325698E-02   4.50627459E-03
   5044.1965308743374        1.55118341E-02   4.45880508E-03
   5045.7345362201058        2.23930404E-02   4.63602506E-03
   5047.2726684252111        2.01272685E-02   4.60265763E-03
   5048.8109273505588        3.46962363E-02   4.80317697E-03
   5050.3493128570544        2.35098228E-02   4.58127726E-03
   5051.8878248056017        2.16301773E-02   4.54094307E-03
   5053.4264630571060        2.26330664E-02   4.64248518E-03
   5054.9652274724713        3.05784475E-02   4.79901908E-03
   5056.5041179126047        2.10447293E-02   4.66580410E-03
   5058.0431342384090        1.93062313E-02   4.64926381E-03
   5059.5822763107908        2.29893066E-02   4.74691298E-03
   5061.1215439906537        2.03843899E-02   4.74730181E-03
   5062.6609371389031        2.69438606E-02   4.80698748E-03
   5064.2004556164429        3.41186933E-02   4.92708711E-03
   5065.7400992841795        1.72157269E-02   4.58208518E-03
   5067.2798680030164        2.78363284E-02   4.70049726E-03
   5068.8197616338593        2.17992645E-02   4.66483552E-03
   5070.3597800376128        1.64660197E-02   4.56075603E-03
   5071.8999230751833        2.47063898E-02   4.69656335E-03
   5073.4401906074727        2.36627012E-02   4.65179747E-03
   5074.9805824953883        2.43678559E-02   4.66253283E-03
   5076.5210985998337        2.02979911E-02   4.65444755E-03
   5078.0617387817156        2.29032934E-02   4.61477926E-03
   5079.6025029019365        2.77482197E-02   4.70464723E-03
   5081.1433908214021        1.72750615E-02   4.43081930E-03
   5082.6844024010179        3.00993975E-02   4.74323193E-03
   5084.2255375016884        2.08437573E-02   4.61831782E-03
   5085.7667959843184        2.50887517E-02   4.70805401E-03
   5087.3081777098123        2.75389105E-02   4.78643458E-03
   5088.8496825390757        2.53562778E-02   4.78600385E-03
   5090.3913103330142        1.93350650E-02   4.71878843E-03
   5091.9330609525305        2.52811983E-02   4.81804833E-03
   5093.4749342585328        2.31669508E-02   4.79137991E-03
   5095.0169301119222        2.14076992E-02   4.69966093E-03
   5096.5590483736069        1.83366761E-02   4.62843338E-03
   5098.1012889044887        2.12005060E-02   4.62160585E-03
   5099.6436515654750        1.85856055E-02   4.59919078E-03
   5101.1861362174695        1.94462389E-02   4.62566176E-03
   5102.7287427213769        1.74998902E-02   4.64215875E-03
   5104.2714709381034        2.53528394E-02   4.79675597E-03
   5105.8143207285520        1.41296303E-02   4.53399727E-03
   5107.3572919536291        2.19825972E-02   4.63739550E-03
   5108.9003844742383        1.80729721E-02   4.61714389E-03
   5110.4435981512861        2.28142161E-02   4.66779713E-03
   5111.9869328456762        2.00154185E-02   4.69209952E-03
   5113.5303884183131        1.87244378E-02   4.68234671E-03
   5115.0739647301034        2.14877948E-02   4.76338435E-03
   5116.6176616419516        2.69965082E-02   4.87837242E-03
   5118.1614790147614        3.12809981E-02   4.98829549E-03
   5119.7054167094375        2.12702770E-02   4.71639261E-03
   5121.2494745868862        3.06255314E-02   4.88059362E-03
   5122.7936525080113        2.30992585E-02   4.73635644E-03
   5124.3379503337173        2.53897067E-02   4.71637677E-03
   5125.8823679249108        1.82507373E-02   4.57656197E-03
   5127.4269051424953        2.34737769E-02   4.73665306E-03
   5128.9715618473774        1.57115124E-02   4.53686295E-03
   5130.5163379004598        3.11379842E-02   4.84530069E-03
   5132.0612331626480        1.80684570E-02   4.61376412E-03
   5133.6062474948467        2.00918168E-02   4.69259871E-03
   5135.1513807579622        3.68058085E-02   4.95295180E-03
   5136.6966328128983        1.94158703E-02   4.67981491E-03
   5138.2420035205596        1.99015737E-02   4.60780039E-03
   5139.7874927418525        2.32474711E-02   4.63393796E-03
   5141.3331003376798        1.44442571E-02   4.54050768E-03
   5142.8788261689479        2.47198977E-02   4.76952642E-03
   5144.4246700965605        2.34724693E-02   4.70076874E-03
   5145.9706319814240        2.80348938E-02   4.78148600E-03
   5147.5167116844414        3.08071226E-02   4.87952912E-03
   5149.0629090665198        1.77196730E-02   4.60568536E-03
   5150.6092239885620        1.91313196E-02   4.68441611E-03
   5152.1556563114746        7.49599189E-03   4.41767927E-03
   5153.7022058961611        2.85164043E-02   4.81818803E-03
   5155.2488726035272        2.52651405E-02   4.75897128E-03
   5156.7956562944773        3.34169082E-02   4.98594856E-03
   5158.3425568299162        1.93762835E-02   4.77629667E-03
   5159.8895740707503        2.96118688E-02   4.92073596E-03
   5161.4367078778823        2.28926484E-02   4.73856553E-03
   5162.9839581122187        2.81101689E-02   4.91697900E-03
   5164.5313246346632        2.10819095E-02   4.57650470E-03
   5166.0788073061203        2.07899138E-02   4.45128931E-03
   5167.6264059874975        2.48441547E-02   4.45804931E-03
   5169.1741205396984        1.73937380E-02   4.31282399E-03
   5170.7219508236258        2.08930448E-02   4.33052424E-03
   5172.2698967001861        3.06774415E-02   4.53377981E-03
   5173.8179580302858        2.51026638E-02   4.46357904E-03
   5175.3661346748286        2.39009038E-02   4.60285088E-03
   5176.9144264947172        2.18611453E-02   4.74929577E-03
   5178.4628333508599        1.43603692E-02   4.67656879E-03
   5180.0113551041604        2.80860048E-02   4.89634182E-03
   5181.5599916155215        2.56174896E-02   4.65334160E-03
   5183.1087427458515        2.16666609E-02   4.39352868E-03
   5184.6576083560522        2.51661334E-02   4.43793414E-03
   5186.2065883070318        3.40659358E-02   4.70620301E-03
   5187.7556824596923        2.42737476E-02   4.72127507E-03
   5189.3048906749400        2.27482840E-02   4.75982344E-03
   5190.8542128136787        2.98435893E-02   4.85214451E-03
   5192.4036487368139        2.12389287E-02   4.70231147E-03
   5193.9531983052511        2.61235069E-02   4.71427990E-03
   5195.5028613798950        2.33455151E-02   4.75303875E-03
   5197.0526378216482        1.86178870E-02   4.70634084E-03
   5198.6025274914191        1.91574134E-02   4.78468183E-03
   5200.1525302501113        1.91157795E-02   4.82787378E-03
   5201.7026459586295        1.90653820E-02   4.83676046E-03
   5203.2528744778765        1.64555945E-02   4.67979489E-03
   5204.8032156687614        2.72576213E-02   4.83851414E-03
   5206.3536693921860        2.54120920E-02   4.76581324E-03
   5207.9042355090560        2.70526186E-02   4.74067265E-03
   5209.4549138802759        2.10730080E-02   4.69565298E-03
   5211.0057043667503        1.98196601E-02   4.75925999E-03
   5212.5566068293865        1.70144681E-02   4.77076788E-03
   5214.1076211290856        2.46569458E-02   4.86107962E-03
   5215.6587471267567        1.49389850E-02   4.65859193E-03
   5217.2099846833007        2.29828004E-02   4.76767123E-03
   5218.7613336596251        2.04980727E-02   4.71150409E-03
   5220.3127939166334        1.22125251E-02   4.69506672E-03
   5221.8643653152321        2.32418645E-02   4.86720912E-03
   5223.4160477163250        2.35233251E-02   4.88891406E-03
   5224.9678409808166        1.34271299E-02   4.57932008E-03
   5226.5197449696125        3.06454729E-02   4.82015545E-03
   5228.0717595436163        2.42027920E-02   4.68725292E-03
   5229.6238845637345        1.88387167E-02   4.62888973E-03
   5231.1761198908716        2.79956516E-02   4.91030887E-03
   5232.7284653859315        2.12994516E-02   4.76240227E-03
   5234.2809209098205        2.17860304E-02   4.70425002E-03
   5235.8334863234431        1.97966117E-02   4.76551522E-03
   5237.3861614877032        1.61565952E-02   4.76821046E-03
   5238.9389462635072        1.80326197E-02   4.85841930E-03
   5240.4918405117587        2.35736296E-02   4.90459520E-03
   5242.0448440933633        2.51660142E-02   4.94333217E-03
   5243.5979568692237        2.04345416E-02   4.84650256E-03
   5245.1511787002491        2.05521919E-02   4.87896288E-03
   5246.7045094473406        2.10536588E-02   4.86473972E-03
   5248.2579489714053        2.18336340E-02   4.80933953E-03
   5249.8114971333471        2.73540970E-02   4.95865382E-03
   5251.3651537940714        1.86522454E-02   4.83329920E-03
   5252.9189188144819        2.33387575E-02   4.90464969E-03
   5254.4727920554842        2.15914752E-02   4.82091354E-03
   5256.0267733779847        3.44756879E-02   5.08580497E-03
   5257.5808626428852        2.47000866E-02   5.03513077E-03
   5259.1350597110932        2.44391672E-02   5.00439573E-03
   5260.6893644435131        1.35666458E-02   4.69458802E-03
   5262.2437767010488        2.36685891E-02   4.80014179E-03
   5263.7982963446048        2.81800739E-02   4.76233661E-03
   5265.3529232350875        3.06678936E-02   4.80061630E-03
   5266.9076572334016        2.51295082E-02   4.67287377E-03
   5268.4624982004516        2.59723999E-02   4.71890811E-03
   5270.0174459971413        2.63557043E-02   4.70965030E-03
   5271.5725004843780        1.92012563E-02   4.62714257E-03
   5273.1276615230654        1.46646602E-02   4.61341208E-03
   5274.6829289741081        3.16755511E-02   4.98737255E-03
   5276.2383026984098        2.32839640E-02   4.89920611E-03
   5277.7937825568770        2.62203179E-02   4.97704186E-03
   5279.3493684104142        2.11116262E-02   4.89813928E-03
   5280.9050601199278        2.49590408E-02   4.93270112E-03
   5282.4608575463199        2.23305728E-02   4.91017802E-03
   5284.0167605504976        2.41584443E-02   4.92799887E-03
   5285.5727689933638        1.84155237E-02   4.81244223E-03
   5287.1288827358248        2.59687658E-02   5.04251616E-03
   5288.6851016387855        2.39548255E-02   5.03509445E-03
   5290.2414255631502        1.78607684E-02   4.98084910E-03
   5291.7978543698227        2.09406987E-02   5.02533372E-03
   5293.3543879197123        2.80267596E-02   5.12255961E-03
   5294.9110260737179        1.94055922E-02   4.94770752E-03
   5296.4677686927489        2.88268235E-02   5.02140215E-03
   5298.0246156377079        2.39482597E-02   4.88772057E-03
   5299.5815667695015        2.31225137E-02   4.86619910E-03
   5301.1386219490323        2.27027889E-02   4.99360217E-03
   5302.6957810372060        2.03060880E-02   4.88605257E-03
   5304.2530438949289        2.00143103E-02   4.95434832E-03
   5305.8104103831047        3.24342027E-02   5.20798471E-03
   5307.3678803626390        3.33173536E-02   5.16666891E-03
   5308.9254536944354        1.65435001E-02   4.90569649E-03
   5310.4831302393986        2.20831279E-02   5.10580512E-03
   5312.0409098584360        1.42630544E-02   4.91111213E-03
   5313.5987924124502        1.66482609E-02   4.87110112E-03
   5315.1567777623477        1.55347725E-02   4.88184346E-03
   5316.7148657690313        2.43583173E-02   5.01453085E-03
   5318.2730562934075        1.05774896E-02   4.72482806E-03
   5319.8313491963809        2.31337864E-02   5.02772490E-03
   5321.3897443388551        2.10872442E-02   4.96428227E-03
   5322.9482415817374        2.79140156E-02   5.06243855E-03
   5324.5068407859317        2.13315040E-02   4.98882215E-03
   5326.0655418123415        2.05647796E-02   4.79066744E-03
   5327.6243445218724        2.38274895E-02   4.82512219E-03
   5329.1832487754318        2.54252907E-02   4.87217261E-03
   5330.7422544339206        1.71494782E-02   4.83575184E-03
   5332.3013613582452        1.02501446E-02   4.76113567E-03
   5333.8605694093121        3.06156222E-02   5.13577787E-03
   5335.4198784480241        1.92922913E-02   4.97204997E-03
   5336.9792883352866        2.18947623E-02   4.98196110E-03
   5338.5387989320052        2.38781180E-02   4.98166541E-03
   5340.0984100990845        2.99241859E-02   5.11919009E-03
   5341.6581216974291        2.67580673E-02   4.98931436E-03
   5343.2179335879437        2.05255803E-02   4.92106611E-03
   5344.7778456315336        1.90698858E-02   4.90426132E-03
   5346.3378576891027        1.96496565E-02   4.94039198E-03
   5347.8979696215583        2.23831236E-02   4.91351867E-03
   5349.4581812898032        2.06882562E-02   4.93296981E-03
   5351.0184925547419        1.87182091E-02   4.93035093E-03
   5352.5789032772809        3.16754766E-02   5.22218039E-03
   5354.1394133183248        2.90245339E-02   5.14040003E-03
   5355.7000225387774        2.36593038E-02   5.09681739E-03
   5357.2607307995449        2.18165927E-02   5.08336350E-03
   5358.8215379615312        2.25531142E-02   5.13032218E-03
   5360.3824438856409        2.93827150E-02   5.18340291E-03
   5361.9434484327803        2.42082104E-02   5.05625922E-03
   5363.5045514638532        1.33646149E-02   4.88370238E-03
   5365.0657528397651        2.57330574E-02   5.03239268E-03
   5366.6270524214206        2.36421861E-02   4.93445341E-03
   5368.1884500697233        2.02202015E-02   4.90141381E-03
   5369.7499456455807        1.68757830E-02   4.78594378E-03
   5371.3115390098956        2.45963708E-02   4.92432388E-03
   5372.8732300235733        2.45398302E-02   5.02617098E-03
   5374.4350185475196        1.67598017E-02   4.90706647E-03
   5375.9969044426380        2.13776398E-02   5.00809820E-03
   5377.5588875698350        2.84949075E-02   5.19208005E-03
   5379.1209677900142        2.08890047E-02   4.99050878E-03
   5380.6831449640813        1.39878830E-02   4.87761246E-03
   5382.2454189529408        1.87889133E-02   4.89988783E-03
   5383.8077896174973        1.53978439E-02   4.86053200E-03
   5385.3702568186554        2.20819004E-02   4.99196257E-03
   5386.9328204173216        2.33192556E-02   5.05501544E-03
   5388.4954802743987        2.26713568E-02   5.05057583E-03
   5390.0582362507930        2.72350572E-02   5.10389591E-03
   5391.6210882074092        2.71763466E-02   5.12176938E-03
   5393.1840360051519        2.82723717E-02   5.06033516E-03
   5394.7470795049258        2.93182358E-02   5.07962238E-03
   5396.3102185676353        2.42746472E-02   4.96359449E-03
   5397.8734530541878        2.30897497E-02   4.99038678E-03
   5399.4367828254854        1.62781309E-02   4.79011610E-03
   5401.0002077424333        1.80949215E-02   4.90408530E-03
   5402.5637276659390        1.94396991E-02   4.97688074E-03
   5404.1273424569035        2.19583958E-02   4.91126766E-03
   5405.6910519762350        3.19699422E-02   5.06298197E-03
   5407.2548560848363        2.44507566E-02   4.95041069E-03
   5408.8187546436129        1.63322203E-02   4.80066519E-03
   5410.3827475134703        1.70098245E-02   4.87316819E-03
   5411.9468345553123        2.20258739E-02   4.97828890E-03
   5413.5110156300443        2.55683586E-02   5.07230451E-03
   5415.0752905985719        2.31907517E-02   4.98003280E-03
   5416.6396593217996        2.49773618E-02   5.04895765E-03
   5418.2041216606312        1.72662660E-02   4.95733460E-03
   5419.7686774759723        1.10147530E-02   4.82489122E-03
   5421.3333266287282        2.51776092E-02   5.08974446E-03
   5422.8980689798027        2.18797773E-02   4.98726731E-03
   5424.4629043901032        3.12627666E-02   5.12802321E-03
   5426.0278327205315        2.25703232E-02   4.96936543E-03
   5427.5928538319940        2.14718096E-02   4.98471642E-03
   5429.1579675853964        1.35494154E-02   4.81641293E-03
   5430.7231738416413        3.11852042E-02   5.17162587E-03
   5432.2884724616360        1.96170416E-02   4.87078866E-03
   5433.8538633062826        2.46159323E-02   5.00682788E-03
   5435.4193462364892        2.17370763E-02   4.94654011E-03
   5436.9849211131586        2.47210506E-02   5.06509515E-03
   5438.5505877971964        2.59841513E-02   5.12385648E-03
   5440.1163461495062        2.37387810E-02   5.13163116E-03
   5441.6821960309953        2.60249861E-02   5.17999334E-03
   5443.2481373025657        2.55854744E-02   5.17958496E-03
   5444.8141698251247        2.23876033E-02   5.01571875E-03
   5446.3802934595769        1.52528519E-02   4.82636178E-03
   5447.9465080668260        2.07944475E-02   4.92465170E-03
   5449.5128135077784        1.93205941E-02   4.99337027E-03
   5451.0792096433370        1.98873859E-02   5.06496755E-03
   5452.6456963344071        2.22547576E-02   5.11455629E-03
   5454.2122734418963        1.30403861E-02   4.78513120E-03
   5455.7789408267063        2.62343232E-02   5.02981991E-03
   5457.3456983497426        1.42376544E-02   4.85556619E-03
   5458.9125458719109        1.45725040E-02   4.95150033E-03
   5460.4794832541165        2.31164098E-02   5.09663904E-03
   5462.0465103572624        2.54237205E-02   5.07033896E-03
   5463.6136270422548        1.84932072E-02   4.95747430E-03
   5465.1808331699995        2.24909689E-02   4.95743752E-03
   5466.7481286013999        1.62111372E-02   4.94598690E-03
   5468.3155131973599        1.42097827E-02   4.86840541E-03
   5469.8829868187868        2.81054601E-02   5.19510452E-03
   5471.4505493265851        2.48247515E-02   5.10284398E-03
   5473.0182005816587        2.27415133E-02   5.04791830E-03
   5474.5859404449129        2.16804929E-02   4.96557774E-03
   5476.1537687772525        2.32205819E-02   4.92430013E-03
   5477.7216854395811        2.31385976E-02   4.95107193E-03
   5479.2896902928069        1.35669867E-02   4.79403464E-03
   5480.8577831978309        9.58799385E-03   4.74139675E-03
   5482.4259640155615        2.57987510E-02   5.05677750E-03
   5483.9942326069013        2.80932132E-02   5.20805409E-03
   5485.5625888327550        1.06900530E-02   4.82032867E-03
   5487.1310325540289        2.42551435E-02   5.08195069E-03
   5488.6995636316269        1.87303368E-02   5.02335560E-03
   5490.2681819264553        1.97955389E-02   4.98180091E-03
   5491.8368872994179        2.52740290E-02   5.10762585E-03
   5493.4056796114182        2.52845902E-02   5.14685316E-03
   5494.9745587233638        2.06999481E-02   5.05657261E-03
   5496.5435244961573        2.23062597E-02   5.07299555E-03
   5498.1125767907051        2.73578856E-02   5.19674225E-03
   5499.6817154679120        2.16168929E-02   5.03708143E-03
   5501.2509403886816        2.82942168E-02   5.22398576E-03
   5502.8202514139211        2.07726508E-02   5.01941843E-03
   5504.3896484045326        2.71462277E-02   5.12436964E-03
   5505.9591312214225        1.97554082E-02   4.95756324E-03
   5507.5286997254952        2.18383502E-02   5.05525572E-03
   5509.0983537776565        1.77024305E-02   5.04196854E-03
   5510.6680932388108        1.85092743E-02   4.97823721E-03
   5512.2379179698619        1.59574598E-02   5.00349654E-03
   5513.8078278317162        2.46607438E-02   5.09593403E-03
   5515.3778226852774        2.98958272E-02   5.19394968E-03
   5516.9479023914528        1.80959124E-02   4.94717341E-03
   5518.5180668111434        2.83906646E-02   5.24693541E-03
   5520.0883158052566        1.72805674E-02   4.98442212E-03
   5521.6586492346978        1.91691816E-02   5.07428218E-03
   5523.2290669603699        1.89993251E-02   5.10079786E-03
   5524.7995688431793        2.61459313E-02   5.18696802E-03
   5526.3701547440305        1.88092124E-02   4.98653483E-03
   5527.9408245238283        2.96129882E-02   5.07561117E-03
   5529.5115780434771        1.92162804E-02   4.91913082E-03
   5531.0824151638817        2.27219816E-02   5.10319322E-03
   5532.6533357459484        1.64833162E-02   4.98618186E-03
   5534.2243396505819        2.45659687E-02   5.11152716E-03
   5535.7954267386849        1.20649990E-02   4.92923195E-03
   5537.3665968711648        1.94632523E-02   5.08246105E-03
   5538.9378499089244        2.35725045E-02   5.22836205E-03
   5540.5091857128709        2.44556479E-02   5.13684051E-03
   5542.0806041439073        2.26347968E-02   5.16914902E-03
   5543.6521050629390        1.98517926E-02   5.11017116E-03
   5545.2236883308715        2.42247377E-02   5.18140057E-03
   5546.7953538086094        2.40794048E-02   5.23471646E-03
   5548.3671013570556        2.79542636E-02   5.25460811E-03
   5549.9389308371183        2.42867433E-02   5.19836321E-03
   5551.5108421097011        2.70011164E-02   5.22116013E-03
   5553.0828350357078        1.61043536E-02   5.01422072E-03
   5554.6549094760439        2.05592997E-02   5.07401070E-03
   5556.2270652916159        2.00730506E-02   5.12312585E-03
   5557.7993023433255        2.99369432E-02   5.28436294E-03
   5559.3716204920802        3.44810076E-02   5.36131999E-03
   5560.9440195987836        2.54767165E-02   5.21281268E-03
   5562.5164995243413        2.10765637E-02   5.11845667E-03
   5564.0890601296587        1.23205129E-02   4.90261614E-03
   5565.6617012756378        1.61673967E-02   4.98272618E-03
   5567.2344228231868        2.43533608E-02   5.17994165E-03
   5568.8072246332104        1.90027095E-02   5.04467543E-03
   5570.3801065666112        2.25613154E-02   5.12636872E-03
   5571.9530684842957        1.79587901E-02   4.99236630E-03
   5573.5261102471686        1.86715908E-02   5.22064092E-03
   5575.0992317161335        1.65799055E-02   8.54275189E-03
   5576.6724327520969        1.36311715E-02   1.10918060E-02
   5578.2457132159634        6.48255972E-03   1.14134829E-02
   5579.8190729686385        1.89822111E-02   1.05316574E-02
   5581.3925118710249        3.33495997E-02   6.91316510E-03
   5582.9660297840292        2.05444656E-02   5.34176035E-03
   5584.5396265685567        2.17999183E-02   5.16670570E-03
   5586.1133020855095        2.27963850E-02   5.08326059E-03
   5587.6870561957958        1.80317629E-02   4.99748858E-03
   5589.2608887603192        1.18966233E-02   4.78830235E-03
   5590.8347996399852        2.55350284E-02   5.14343381E-03
   5592.4087886956959        2.62672976E-02   5.20536955E-03
   5593.9828557883593        1.83061566E-02   5.03414078E-03
   5595.5570007788801        1.93688441E-02   5.04299067E-03
   5597.1312235281612        1.62167773E-02   5.04396064E-03
   5598.7055238971097        2.02265494E-02   5.06285112E-03
   5600.2799017466286        1.06533822E-02   4.88755992E-03
   5601.8543569376243        2.31219195E-02   5.10605471E-03
   5603.4288893310004        2.67052781E-02   5.23865083E-03
   5605.0034987876625        2.22268496E-02   5.21997176E-03
   5606.5781851685160        2.58019175E-02   5.33358939E-03
   5608.1529483344630        1.98941603E-02   5.20806294E-03
   5609.7277881464133        2.82678027E-02   5.35612321E-03
   5611.3027044652681        1.02792932E-02   5.02136070E-03
   5612.8776971519319        2.44445670E-02   5.28064370E-03
   5614.4527660673120        2.36958265E-02   5.12905931E-03
   5616.0279110723122        1.29921660E-02   4.90352418E-03
   5617.6031320278371        2.52958201E-02   5.16865635E-03
   5619.1784287947921        1.93350948E-02   5.15951915E-03
   5620.7538012340810        2.31654998E-02   5.19344350E-03
   5622.3292492066103        1.25389853E-02   5.02496772E-03
   5623.9047725732835        2.39381026E-02   5.21541620E-03
   5625.4803711950071        2.08915323E-02   5.13168797E-03
   5627.0560449326840        2.67658997E-02   5.31568099E-03
   5628.6317936472215        2.67042425E-02   5.28336456E-03
   5630.2076171995204        1.35430004E-02   5.01993438E-03
   5631.7835154504910        1.89842526E-02   5.18435519E-03
   5633.3594882610332        1.75159741E-02   5.10909176E-03
   5634.9355354920544        1.95854213E-02   5.18994033E-03
   5636.5116570044602        1.44546302E-02   5.04129706E-03
   5638.0878526591532        2.50713881E-02   5.24179405E-03
   5639.6641223170409        2.71742269E-02   5.28737437E-03
   5641.2404658390269        1.84601620E-02   5.16105350E-03
   5642.8168830860150        2.83619333E-02   5.33644948E-03
   5644.3933739189106        1.97975636E-02   5.14511112E-03
   5645.9699381986193        1.84588991E-02   5.18683018E-03
   5647.5465757860466        2.13850643E-02   5.22442581E-03
   5649.1232865420961        8.79341271E-03   4.97511635E-03
   5650.7000703276735        2.84053609E-02   5.37401671E-03
   5652.2769270036824        3.14140134E-02   5.47805615E-03
   5653.8538564310293        1.20420633E-02   5.00308443E-03
   5655.4308584706177        1.14612775E-02   5.00820251E-03
   5657.0079329833534        2.43342519E-02   5.13594458E-03
   5658.5850798301417        2.42653955E-02   5.21876710E-03
   5660.1622988718864        1.82816535E-02   5.10829221E-03
   5661.7395899694920        1.97904054E-02   5.10784471E-03
   5663.3169529838642        2.10945774E-02   5.26751904E-03
   5664.8943877759093        2.11454108E-02   5.19266864E-03
   5666.4718942065301        2.64138412E-02   5.35428897E-03
   5668.0494721366313        2.21401695E-02   5.19760000E-03
   5669.6271214271201        1.97155494E-02   5.20799542E-03
   5671.2048419388993        2.34783068E-02   5.27572911E-03
   5672.7826335328737        2.21222546E-02   5.29807201E-03
   5674.3604960699495        2.79261600E-02   5.45011694E-03
   5675.9384294110305        3.34035754E-02   5.59092732E-03
   5677.5164334170222        1.68754980E-02   5.20073948E-03
   5679.0945079488292        1.06928442E-02   5.06040873E-03
   5680.6726528673571        3.28792334E-02   5.47136692E-03
   5682.2508680335095        2.10307222E-02   5.24672493E-03
   5683.8291533081920        2.00574715E-02   5.12733962E-03
   5685.4075085523091        3.42798941E-02   5.45681873E-03
   5686.9859336267673        2.59766448E-02   5.27346367E-03
   5688.5644283924694        1.90633517E-02   5.17110992E-03
   5690.1429927103209        8.48901458E-03   4.93838079E-03
   5691.7216264412273        1.35506345E-02   5.11990534E-03
   5693.3003294460923        1.85647570E-02   5.24469605E-03
   5694.8791015858233        2.72296723E-02   5.45249274E-03
   5696.4579427213221        1.97728742E-02   5.28857298E-03
   5698.0368527134951        2.01774258E-02   5.30969165E-03
   5699.6158314232462        2.17767972E-02   5.32046892E-03
   5701.1948787114825        1.90256406E-02   5.23551647E-03
   5702.7739944391069        2.11084317E-02   5.22333058E-03
   5704.3531784670249        2.61291042E-02   5.40395267E-03
   5705.9324306561412        2.28981338E-02   5.24430815E-03
   5707.5117508673611        2.21615247E-02   5.24141314E-03
   5709.0911389615885        1.96920633E-02   5.15770027E-03
   5710.6705947997289        2.33705230E-02   5.21521177E-03
   5712.2501182426886        1.88636687E-02   5.14449598E-03
   5713.8297091513705        1.20401951E-02   5.03636198E-03
   5715.4093673866801        2.65843458E-02   5.39638614E-03
   5716.9890928095228        2.78484803E-02   5.46499761E-03
   5718.5688852808016        9.06308275E-03   5.05957101E-03
   5720.1487446614246        8.50307662E-03   5.06961998E-03
   5721.7286708122938        2.44331490E-02   5.43783139E-03
   5723.3086635943146        1.63684227E-02   5.22043463E-03
   5724.8887228683934        2.55443417E-02   5.44312550E-03
   5726.4688484954340        1.88751295E-02   5.30041335E-03
   5728.0490403363410        1.54552888E-02   5.20608388E-03
   5729.6292982520208        8.84538982E-03   5.10810921E-03
   5731.2096221033762        2.52662357E-02   5.41980704E-03
   5732.7900117513136        2.23240573E-02   5.35956165E-03
   5734.3704670567358        1.83597412E-02   5.27442247E-03
   5735.9509878805511        1.48804393E-02   5.28672757E-03
   5737.5315740836613        2.02690884E-02   5.31311100E-03
   5739.1122255269729        1.98796596E-02   5.35010127E-03
   5740.6929420713905        2.37258188E-02   5.45639545E-03
   5742.2737235778186        1.92564707E-02   5.31652337E-03
   5743.8545699071628        2.09726002E-02   5.37456013E-03
   5745.4354809203278        1.12219295E-02   5.19547053E-03
   5747.0164564782181        2.66417731E-02   5.46665583E-03
   5748.5974964417373        1.76429562E-02   5.24558825E-03
   5750.1786006717930        7.46693648E-03   5.03425254E-03
   5751.7597690292878        1.81524623E-02   5.26987202E-03
   5753.3410013751281        1.71752628E-02   5.19954180E-03
   5754.9222975702196        2.53623538E-02   5.32848248E-03
   5756.5036574754649        1.51133714E-02   5.17435744E-03
   5758.0850809517688        2.75848228E-02   5.49723208E-03
   5759.6665678600384        2.81737391E-02   5.45774167E-03
   5761.2481180611767        1.68210119E-02   5.22148842E-03
   5762.8297314160882        2.17459965E-02   5.29602496E-03
   5764.4114077856802        2.03958526E-02   5.30164642E-03
   5765.9931470308566        6.74127042E-03   5.08504128E-03
   5767.5749490125208        2.06795502E-02   5.34646679E-03
   5769.1568135915795        3.48106138E-02   5.64759318E-03
   5770.7387406289372        2.10829284E-02   5.35108615E-03
   5772.3207299854976        2.07933486E-02   5.36250835E-03
   5773.9027815221671        2.45594475E-02   5.37868403E-03
   5775.4848950998494        3.33328396E-02   5.62545797E-03
   5777.0670705794500        2.31298693E-02   5.34012588E-03
   5778.6493078218728        2.01276727E-02   5.33660920E-03
   5780.2316066880257        1.65122263E-02   5.15213935E-03
   5781.8139670388091        1.69023164E-02   5.19954925E-03
   5783.3963887351319        1.75007395E-02   5.16806217E-03
   5784.9788716378971        2.13687792E-02   5.25589194E-03
   5786.5614156080101        2.30566673E-02   5.36105223E-03
   5788.1440205063745        2.38529742E-02   5.39273908E-03
   5789.7266861938961        1.78003609E-02   5.25113475E-03
   5791.3094125314810        1.90332010E-02   5.29346988E-03
   5792.8921993800313        2.51610614E-02   5.40682022E-03
   5794.4750466004552        1.60900131E-02   5.26390271E-03
   5796.0579540536555        1.90024581E-02   5.31115197E-03
   5797.6409216005368        1.73548050E-02   5.36720967E-03
   5799.2239491020064        1.61205884E-02   5.28629357E-03
   5800.8070364189653        2.35104617E-02   5.43401157E-03
   5802.3901834123217        2.18073186E-02   5.38923685E-03
   5803.9733899429784        1.41180949E-02   5.21808257E-03
   5805.5566558718419        2.39008479E-02   5.46279643E-03
   5807.1399810598168        8.90824385E-03   5.09847840E-03
   5808.7233653678068        2.14883871E-02   5.40082715E-03
   5810.3068086567182        8.32902454E-03   5.17601287E-03
   5811.8903107874548        1.79533865E-02   5.32210851E-03
   5813.4738716209231        2.22409628E-02   5.42661315E-03
   5815.0574910180258        8.52505025E-03   5.09025063E-03
   5816.6411688396684        2.35004146E-02   5.43959346E-03
   5818.2249049467573        5.61352633E-03   5.12997853E-03
   5819.8086992001945        1.30910166E-02   5.26865292E-03
   5821.3925514608873        2.08082031E-02   5.42690186E-03
   5822.9764615897402        1.18773403E-02   5.26412344E-03
   5824.5604294476580        2.78960112E-02   5.57281962E-03
   5826.1444548955460        1.08428961E-02   5.17465174E-03
   5827.7285377943072        1.80787183E-02   5.34737436E-03
   5829.3126780048487        2.40582544E-02   5.42438449E-03
   5830.8968753880745        2.38680448E-02   5.49857458E-03
   5832.4811298048890        1.92465968E-02   5.39028225E-03
   5834.0654411161977        1.46821681E-02   5.30450232E-03
   5835.6498091829044        1.85688622E-02   5.38249919E-03
   5837.2342338659164        1.24236951E-02   5.32503938E-03
   5838.8187150261356        1.57940239E-02   5.32500958E-03
   5840.4032525244702        2.47799251E-02   5.53534832E-03
   5841.9878462218221        2.13707387E-02   5.47874765E-03
   5843.5724959790978        2.55545937E-02   5.56709245E-03
   5845.1572016572009        2.19294671E-02   5.48720965E-03
   5846.7419631170378        2.93329600E-02   5.58261620E-03
   5848.3267802195123        2.17987206E-02   5.47630107E-03
   5849.9116528255290        2.94037312E-02   5.55857364E-03
   5851.4965807959943        2.58926880E-02   5.51793631E-03
   5853.0815639918128        3.59874927E-02   5.74197900E-03
   5854.6666022738882        3.51426862E-02   5.68050845E-03
   5856.2516955031251        2.91762203E-02   5.51344547E-03
   5857.8368435404309        2.11316813E-02   5.33607742E-03
   5859.4220462467074        2.58468203E-02   5.46692312E-03
   5861.0073034828620        2.92521659E-02   5.56038041E-03
   5862.5926151097974        1.87838059E-02   5.42638265E-03
   5864.1779809884201        2.77966056E-02   5.61485859E-03
   5865.7634009796357        3.50140445E-02   5.87625243E-03
   5867.3488749443459        2.90501360E-02   5.72012970E-03
   5868.9344027434590        2.35686619E-02   5.60958171E-03
   5870.5199842378779        2.64619179E-02   5.64786186E-03
   5872.1056192885089        2.27526519E-02   5.54921199E-03
   5873.6913077562549        2.88982205E-02   5.69779659E-03
   5875.2770495020222        3.30384597E-02   5.76030090E-03
   5876.8628443867146        3.76482867E-02   5.76925930E-03
   5878.4486922712395        2.10067313E-02   5.53005189E-03
   5880.0345930164985        2.23002620E-02   5.58985956E-03
   5881.6205464833993        3.91523652E-02   5.80316968E-03
   5883.2065525328444        3.09235565E-02   5.72403101E-03
   5884.7926110257413        2.89749019E-02   5.67965349E-03
   5886.3787218229909        4.18034308E-02   6.03846740E-03
   5887.9648847855033        3.71373259E-02   6.35437714E-03
   5889.5510997741794        2.37009339E-02   6.35495130E-03
   5891.1373666499239        2.38921475E-02   6.34968467E-03
   5892.7236852736451        3.99077684E-02   6.40172372E-03
   5894.3100555062465        2.56973691E-02   5.98263182E-03
   5895.8964772086301        3.37917581E-02   6.17897604E-03
   5897.4829502417042        2.95590963E-02   6.09405246E-03
   5899.0694744663733        1.84350647E-02   5.61920926E-03
   5900.6560497435403        2.27259565E-02   5.59384609E-03
   5902.2426759341115        3.04298848E-02   5.67877386E-03
   5903.8293528989925        1.80558860E-02   5.55856479E-03
   5905.4160804990861        1.13238413E-02   5.29035553E-03
   5907.0028585952996        2.40707379E-02   5.61276684E-03
   5908.5896870485358        2.52744146E-02   5.65953227E-03
   5910.1765657197011        2.30045449E-02   5.59735065E-03
   5911.7634944696983        3.12603489E-02   5.73039148E-03
   5913.3504731594348        2.97876094E-02   5.74118504E-03
   5914.9375016498152        2.55328100E-02   5.69639076E-03
   5916.5245798017422        2.75066793E-02   5.76729188E-03
   5918.1117074761223        1.52025120E-02   5.55681065E-03
   5919.6988845338610        3.00652701E-02   5.69794886E-03
   5921.2861108358620        2.53006648E-02   5.73767722E-03
   5922.8733862430299        2.81563178E-02   5.72480541E-03
   5924.4607106162694        1.62090007E-02   5.53490222E-03
   5926.0480838164885        1.03364279E-02   5.40330075E-03
   5927.6355057045876        2.29385290E-02   5.64324996E-03
   5929.2229761414756        2.37023644E-02   5.58268791E-03
   5930.8104949880544        1.42279416E-02   5.45954471E-03
   5932.3980621052297        1.67534575E-02   5.49933827E-03
   5933.9856773539077        2.77531408E-02   5.82525600E-03
   5935.5733405949923        2.27378849E-02   5.73930936E-03
   5937.1610516893879        2.33732145E-02   5.66685013E-03
   5938.7488104979993        2.61897072E-02   5.78182656E-03
   5940.3366168817329        1.94607172E-02   5.58847561E-03
   5941.9244707014923        1.65060014E-02   5.48000634E-03
   5943.5123718181821        1.63167454E-02   5.52575244E-03
   5945.1003200927080        1.78102683E-02   5.59060043E-03
   5946.6883153859744        2.17836630E-02   5.57913538E-03
   5948.2763575588879        1.21936854E-02   5.40779578E-03
   5949.8644464723502        1.58482399E-02   5.49969682E-03
   5951.4525819872697        2.35810429E-02   5.68509335E-03
   5953.0407639645482        2.25448105E-02   5.66856097E-03
   5954.6289922650922        2.44253725E-02   5.68579230E-03
   5956.2172667498053        9.73281823E-03   5.41348197E-03
   5957.8055872795949        1.71210021E-02   5.56941191E-03
   5959.3939537153647        1.58998631E-02   5.55231795E-03
   5960.9823659180183        1.67642850E-02   5.52838482E-03
   5962.5708237484614        1.60708670E-02   5.53605100E-03
   5964.1593270675994        2.45282296E-02   5.70413517E-03
   5965.7478757363360        2.56127976E-02   5.74836042E-03
   5967.3364696155768        1.92011092E-02   5.58876060E-03
   5968.9251085662281        1.06862625E-02   5.48517192E-03
   5970.5137924491919        2.16602944E-02   5.71450312E-03
   5972.1025211253755        2.61847507E-02   5.79187693E-03
   5973.6912944556825        2.45995019E-02   5.73000684E-03
   5975.2801123010186        1.80528462E-02   5.62528661E-03
   5976.8689745222882        2.25723088E-02   5.72279422E-03
   5978.4578809803961        2.08186489E-02   5.67263225E-03
   5980.0468315362468        1.46075496E-02   5.56023186E-03
   5981.6358260507468        1.52148893E-02   5.56780118E-03
   5983.2248643847988        1.75975561E-02   5.53853204E-03
   5984.8139463993093        2.98842303E-02   5.82907908E-03
   5986.4030719551829        1.30169764E-02   5.41949598E-03
   5987.9922409133242        2.28916444E-02   5.70386183E-03
   5989.5814531346368        2.55075768E-02   5.71906334E-03
   5991.1707084800282        2.01082043E-02   5.68889407E-03
   5992.7600068104020        1.61184557E-02   5.55403950E-03
   5994.3493479866629        1.58009212E-02   5.62705984E-03
   5995.9387318697154        2.22027916E-02   5.65613108E-03
   5997.5281583204651        1.51846139E-02   5.57666970E-03
   5999.1176271998174        2.59364583E-02   5.82473166E-03
   6000.7071383686771        1.60272606E-02   5.57326805E-03
   6002.2966916879468        1.97861269E-02   5.62550826E-03
   6003.8862870185349        1.33292777E-02   5.57730300E-03
   6005.4759242213431        2.08721738E-02   5.68389008E-03
   6007.0656031572771        2.20003780E-02   5.69751952E-03
   6008.6553236872442        2.79502831E-02   5.80817508E-03
   6010.2450856721471        1.94872487E-02   5.59024094E-03
   6011.8348889728895        1.44906361E-02   5.56204794E-03
   6013.4247334503780        1.33614577E-02   5.53738605E-03
   6015.0146189655188        2.75032744E-02   5.77283744E-03
   6016.6045453792149        1.33712301E-02   5.50910365E-03
   6018.1945125523707        1.16299484E-02   5.44114131E-03
   6019.7845203458919        1.31430468E-02   5.48922876E-03
   6021.3745686206839        2.12689992E-02   5.63545851E-03
   6022.9646572376514        1.86794773E-02   5.61153982E-03
   6024.5547860576980        1.35377478E-02   5.51149435E-03
   6026.1449549417302        1.96716711E-02   5.66576794E-03
   6027.7351637506508        1.69254635E-02   5.61240176E-03
   6029.3254123453680        1.82099324E-02   5.66704711E-03
   6030.9157005867837        1.00191049E-02   5.42593747E-03
   6032.5060283358043        1.35016125E-02   5.58037730E-03
   6034.0963954533354        1.57108679E-02   5.64795872E-03
   6035.6868018002797        2.13506576E-02   5.75667201E-03
   6037.2772472375427        2.41154712E-02   5.84081979E-03
   6038.8677316260300        5.72749227E-03   5.42693585E-03
   6040.4582548266480        1.01930480E-02   5.46230655E-03
   6042.0488167002968        8.28625448E-03   5.54321613E-03
   6043.6394171078864        1.99260805E-02   5.73582295E-03
   6045.2300559103187        2.18514912E-02   5.80767123E-03
   6046.8207329684992        2.01417338E-02   5.76894172E-03
   6048.4114481433344        9.25983954E-03   5.42035652E-03
   6050.0022012957270        2.02824995E-02   5.76091325E-03
   6051.5929922865826        1.89034455E-02   5.73435007E-03
   6053.1838209768048        2.87104845E-02   5.91747323E-03
   6054.7746872273010        2.13484708E-02   5.79562504E-03
   6056.3655908989749        1.32360561E-02   5.61088556E-03
   6057.9565318527330        2.85438355E-02   5.90077229E-03
   6059.5475099494761        3.09978798E-02   6.00245968E-03
   6061.1385250501125        1.61802266E-02   5.64767653E-03
   6062.7295770155479        1.32752396E-02   5.58673218E-03
   6064.3206657066830        2.68787164E-02   5.88999689E-03
   6065.9117909844263        1.98667143E-02   5.76232234E-03
   6067.5029527096813        1.35126561E-02   5.60148340E-03
   6069.0941507433536        2.07441021E-02   5.84486499E-03
   6070.6853849463469        2.83438731E-02   5.95087744E-03
   6072.2766551795676        1.65754296E-02   5.72622335E-03
   6073.8679613039176        1.99052803E-02   5.82544971E-03
   6075.4593031803061        2.52142791E-02   5.84926736E-03
   6077.0506806696358        2.77505238E-02   5.92977367E-03
   6078.6420936328113        1.53988404E-02   5.61891915E-03
   6080.2335419307374        2.37921048E-02   5.79523528E-03
   6081.8250254243194        1.58372410E-02   5.68021508E-03
   6083.4165439744620        2.69695371E-02   5.90074388E-03
   6085.0080974420707        2.56270953E-02   5.89994341E-03
   6086.5996856880502        2.49862261E-02   5.90355415E-03
   6088.1913085733049        2.38650441E-02   5.84750669E-03
   6089.7829659587405        1.82988271E-02   5.65310847E-03
   6091.3746577052598        1.73121095E-02   5.62592596E-03
   6092.9663836737700        1.62729491E-02   5.70192467E-03
   6094.5581437251758        2.61431895E-02   5.90609154E-03
   6096.1499377203809        1.85498614E-02   5.76201826E-03
   6097.7417655202898        1.59650315E-02   5.69239631E-03
   6099.3336269858091        2.84218751E-02   6.01917738E-03
   6100.9255219778433        2.11485121E-02   5.77488681E-03
   6102.5174503572962        1.07653718E-02   5.48328320E-03
   6104.1094119850732        9.86707304E-03   5.51988278E-03
   6105.7014067220807        1.65192038E-02   5.64200897E-03
   6107.2934344292198        2.65070237E-02   5.85881155E-03
   6108.8854949674005        2.05284804E-02   5.82702970E-03
   6110.4775881975229        1.51129290E-02   5.73257077E-03
   6112.0697139804952        1.91469081E-02   5.71022043E-03
   6113.6618721772211        1.65366307E-02   5.76579478E-03
   6115.2540626486052        1.74814165E-02   5.73379034E-03
   6116.8462852555513        2.08923612E-02   5.81385149E-03
   6118.4385398589675        1.19234584E-02   5.66625921E-03
   6120.0308263197567        1.67797823E-02   5.66306291E-03
   6121.6231444988225        1.98751185E-02   5.72788762E-03
   6123.2154942570714        2.04982348E-02   5.73865278E-03
   6124.8078754554099        1.84977613E-02   5.69539331E-03
   6126.4002879547397        1.71028748E-02   5.79120824E-03
   6127.9927316159665        2.63181254E-02   5.87042840E-03
   6129.5852062999966        2.59466488E-02   5.85285202E-03
   6131.1777118677337        1.96078401E-02   5.81863197E-03
   6132.7702481800825        3.18449065E-02   6.01192843E-03
   6134.3628150979494        2.83880308E-02   5.90691762E-03
   6135.9554124822371        2.36407630E-02   5.81530156E-03
   6137.5480401938521        2.93837301E-02   5.89983026E-03
   6139.1406980936990        1.82850119E-02   5.69921499E-03
   6140.7333860426825        1.98683310E-02   5.82529185E-03
   6142.3261039017079        2.73363274E-02   5.98869938E-03
   6143.9188515316773        1.94288380E-02   5.76213002E-03
   6145.5116287935007        1.95017718E-02   5.79625368E-03
   6147.1044355480790        1.58545654E-02   5.76445134E-03
   6148.6972716563187        9.06070322E-03   5.59502374E-03
   6150.2901369791234        2.18468420E-02   5.79909375E-03
   6151.8830313773997        2.22943332E-02   5.83660696E-03
   6153.4759547120511        1.35374134E-02   5.67087950E-03
   6155.0689068439833        2.12561153E-02   5.78342238E-03
   6156.6618876341008        9.28061828E-03   5.55822952E-03
   6158.2548969433092        1.89766660E-02   5.76307485E-03
   6159.8479346325121        1.11089330E-02   5.54267690E-03
   6161.4410005626160        2.27434970E-02   5.73645392E-03
   6163.0340945945236        1.78275667E-02   5.65893250E-03
   6164.6272165891423        1.91911664E-02   5.71170123E-03
   6166.2203664073750        3.22020575E-02   5.99752087E-03
   6167.8135439101270        2.38592401E-02   5.92199620E-03
   6169.4067489583049        1.49648543E-02   5.69903478E-03
   6170.9999814128105        2.15602629E-02   5.73797803E-03
   6172.5932411345520        1.71150323E-02   5.81531459E-03
   6174.1865279844315        1.23302480E-02   5.69347711E-03
   6175.7798418233551        2.40639765E-02   5.94774820E-03
   6177.3731825122286        2.36727148E-02   5.87944267E-03
   6178.9665499119546        1.55354990E-02   5.74479206E-03
   6180.5599438834388        2.01840922E-02   5.78050409E-03
   6182.1533642875875        1.79091785E-02   5.84337208E-03
   6183.7468109853053        2.34857090E-02   5.93595160E-03
   6185.3402838374959        1.93036702E-02   5.84177906E-03
   6186.9337827050640        2.28719935E-02   5.91795845E-03
   6188.5273074489151        3.04320455E-02   6.03607995E-03
   6190.1208579299555        1.84321050E-02   5.78270527E-03
   6191.7144340090881        2.37224698E-02   5.90039790E-03
   6193.3080355472184        2.30804719E-02   5.84965898E-03
   6194.9016624052520        1.81395691E-02   5.77686168E-03
   6196.4953144440915        1.32232243E-02   5.75272273E-03
   6198.0889915246444        1.77579708E-02   5.80345001E-03
   6199.6826935078152        1.55295450E-02   5.80221554E-03
   6201.2764202545077        1.75103340E-02   5.82856312E-03
   6202.8701716256264        8.14833585E-03   5.65231824E-03
   6204.4639474820788        2.48552244E-02   6.02804823E-03
   6206.0577476847666        2.85435021E-02   6.03863411E-03
   6207.6515720945963        8.19874275E-03   5.63966157E-03
   6209.2454205724725        2.94013694E-02   6.09696889E-03
   6210.8392929793017        2.16747373E-02   5.87713020E-03
   6212.4331891759857        1.05533786E-02   5.69831254E-03
   6214.0271090234301        1.94105487E-02   5.85677614E-03
   6215.6210523825430        2.21116673E-02   5.91228530E-03
   6217.2150191142246        7.23756617E-03   5.58536360E-03
   6218.8090090793839        1.62268486E-02   5.85474959E-03
   6220.4030221389230        1.59082692E-02   5.84830437E-03
   6221.9970581537473        1.80150010E-02   5.90677559E-03
   6223.5911169847632        2.87130456E-02   6.13015937E-03
   6225.1851984928744        9.63905733E-03   5.65203093E-03
   6226.7793025389856        2.19973866E-02   5.93526475E-03
   6228.3734289840022        1.98156890E-02   5.88921504E-03
   6229.9675776888280        1.08704483E-02   5.58386697E-03
   6231.5617485143694        2.32900660E-02   5.95191494E-03
   6233.1559413215309        1.31448861E-02   5.95696783E-03
   6234.7501559712173        2.34863237E-02   6.22413307E-03
   6236.3443923243331        1.72237530E-02   6.04668586E-03
   6237.9386502417829        2.19480973E-02   6.15013437E-03
   6239.5329295844722        2.34578904E-02   6.10456103E-03
   6241.1272302133066        2.57473756E-02   6.10610982E-03
   6242.7215519891888        7.82991294E-03   5.75313624E-03
   6244.3158947730262        1.07938927E-02   5.81306452E-03
   6245.9102584257225        1.85148716E-02   5.88015839E-03
   6247.5046428081814        1.99906752E-02   5.87562891E-03
   6249.0990477813102        1.19634978E-02   5.78206033E-03
   6250.6934732060117        1.15047134E-02   5.81778260E-03
   6252.2879189431924        1.64353363E-02   5.78507734E-03
   6253.8823848537568        3.13806050E-02   6.06886111E-03
   6255.4768707986077        4.18151841E-02   6.48828037E-03
   6257.0713766386534        2.65513193E-02   6.28377171E-03
   6258.6659022347958        2.38042716E-02   6.21337956E-03
   6260.2604474479413        2.39418596E-02   6.17959024E-03
   6261.8550121389962        1.81135535E-02   6.01611892E-03
   6263.4495961688617        9.78061650E-03   5.85387787E-03
   6265.0441993984450        1.76254380E-02   6.03257585E-03
   6266.6388216886517        2.00498793E-02   6.11153152E-03
   6268.2334629003853        2.54338421E-02   6.20992389E-03
   6269.8281228945507        2.52218042E-02   6.13256451E-03
   6271.4228015320532        1.87072996E-02   6.02136459E-03
   6273.0174986737984        1.61136091E-02   6.00298541E-03
   6274.6122141806900        1.85381994E-02   6.10600552E-03
   6276.2069479136326        2.42984723E-02   6.12697564E-03
   6277.8016997335317        1.60383284E-02   5.89926168E-03
   6279.3964695012937        2.19515711E-02   6.02384051E-03
   6280.9912570778206        2.50252243E-02   6.13470050E-03
   6282.5860623240196        2.25922391E-02   6.08650129E-03
   6284.1808851007954        2.50116866E-02   6.24231156E-03
   6285.7757252690508        2.06728727E-02   6.26706891E-03
   6287.3705826896921        2.59053390E-02   6.41416805E-03
   6288.9654572236241        1.84548646E-02   6.18114648E-03
   6290.5603487317530        2.09363867E-02   6.18920242E-03
