   3855.2270511782858        1.96520276E-02   5.06498571E-03
   3856.6170936424487        2.63920892E-02   5.14053553E-03
   3858.0073753549332        2.59875562E-02   5.02992608E-03
   3859.3978961766434        2.39273161E-02   4.92138974E-03
   3860.7886559684848        1.34561835E-02   4.53679776E-03
   3862.1796545913617        1.99231394E-02   4.97072656E-03
   3863.5708919061794        1.74976289E-02   4.96012531E-03
   3864.9623677738423        2.08392031E-02   5.08083543E-03
   3866.3540820552548        2.14229859E-02   4.98698605E-03
   3867.7460346113230        1.62374675E-02   4.74112481E-03
   3869.1382253029506        2.49416381E-02   4.99538518E-03
   3870.5306539910425        2.42080484E-02   4.78338776E-03
   3871.9233205365040        2.84658391E-02   4.81943786E-03
   3873.3162248002400        2.68843807E-02   4.89854766E-03
   3874.7093666431542        2.68506762E-02   5.08531695E-03
   3876.1027459261527        1.86705627E-02   4.81054280E-03
   3877.4963625101400        3.19558382E-02   5.12746722E-03
   3878.8902162560203        2.73690298E-02   4.88025509E-03
   3880.2843070246986        3.43711302E-02   5.08980267E-03
   3881.6786346770805        3.52439284E-02   5.04278298E-03
   3883.0731990740701        3.14849615E-02   4.92384844E-03
   3884.4680000765720        1.72797330E-02   4.42812406E-03
   3885.8630375454918        2.29316335E-02   4.64222860E-03
   3887.2583113417331        1.44740008E-02   4.26659081E-03
   3888.6538213262024        2.56499965E-02   4.65246197E-03
   3890.0495673598029        2.24814955E-02   4.52714413E-03
   3891.4455493034402        2.61240099E-02   4.75691585E-03
   3892.8417670180188        2.02608574E-02   4.70582070E-03
   3894.2382203644443        2.38318816E-02   4.72463015E-03
   3895.6349092036207        2.93601807E-02   4.91684955E-03
   3897.0318333964528        2.33859997E-02   4.69400873E-03
   3898.4289928038456        2.53722072E-02   4.75792494E-03
   3899.8263872867042        2.33978722E-02   4.73640254E-03
   3901.2240167059331        2.70834230E-02   4.82009165E-03
   3902.6218809224370        2.07913946E-02   4.56330227E-03
   3904.0199797971204        2.98500322E-02   4.70747426E-03
   3905.4183131908890        2.55174376E-02   4.53279493E-03
   3906.8168809646472        3.17408107E-02   4.84725088E-03
   3908.2156829792998        2.46722214E-02   4.67488682E-03
   3909.6147190957518        2.09526531E-02   4.62316163E-03
   3911.0139891749068        2.41455957E-02   4.76909569E-03
   3912.4134930776718        2.63988022E-02   4.74996958E-03
   3913.8132306649495        2.51661465E-02   4.68556443E-03
   3915.2132017976464        1.78715140E-02   4.50794073E-03
   3916.6134063366662        2.46068817E-02   4.57112025E-03
   3918.0138441429135        2.46480405E-02   4.59645363E-03
   3919.4145150772943        2.64161322E-02   4.48424788E-03
   3920.8154190007131        2.49984264E-02   4.36371705E-03
   3922.2165557740736        2.83847656E-02   4.42512287E-03
   3923.6179252582815        2.50996128E-02   4.35044337E-03
   3925.0195273142417        3.23056430E-02   4.47334768E-03
   3926.4213618028584        2.20276751E-02   4.03883914E-03
   3927.8234285850372        2.06140745E-02   3.85777047E-03
   3929.2257275216821        3.20497677E-02   4.08215774E-03
   3930.6282584736987        3.05776242E-02   3.86947673E-03
   3932.0310213019911        1.78962909E-02   3.27387266E-03
   3933.4340158674650        2.07514353E-02   3.28786252E-03
   3934.8372420310238        2.59983689E-02   3.44014098E-03
   3936.2406996535738        2.08218005E-02   3.36419069E-03
   3937.6443885960189        3.33463922E-02   3.94873647E-03
   3939.0483087192638        2.27895100E-02   3.79862124E-03
   3940.4524598842140        2.84161419E-02   4.09800978E-03
   3941.8568419517742        1.50910048E-02   3.72943911E-03
   3943.2614547828484        2.77130809E-02   4.15083626E-03
   3944.6662982383427        2.44076122E-02   4.06817161E-03
   3946.0713721791603        2.88800243E-02   4.27191053E-03
   3947.4766764662077        2.47116387E-02   4.23320290E-03
   3948.8822109603884        2.01296862E-02   4.15640883E-03
   3950.2879755226081        2.63417251E-02   4.30320622E-03
   3951.6939700137718        3.10769808E-02   4.49218927E-03
   3953.1001942947828        3.17392834E-02   4.54293238E-03
   3954.5066482265470        2.78171059E-02   4.45422437E-03
   3955.9133316699690        2.37139035E-02   4.21203393E-03
   3957.3202444859539        3.00399382E-02   4.41260030E-03
   3958.7273865354064        3.54032740E-02   4.52611595E-03
   3960.1347576792309        2.30382551E-02   4.13829554E-03
   3961.5423577783322        3.22918892E-02   4.25358582E-03
   3962.9501866936162        2.82061286E-02   4.00064467E-03
   3964.3582442859861        2.88169421E-02   3.83774471E-03
   3965.7665304163479        3.50254029E-02   3.93585349E-03
   3967.1750449456063        2.48247031E-02   3.47969984E-03
   3968.5837877346653        2.99036093E-02   3.48121882E-03
   3969.9927586444305        1.41927749E-02   3.02535715E-03
   3971.4019575358066        2.46314481E-02   3.52898799E-03
   3972.8113842696980        2.51606852E-02   3.69618530E-03
   3974.2210387070099        1.90337393E-02   3.65025713E-03
   3975.6309207086470        2.77359765E-02   4.02129441E-03
   3977.0410301355137        2.08711531E-02   3.95037932E-03
   3978.4513668485156        2.81435046E-02   4.29538917E-03
   3979.8619307085564        2.94860397E-02   4.38740384E-03
   3981.2727215765422        2.16395520E-02   4.22931975E-03
   3982.6837393133774        2.38928292E-02   4.25513182E-03
   3984.0949837799662        2.53948011E-02   4.21513245E-03
   3985.5064548372143        2.41461489E-02   4.21890244E-03
   3986.9181523460256        2.54310444E-02   4.26010694E-03
   3988.3300761673054        1.81420092E-02   4.09204187E-03
   3989.7422261619586        2.89088767E-02   4.41705668E-03
   3991.1546021908898        1.57184340E-02   4.11438290E-03
   3992.5672041150042        1.68944579E-02   4.06748615E-03
   3993.9800317952058        2.69576497E-02   4.36846958E-03
   3995.3930850924003        2.23050080E-02   4.22030175E-03
   3996.8063638674912        2.14460958E-02   4.11041919E-03
   3998.2198679813851        1.90832391E-02   4.15017596E-03
   3999.6335972949855        2.03770511E-02   4.12688125E-03
   4001.0475516691981        1.84772015E-02   4.21699462E-03
   4002.4617309649266        2.00277437E-02   4.22602147E-03
   4003.8761350430768        2.53862534E-02   4.30498226E-03
   4005.2907637645535        2.75922902E-02   4.23805602E-03
   4006.7056169902603        2.06652302E-02   4.10400517E-03
   4008.1206945811032        2.78364737E-02   4.33002179E-03
   4009.5359963979868        2.61141378E-02   4.33615921E-03
   4010.9515223018161        3.06486227E-02   4.49699862E-03
   4012.3672721534949        2.37338096E-02   4.34169825E-03
   4013.7832458139287        2.15326194E-02   4.27312730E-03
   4015.1994431440230        1.87985208E-02   4.21525631E-03
   4016.6158640046815        2.61113700E-02   4.39752825E-03
   4018.0325082568093        2.76485886E-02   4.41198749E-03
   4019.4493757613113        2.04578340E-02   4.25339397E-03
   4020.8664663790928        2.78976727E-02   4.44605108E-03
   4022.2837799710578        2.45256536E-02   4.32527112E-03
   4023.7013163981114        2.02687290E-02   4.22027148E-03
   4025.1190755211583        2.58196685E-02   4.34914557E-03
   4026.5370572011043        2.96055954E-02   4.45809076E-03
   4027.9552612988523        2.18799077E-02   4.27600741E-03
   4029.3736876753087        1.93779562E-02   4.17838572E-03
   4030.7923361913781        2.86685042E-02   4.28076228E-03
   4032.2112067079643        1.88993216E-02   3.91353946E-03
   4033.6302990859735        2.53078304E-02   4.09609359E-03
   4035.0496131863092        2.06327047E-02   4.06331941E-03
   4036.4691488698772        2.17387006E-02   4.19045798E-03
   4037.8889059975818        2.33732406E-02   4.27801395E-03
   4039.3088844303284        2.17904318E-02   4.25668806E-03
   4040.7290840290207        3.31082195E-02   4.48611751E-03
   4042.1495046545642        2.26195604E-02   4.18603281E-03
   4043.5701461678641        2.14922037E-02   4.11262689E-03
   4044.9910084298244        2.34648716E-02   4.01819218E-03
   4046.4120913013503        2.28620172E-02   3.96793196E-03
   4047.8333946433468        2.13101562E-02   3.96918552E-03
   4049.2549183167184        2.09069755E-02   4.15978860E-03
   4050.6766621823704        1.85765885E-02   4.11128486E-03
   4052.0986261012067        2.14101113E-02   4.18185536E-03
   4053.5208099341326        2.67908126E-02   4.24060598E-03
   4054.9432135420534        2.19918638E-02   4.08956269E-03
   4056.3658367858725        1.86791141E-02   3.98144405E-03
   4057.7886795264963        2.06043348E-02   3.95191181E-03
   4059.2117416248293        1.68595798E-02   3.99942789E-03
   4060.6350229417753        2.11396050E-02   4.03428590E-03
   4062.0585233382403        1.61177795E-02   3.85253923E-03
   4063.4822426751284        1.27234291E-02   3.71641037E-03
   4064.9061808133447        1.76991019E-02   3.76483728E-03
   4066.3303376137937        2.30647437E-02   3.98621568E-03
   4067.7547129373806        1.99854914E-02   3.98886297E-03
   4069.1793066450095        1.54632190E-02   3.88419558E-03
   4070.6041185975864        1.58647671E-02   3.88994091E-03
   4072.0291486560150        2.18497068E-02   3.98584316E-03
   4073.4543966812007        1.81570519E-02   3.87010816E-03
   4074.8798625340478        2.61803642E-02   4.15932527E-03
   4076.3055460754622        1.54547980E-02   3.84127721E-03
   4077.7314471663472        1.74184274E-02   3.79725639E-03
   4079.1575656676087        1.74408797E-02   3.81265860E-03
   4080.5839014401513        1.90458745E-02   3.97827988E-03
   4082.0104543448797        1.90793015E-02   3.98940640E-03
   4083.4372242426989        2.54860017E-02   4.13771113E-03
   4084.8642109945126        2.36656275E-02   4.10119444E-03
   4086.2914144612273        2.19689868E-02   4.03706217E-03
   4087.7188345037471        1.38952332E-02   3.95315140E-03
   4089.1464709829766        2.40576323E-02   4.20301314E-03
   4090.5743237598203        1.76799465E-02   4.06208122E-03
   4092.0023926951835        2.27701720E-02   4.06975392E-03
   4093.4306776499711        2.22750679E-02   4.02921950E-03
   4094.8591784850883        1.92601886E-02   3.92622966E-03
   4096.2878950614395        2.03833710E-02   3.94550711E-03
   4097.7168272399285        1.99435391E-02   3.86033696E-03
   4099.1459748814614        2.44016815E-02   3.84055986E-03
   4100.5753378469417        1.86101478E-02   3.64370504E-03
   4102.0049159972759        1.87221989E-02   3.59057542E-03
   4103.4347091933687        2.14569289E-02   3.60991643E-03
   4104.8647172961228        2.33828649E-02   3.85056972E-03
   4106.2949401664455        1.29622621E-02   3.72831477E-03
   4107.7253776652396        1.83342081E-02   3.88112944E-03
   4109.1560296534126        2.17357296E-02   3.98956286E-03
   4110.5868959918662        2.33736988E-02   3.97440651E-03
   4112.0179765415069        2.62336340E-02   4.08783322E-03
   4113.4492711632392        2.25724280E-02   4.02973732E-03
   4114.8807797179670        2.49726865E-02   4.13024286E-03
   4116.3125020665966        2.12671030E-02   4.05867351E-03
   4117.7444380700326        2.35070605E-02   4.04475210E-03
   4119.1765875891788        2.74945926E-02   4.07636585E-03
   4120.6089504849415        2.60955878E-02   4.05337475E-03
   4122.0415266182235        2.39328742E-02   4.01453767E-03
   4123.4743158499314        1.93169527E-02   3.96971172E-03
   4124.9073180409687        2.14364231E-02   4.00083279E-03
   4126.3405330522419        2.63081379E-02   4.07723710E-03
   4127.7739607446538        1.56576447E-02   3.75413522E-03
   4129.2076009791108        2.19551101E-02   4.00885986E-03
   4130.6414536165166        2.06567626E-02   3.87408398E-03
   4132.0755185177768        2.23854892E-02   3.89663572E-03
   4133.5097955437968        2.10195985E-02   3.84551007E-03
   4134.9442845554786        2.29895581E-02   3.91086377E-03
   4136.3789854137303        2.35828292E-02   3.97127634E-03
   4137.8138979794539        2.71953233E-02   4.13654232E-03
   4139.2490221135577        2.06698719E-02   4.00331290E-03
   4140.6843576769425        2.60120369E-02   4.05751448E-03
   4142.1199045305157        2.52541658E-02   3.96122597E-03
   4143.5556625351819        2.11995393E-02   3.87893221E-03
   4144.9916315518449        1.97597761E-02   3.79069615E-03
   4146.4278114414101        1.98599380E-02   3.81880463E-03
   4147.8642020647821        2.43727453E-02   3.94975301E-03
   4149.3008032828666        1.74852647E-02   3.80291697E-03
   4150.7376149565671        2.51803882E-02   3.95199424E-03
   4152.1746369467892        2.82545611E-02   4.06919885E-03
   4153.6118691144384        2.13700440E-02   3.81913991E-03
   4155.0493113204175        2.12304089E-02   3.88907525E-03
   4156.4869634256320        1.81519408E-02   3.69862537E-03
   4157.9248252909883        1.68230925E-02   3.73979541E-03
   4159.3628967773893        2.76490990E-02   4.03821887E-03
   4160.8011777457414        1.67933796E-02   3.80183035E-03
   4162.2396680569473        2.57339682E-02   4.04396560E-03
   4163.6783675719134        2.36858875E-02   4.03187191E-03
   4165.1172761515445        2.22587362E-02   3.91408522E-03
   4166.5563936567451        2.43024006E-02   3.96350352E-03
   4167.9957199484206        2.41345894E-02   3.98144266E-03
   4169.4352548874731        2.34584790E-02   3.94336320E-03
   4170.8749983348116        2.37197988E-02   3.92583571E-03
   4172.3149501513381        1.64394658E-02   3.66998464E-03
   4173.7551101979579        2.13543009E-02   3.80214304E-03
   4175.1954783355759        2.57434715E-02   3.90379666E-03
   4176.6360544250974        2.72173770E-02   3.87229724E-03
   4178.0768383274262        3.23945470E-02   4.05486440E-03
   4179.5178299034696        1.87022965E-02   3.76392272E-03
   4180.9590290141286        1.81118995E-02   3.72892781E-03
   4182.4004355203106        2.34532710E-02   3.82116553E-03
   4183.8420492829200        2.30887104E-02   3.84357804E-03
   4185.2838701628616        1.76639371E-02   3.70383775E-03
   4186.7258980210390        2.29141917E-02   3.82811390E-03
   4188.1681327183596        2.44778786E-02   3.82439070E-03
   4189.6105741157253        2.51391195E-02   3.79524333E-03
   4191.0532220740424        2.49001030E-02   3.88751994E-03
   4192.4960764542157        2.42516473E-02   3.93839739E-03
   4193.9391371171496        1.90886799E-02   3.81671754E-03
   4195.3824039237497        2.09572241E-02   3.77407274E-03
   4196.8258767349198        2.69156732E-02   3.85678769E-03
   4198.2695554115644        1.91910323E-02   3.59838200E-03
   4199.7134398145909        1.96807906E-02   3.64752673E-03
   4201.1575298049002        2.30777673E-02   3.68219637E-03
   4202.6018252434005        1.99715011E-02   3.66872572E-03
   4204.0463259909957        2.88700312E-02   3.93603928E-03
   4205.4910319085902        2.30203345E-02   3.80160799E-03
   4206.9359428570870        1.89487040E-02   3.83845507E-03
   4208.3810586973941        2.03606039E-02   3.80857242E-03
   4209.8263792904145        1.86598860E-02   3.74815962E-03
   4211.2719044970536        1.92060862E-02   3.78490286E-03
   4212.7176341782169        2.52440087E-02   3.91321629E-03
   4214.1635681948073        2.86472235E-02   3.95510904E-03
   4215.6097064077312        1.60822999E-02   3.62569629E-03
   4217.0560486778922        3.20724398E-02   3.93678015E-03
   4218.5025948661960        2.40493715E-02   3.84572614E-03
   4219.9493448335479        1.79821551E-02   3.72327515E-03
   4221.3962984408508        1.63133144E-02   3.68227973E-03
   4222.8434555490112        2.75283661E-02   3.95072810E-03
   4224.2908160189336        2.97380108E-02   3.87836527E-03
   4225.7383797115235        2.52644885E-02   3.56901367E-03
   4227.1861464876829        2.58184392E-02   3.58175673E-03
   4228.6341162083199        2.45100763E-02   3.63863329E-03
   4230.0822887343365        2.04728134E-02   3.66093172E-03
   4231.5306639266410        2.15992387E-02   3.76418815E-03
   4232.9792416461351        2.62253359E-02   3.84362042E-03
   4234.4280217537253        2.40606032E-02   3.74267413E-03
   4235.8770041103144        2.42152698E-02   3.68680316E-03
   4237.3261885768097        2.95270924E-02   3.85379209E-03
   4238.7755750141141        1.99076161E-02   3.57536692E-03
   4240.2251632831340        2.16585267E-02   3.67548643E-03
   4241.6749532447720        2.35085040E-02   3.70390760E-03
   4243.1249447599366        1.92276575E-02   3.64586851E-03
   4244.5751376895287        2.51831915E-02   3.77710513E-03
   4246.0255318944555        2.28918809E-02   3.72112612E-03
   4247.4761272356200        1.84289347E-02   3.56061151E-03
   4248.9269235739284        1.25793107E-02   3.36200069E-03
   4250.3779207702864        1.56894568E-02   3.42184817E-03
   4251.8291186855959        2.59147622E-02   3.68200545E-03
   4253.2805171807640        2.65188329E-02   3.69774504E-03
   4254.7321161166956        2.16503404E-02   3.66367213E-03
   4256.1839153542942        2.46785842E-02   3.68248043E-03
   4257.6359147544654        2.39963364E-02   3.64969787E-03
   4259.0881141781128        2.16641631E-02   3.55411880E-03
   4260.5405134861430        2.35050749E-02   3.55069339E-03
   4261.9931125394605        2.32365262E-02   3.54857743E-03
   4263.4459111989681        1.56158768E-02   3.45973112E-03
   4264.8989093255741        2.33934950E-02   3.72422021E-03
   4266.3521067801803        2.12931335E-02   3.64409038E-03
   4267.8055034236932        2.20954455E-02   3.66351218E-03
   4269.2590991170155        2.52270605E-02   3.63678276E-03
   4270.7128937210546        2.20352933E-02   3.47657199E-03
   4272.1668870967142        2.09531896E-02   3.40603082E-03
   4273.6210791048989        2.46387627E-02   3.44782299E-03
   4275.0754696065133        2.13407520E-02   3.43412161E-03
   4276.5300584624629        2.62757707E-02   3.67975235E-03
   4277.9848455336523        2.47853287E-02   3.67243541E-03
   4279.4398306809862        1.86450612E-02   3.49500054E-03
   4280.8950137653692        1.10009648E-02   3.32557852E-03
   4282.3503946477067        2.20956020E-02   3.58116860E-03
   4283.8059731889025        1.98233444E-02   3.49854981E-03
   4285.2617492498639        2.81102434E-02   3.68246483E-03
   4286.7177226914919        1.98132172E-02   3.47464136E-03
   4288.1738933746938        1.43739963E-02   3.24801216E-03
   4289.6302611603742        1.92771759E-02   3.37170856E-03
   4291.0868259094377        1.49543751E-02   3.26030771E-03
   4292.5435874827890        1.69613939E-02   3.30624310E-03
   4294.0005457413317        1.93108320E-02   3.42322537E-03
   4295.4577005459732        2.57851314E-02   3.58257140E-03
   4296.9150517576163        2.08637901E-02   3.40261101E-03
   4298.3725992371665        1.85857452E-02   3.24954442E-03
   4299.8303428455283        2.51556057E-02   3.32438597E-03
   4301.2882824436074        2.24180836E-02   3.19396821E-03
   4302.7464178923074        2.06950847E-02   3.18888784E-03
   4304.2047490525338        1.71287470E-02   3.07738595E-03
   4305.6632757851912        2.06566490E-02   3.16348276E-03
   4307.1219979511843        2.18140464E-02   3.15039884E-03
   4308.5809154114177        1.92140099E-02   3.07931378E-03
   4310.0400280267977        2.00096183E-02   3.06585012E-03
   4311.4993356582281        2.16556247E-02   3.21871345E-03
   4312.9588381666126        2.26160474E-02   3.32220388E-03
   4314.4185354128576        1.66030228E-02   3.33624776E-03
   4315.8784272578678        1.85559783E-02   3.54508101E-03
   4317.3385135625467        1.93861164E-02   3.60696111E-03
   4318.7987941878000        2.29111649E-02   3.74152930E-03
   4320.2592689945332        1.79594439E-02   3.59179778E-03
   4321.7199378436489        2.11138278E-02   3.59883090E-03
   4323.1808005960547        2.21330579E-02   3.46995960E-03
   4324.6418571126533        2.41801124E-02   3.38665093E-03
   4326.1031072543510        2.43251491E-02   3.37873958E-03
   4327.5645508820508        2.81099062E-02   3.56548047E-03
   4329.0261878566598        1.95170958E-02   3.46643711E-03
   4330.4880180390810        2.50702314E-02   3.71507858E-03
   4331.9500412902198        2.30781995E-02   3.66513571E-03
   4333.4122574709818        2.35129092E-02   3.65656428E-03
   4334.8746664422697        2.14259736E-02   3.57939326E-03
   4336.3372680649909        3.10542230E-02   3.76968272E-03
   4337.8000622000482        2.36700866E-02   3.49687948E-03
   4339.2630487083479        2.57871207E-02   3.34231998E-03
   4340.7262274507930        2.03042924E-02   3.20799765E-03
   4342.1895982882897        1.55397626E-02   3.10014375E-03
   4343.6531610817428        1.82388406E-02   3.29005229E-03
   4345.1169156920569        2.09654998E-02   3.47237289E-03
   4346.5808619801355        1.37163848E-02   3.29078548E-03
   4348.0449998068862        1.61517374E-02   3.44497967E-03
   4349.5093290332115        1.69941280E-02   3.43351695E-03
   4350.9738495200172        2.78488602E-02   3.61414440E-03
   4352.4385611282078        2.46400554E-02   3.52414977E-03
   4353.9034637186878        1.78126488E-02   3.28852329E-03
   4355.3685571523629        1.39675578E-02   3.29696154E-03
   4356.8338412901367        1.10884216E-02   3.25917848E-03
   4358.2993159929156        1.96701773E-02   3.46591114E-03
   4359.7649811216015        2.26460174E-02   3.54287331E-03
   4361.2308365371027        1.93468500E-02   3.48877138E-03
   4362.6968821003229        2.22322755E-02   3.57865286E-03
   4364.1631176721658        2.13771258E-02   3.58401495E-03
   4365.6295431135368        1.97181702E-02   3.52569413E-03
   4367.0961582853415        2.27589738E-02   3.54849338E-03
   4368.5629630484827        1.86270848E-02   3.44555685E-03
   4370.0299572638678        1.94403268E-02   3.43381148E-03
   4371.4971407924004        1.68747138E-02   3.36054293E-03
   4372.9645134949851        1.96622033E-02   3.39696393E-03
   4374.4320752325266        1.44192437E-02   3.19629535E-03
   4375.8998258659294        2.52292026E-02   3.45559279E-03
   4377.3677652561000        2.60115974E-02   3.53824557E-03
   4378.8358932639412        1.94008201E-02   3.38221807E-03
   4380.3042097503585        1.65027957E-02   3.35619203E-03
   4381.7727145762574        1.49171976E-02   3.18874186E-03
   4383.2414076025425        2.07785852E-02   3.18068732E-03
   4384.7102886901184        2.02580113E-02   3.20627564E-03
   4386.1793576998889        1.86760295E-02   3.15739028E-03
   4387.6486144927603        1.70480236E-02   3.24971369E-03
   4389.1180589296364        1.60925575E-02   3.23643675E-03
   4390.5876908714235        1.48992511E-02   3.21487943E-03
   4392.0575101790246        1.87250264E-02   3.32113006E-03
   4393.5275167133459        2.00521406E-02   3.39031592E-03
   4394.9977103352903        1.74672734E-02   3.32795759E-03
   4396.4680909057643        1.94314979E-02   3.37099121E-03
   4397.9386582856732        2.58948840E-02   3.53098824E-03
   4399.4094123359200        1.71478167E-02   3.36836651E-03
   4400.8803529174111        2.25911364E-02   3.45233316E-03
   4402.3514798910501        2.52838209E-02   3.44646815E-03
   4403.8227931177416        2.14828961E-02   3.34980479E-03
   4405.2942924583922        2.19605993E-02   3.36353760E-03
   4406.7659777739054        2.50807852E-02   3.42555880E-03
   4408.2378489251869        2.50651967E-02   3.49284708E-03
   4409.7099057731402        1.92023423E-02   3.39745660E-03
   4411.1821481786701        2.10549943E-02   3.54708312E-03
   4412.6545760026829        2.74204239E-02   3.66658298E-03
   4414.1271891060824        2.09652875E-02   3.45827872E-03
   4415.5999873497731        1.81451924E-02   3.38115217E-03
   4417.0729705946615        1.76407602E-02   3.30693019E-03
   4418.5461387016503        2.20816191E-02   3.48431966E-03
   4420.0194915316461        1.86382476E-02   3.47695802E-03
   4421.4930289455515        2.04334576E-02   3.48153897E-03
   4422.9667508042730        2.19715107E-02   3.50456662E-03
   4424.4406569687162        1.99555922E-02   3.43388622E-03
   4425.9147472997838        2.08383016E-02   3.42405168E-03
   4427.3890216583814        2.11698636E-02   3.48511292E-03
   4428.8634799054144        1.95505936E-02   3.41879996E-03
   4430.3381219017865        1.91538613E-02   3.43564944E-03
   4431.8129475084042        1.86372958E-02   3.42186471E-03
   4433.2879565861704        2.18000673E-02   3.44233913E-03
   4434.7631489959913        1.52916955E-02   3.24667105E-03
   4436.2385245987707        1.76277719E-02   3.35640460E-03
   4437.7140832554142        1.86949223E-02   3.39704915E-03
   4439.1898248268271        1.63980071E-02   3.39914183E-03
   4440.6657491739115        2.06686016E-02   3.48678627E-03
   4442.1418561575756        1.79467816E-02   3.34017049E-03
   4443.6181456387221        2.04305071E-02   3.44186439E-03
   4445.0946174782566        1.64832063E-02   3.35495151E-03
   4446.5712715370846        2.14476492E-02   3.51896393E-03
   4448.0481076761098        2.41105463E-02   3.54999374E-03
   4449.5251257562368        1.98634788E-02   3.47188651E-03
   4451.0023256383711        2.36305073E-02   3.52696446E-03
   4452.4797071834164        1.97845399E-02   3.45396274E-03
   4453.9572702522801        2.24348400E-02   3.47428140E-03
   4455.4350147058640        2.26070248E-02   3.44082341E-03
   4456.9129404050755        2.51954664E-02   3.42153991E-03
   4458.3910472108164        2.69791167E-02   3.48156551E-03
   4459.8693349839941        2.13620551E-02   3.36215412E-03
   4461.3478035855132        2.43177842E-02   3.42727639E-03
   4462.8264528762775        2.30183341E-02   3.46660195E-03
   4464.3052827171905        1.72433667E-02   3.35713057E-03
   4465.7842929691606        2.62461901E-02   3.57971713E-03
   4467.2634834930896        2.49467473E-02   3.54565005E-03
   4468.7428541498848        3.10270414E-02   3.69150168E-03
   4470.2224048004482        2.45730150E-02   3.52795864E-03
   4471.7021353056871        1.75004005E-02   3.40502243E-03
   4473.1820455265042        2.89312284E-02   3.71029042E-03
   4474.6621353238061        2.40052864E-02   3.61512671E-03
   4476.1424045584963        1.80361085E-02   3.45892832E-03
   4477.6228530914796        2.83255838E-02   3.70625500E-03
   4479.1034807836631        2.21802257E-02   3.51784402E-03
   4480.5842874959490        2.43892763E-02   3.52286035E-03
   4482.0652730892416        2.44129244E-02   3.54070589E-03
   4483.5464374244484        2.05778088E-02   3.45121208E-03
   4485.0277803624731        2.20050365E-02   3.53354937E-03
   4486.5093017642203        2.37762500E-02   3.63469124E-03
   4487.9910014905936        2.81569120E-02   3.64652160E-03
   4489.4728794025004        2.12172624E-02   3.43276770E-03
   4490.9549353608427        2.90595461E-02   3.64421192E-03
   4492.4371692265277        3.05664651E-02   3.68139963E-03
   4493.9195808604600        1.77216809E-02   3.40858637E-03
   4495.4021701235424        2.20156554E-02   3.49590555E-03
   4496.8849368766805        2.19300017E-02   3.51679581E-03
   4498.3678809807807        1.88542716E-02   3.46860522E-03
   4499.8510022967457        2.15127710E-02   3.50869424E-03
   4501.3343006854820        1.78990681E-02   3.46026663E-03
   4502.8177760078943        2.31222808E-02   3.61726317E-03
   4504.3014281248852        2.45546531E-02   3.65537894E-03
   4505.7852568973622        2.03969423E-02   3.59897409E-03
   4507.2692621862279        2.22593378E-02   3.59142805E-03
   4508.7534438523890        2.03987155E-02   3.57620884E-03
   4510.2378017567498        2.25256328E-02   3.60504561E-03
   4511.7223357602143        2.25218516E-02   3.54405097E-03
   4513.2070457236887        1.94017868E-02   3.50622484E-03
   4514.6919315080759        1.99279618E-02   3.50115146E-03
   4516.1769929742823        1.71272792E-02   3.39572039E-03
   4517.6622299832115        2.61410456E-02   3.61567130E-03
   4519.1476423957702        1.93600394E-02   3.48766893E-03
   4520.6332300728609        2.03625038E-02   3.50761134E-03
   4522.1189928753893        2.20012907E-02   3.55507806E-03
   4523.6049306642608        1.45809436E-02   3.37215676E-03
   4525.0910433003801        2.72958837E-02   3.67030012E-03
   4526.5773306446517        2.43564602E-02   3.45667824E-03
   4528.0637925579804        2.55174600E-02   3.50772194E-03
   4529.5504289012706        2.69272830E-02   3.50529910E-03
   4531.0372395354279        2.08336860E-02   3.41392169E-03
   4532.5242243213570        2.10029371E-02   3.41842743E-03
   4534.0113831199615        1.50821088E-02   3.27026076E-03
   4535.4987157921478        2.02803910E-02   3.43436794E-03
   4536.9862221988205        2.33577471E-02   3.49295139E-03
   4538.4739022008825        2.43006758E-02   3.53370351E-03
   4539.9617556592411        1.93519052E-02   3.51521769E-03
   4541.4497824348009        1.22107146E-02   3.30853625E-03
   4542.9379823884647        2.31913254E-02   3.54885706E-03
   4544.4263553811388        1.78944487E-02   3.43114138E-03
   4545.9149012737280        2.42264941E-02   3.52538470E-03
   4547.4036199271359        2.62133274E-02   3.54232569E-03
   4548.8925112022689        1.56915206E-02   3.29119107E-03
   4550.3815749600317        2.13058162E-02   3.47329793E-03
   4551.8708110613270        1.61327552E-02   3.31181847E-03
   4553.3602193670631        1.32580204E-02   3.24307499E-03
   4554.8497997381419        2.01801136E-02   3.42283351E-03
   4556.3395520354688        2.02292074E-02   3.44147184E-03
   4557.8294761199495        2.08919663E-02   3.45009845E-03
   4559.3195718524885        1.54419644E-02   3.39127169E-03
   4560.8098390939904        1.59493070E-02   3.41970776E-03
   4562.3002777053589        2.20570918E-02   3.56693659E-03
   4563.7908875475005        1.43132154E-02   3.31751886E-03
   4565.2816684813206        2.17983127E-02   3.45249986E-03
   4566.7726203677212        2.16306150E-02   3.45920655E-03
   4568.2637430676095        2.16998104E-02   3.48101510E-03
   4569.7550364418894        1.78870168E-02   3.38541646E-03
   4571.2465003514662        2.97111832E-02   3.66117922E-03
   4572.7381346572438        2.00751349E-02   3.43289063E-03
   4574.2299392201276        2.54121572E-02   3.56887723E-03
   4575.7219139010222        2.28366591E-02   3.52100190E-03
   4577.2140585608331        1.99271403E-02   3.45098367E-03
   4578.7063730604650        2.65314057E-02   3.59184947E-03
   4580.1988572608207        2.37842090E-02   3.44740110E-03
   4581.6915110228083        2.52362285E-02   3.47781274E-03
   4583.1843342073298        1.78608578E-02   3.33508267E-03
   4584.6773266752916        1.98510159E-02   3.37588205E-03
   4586.1704882875993        2.00939719E-02   3.34990094E-03
   4587.6638189051546        1.80371385E-02   3.34555423E-03
   4589.1573183888640        1.89735275E-02   3.36112641E-03
   4590.6509865996341        1.67333484E-02   3.34155536E-03
   4592.1448233983674        1.79023389E-02   3.33535695E-03
   4593.6388286459687        1.86749678E-02   3.34606599E-03
   4595.1330022033444        1.83086060E-02   3.31499078E-03
   4596.6273439313973        2.12585796E-02   3.38993734E-03
   4598.1218536910346        1.77537519E-02   3.30743706E-03
   4599.6165313431593        2.38859169E-02   3.43057513E-03
   4601.1113767486768        2.16545705E-02   3.40543292E-03
   4602.6063897684908        2.06050556E-02   3.37800686E-03
   4604.1015702635086        2.37186421E-02   3.40779079E-03
   4605.5969180946322        2.48922706E-02   3.46173579E-03
   4607.0924331227689        1.96998101E-02   3.37748113E-03
   4608.5881152088223        1.61862988E-02   3.33950645E-03
   4610.0839642136971        1.33592961E-02   3.26286722E-03
   4611.5799799982979        1.98285710E-02   3.38587165E-03
   4613.0761624235301        1.96915120E-02   3.34770093E-03
   4614.5725113502986        1.56576838E-02   3.24552320E-03
   4616.0690266395068        2.13616397E-02   3.43090226E-03
   4617.5657081520621        1.92042924E-02   3.32246488E-03
   4619.0625557488665        1.60142612E-02   3.24995373E-03
   4620.5595692908264        2.38060802E-02   3.42511130E-03
   4622.0567486388472        2.58501098E-02   3.48326098E-03
   4623.5540936538328        2.56971754E-02   3.52028385E-03
   4625.0516041966866        1.87238399E-02   3.35172541E-03
   4626.5492801283162        1.36324046E-02   3.22356238E-03
   4628.0471213096243        2.37906091E-02   3.44561599E-03
   4629.5451276015174        2.55182702E-02   3.53158428E-03
   4631.0432988648990        2.17352025E-02   3.41095496E-03
   4632.5416349606739        2.25905925E-02   3.40546807E-03
   4634.0401357497476        1.66857745E-02   3.32108093E-03
   4635.5388010930246        1.84146054E-02   3.33515275E-03
   4637.0376308514105        1.66091323E-02   3.25642829E-03
   4638.5366248858081        2.37924643E-02   3.40662687E-03
   4640.0357830571229        1.53767830E-02   3.20208631E-03
   4641.5351052262622        2.08779480E-02   3.31699476E-03
   4643.0345912541270        2.12042462E-02   3.36229079E-03
   4644.5342410016256        2.15709377E-02   3.38308862E-03
   4646.0340543296606        2.29308531E-02   3.34856613E-03
   4647.5340310991369        2.77956072E-02   3.42314714E-03
   4649.0341711709598        2.65340135E-02   3.44282226E-03
   4650.5344744060340        2.33195573E-02   3.37053020E-03
   4652.0349406652649        2.34896820E-02   3.41921044E-03
   4653.5355698095564        1.93031337E-02   3.31549766E-03
   4655.0363616998138        2.41086651E-02   3.38823395E-03
   4656.5373161969428        2.10553482E-02   3.32609727E-03
   4658.0384331618461        2.42617894E-02   3.41782346E-03
   4659.5397124554302        2.02955902E-02   3.35832057E-03
   4661.0411539385987        2.35320907E-02   3.44973803E-03
   4662.5427574722571        1.74110942E-02   3.27485520E-03
   4664.0445229173120        2.11149454E-02   3.33785010E-03
   4665.5464501346642        1.87150557E-02   3.21823452E-03
   4667.0485389852211        2.04117391E-02   3.22600664E-03
   4668.5507893298873        1.57312583E-02   3.08176596E-03
   4670.0532010295674        2.12089233E-02   3.26446118E-03
   4671.5557739451669        2.13716812E-02   3.27786128E-03
   4673.0585079375887        2.53792442E-02   3.45626567E-03
   4674.5614028677401        2.53320727E-02   3.43046128E-03
   4676.0644585965238        2.26677544E-02   3.39378230E-03
   4677.5676749848453        2.04194523E-02   3.34070111E-03
   4679.0710518936103        2.00900752E-02   3.31108575E-03
   4680.5745891837223        1.92793477E-02   3.21843917E-03
   4682.0782867160860        2.22411714E-02   3.32205370E-03
   4683.5821443516088        2.25125346E-02   3.33219231E-03
   4685.0861619511916        2.40271632E-02   3.40259145E-03
   4686.5903393757426        1.76113434E-02   3.28519358E-03
   4688.0946764861646        1.88055560E-02   3.28841503E-03
   4689.5991731433633        2.02335846E-02   3.28852399E-03
   4691.1038292082421        2.45796535E-02   3.39567754E-03
   4692.6086445417086        2.67678369E-02   3.46971280E-03
   4694.1136190046655        2.16654744E-02   3.40433000E-03
   4695.6187524580173        2.26835832E-02   3.37140635E-03
   4697.1240447626706        1.80809889E-02   3.28114117E-03
   4698.6294957795271        2.27441695E-02   3.32075777E-03
   4700.1351053694962        1.58109274E-02   3.17110913E-03
   4701.6408733934786        2.63937451E-02   3.38706397E-03
   4703.1467997123809        2.39902772E-02   3.34038585E-03
   4704.6528841871077        2.07073782E-02   3.27362283E-03
   4706.1591266785645        2.49232575E-02   3.36016505E-03
   4707.6655270476540        1.82315242E-02   3.22369998E-03
   4709.1720851552836        2.58864574E-02   3.40173789E-03
   4710.6788008623571        2.19871383E-02   3.34250974E-03
   4712.1856740297781        2.24330481E-02   3.36944172E-03
   4713.6927045184530        2.85897292E-02   3.49400006E-03
   4715.1998921892864        2.45267693E-02   3.36113037E-03
   4716.7072369031830        1.48767782E-02   3.21527640E-03
   4718.2147385210465        1.69462170E-02   3.29821650E-03
   4719.7223969037832        2.10826695E-02   3.38933105E-03
   4721.2302119122969        1.48942685E-02   3.25363316E-03
   4722.7381834074922        2.52024047E-02   3.50818876E-03
   4724.2463112502755        1.73137374E-02   3.29081598E-03
   4725.7545953015506        1.35351410E-02   3.21605685E-03
   4727.2630354222210        1.98758971E-02   3.28799058E-03
   4728.7716314731942        1.77654754E-02   3.26036196E-03
   4730.2803833153730        1.73055232E-02   3.22877383E-03
   4731.7892908096628        2.30315197E-02   3.32277524E-03
   4733.2983538169683        2.12690663E-02   3.33354040E-03
   4734.8075721981959        2.19338033E-02   3.36824800E-03
   4736.3169458142474        2.87835263E-02   3.48680862E-03
   4737.8264745260303        1.70549750E-02   3.23276361E-03
   4739.3361581944473        2.11759992E-02   3.35305603E-03
   4740.8459966804048        2.03776713E-02   3.35462717E-03
   4742.3559898448066        2.72860471E-02   3.52674932E-03
   4743.8661375485581        2.32895184E-02   3.42143909E-03
   4745.3764396525639        1.85775645E-02   3.32917809E-03
   4746.8868960177288        1.74824521E-02   3.30295414E-03
   4748.3975065049572        1.67291667E-02   3.33241629E-03
   4749.9082709751547        1.99837517E-02   3.37053579E-03
   4751.4191892892259        1.79830231E-02   3.27352481E-03
   4752.9302613080754        2.04446819E-02   3.31304083E-03
   4754.4414868926078        1.95397362E-02   3.32600088E-03
   4755.9528659037287        1.53572280E-02   3.22540710E-03
   4757.4643982023417        1.37487771E-02   3.17437411E-03
   4758.9760836493524        2.19152477E-02   3.38738435E-03
   4760.4879221056653        1.65288225E-02   3.25379195E-03
   4761.9999134321870        2.32840460E-02   3.41002038E-03
   4763.5120574898192        2.18323898E-02   3.33793252E-03
   4765.0243541394684        2.29017232E-02   3.35845747E-03
   4766.5368032420392        1.89713538E-02   3.26580973E-03
   4768.0494046584372        1.95866618E-02   3.30473296E-03
   4769.5621582495660        1.48219047E-02   3.19238589E-03
   4771.0750638763311        2.12764125E-02   3.34818684E-03
   4772.5881213996363        1.96612086E-02   3.33752949E-03
   4774.1013306803879        2.37138644E-02   3.44220526E-03
   4775.6146915794898        2.22262777E-02   3.41800740E-03
   4777.1282039578464        1.11078657E-02   3.16586322E-03
   4778.6418676763633        1.69673692E-02   3.32236406E-03
   4780.1556825959460        1.56999901E-02   3.26451450E-03
   4781.6696485774974        1.58591345E-02   3.26983584E-03
   4783.1837654819237        2.06020977E-02   3.38598038E-03
   4784.6980331701288        1.38075547E-02   3.17358924E-03
   4786.2124515030191        1.24962339E-02   3.17833456E-03
   4787.7270203414973        2.11831219E-02   3.35431285E-03
   4789.2417395464699        1.59413982E-02   3.22612491E-03
   4790.7566089788406        1.99463777E-02   3.34574445E-03
   4792.2716284995158        2.06611827E-02   3.38613032E-03
   4793.7867979693983        1.82897057E-02   3.34547530E-03
   4795.3021172493936        1.51140159E-02   3.29314126E-03
   4796.8175862004064        1.62147172E-02   3.27438302E-03
   4798.3332046833430        1.64775960E-02   3.30820330E-03
   4799.8489725591062        1.79266743E-02   3.33232014E-03
   4801.3648896886016        1.82686877E-02   3.30141699E-03
   4802.8809559327347        2.25275904E-02   3.40183917E-03
   4804.3971711524082        1.72201078E-02   3.28378775E-03
   4805.9135352085295        2.12313794E-02   3.39331897E-03
   4807.4300479620015        1.92947388E-02   3.31835495E-03
   4808.9467092737304        1.83712933E-02   3.29397852E-03
   4810.4635190046210        1.25332633E-02   3.17500788E-03
   4811.9804770155770        1.43373962E-02   3.25851445E-03
   4813.4975831675029        2.01457515E-02   3.36041348E-03
   4815.0148373213051        2.05397308E-02   3.36125214E-03
   4816.5322393378874        1.83576066E-02   3.32878181E-03
   4818.0497890781535        1.03561478E-02   3.17351473E-03
   4819.5674864030116        1.69681851E-02   3.34072160E-03
   4821.0853311733636        2.23362129E-02   3.43887182E-03
   4822.6033232501150        1.24938190E-02   3.17409541E-03
   4824.1214624941704        1.62320398E-02   3.27548245E-03
   4825.6397487664353        1.94677785E-02   3.37691256E-03
   4827.1581819278144        1.93217620E-02   3.33091826E-03
   4828.6767618392123        1.72060970E-02   3.26959393E-03
   4830.1954883615335        1.93028413E-02   3.34579195E-03
   4831.7143613556827        1.57077741E-02   3.24377138E-03
   4833.2333806825663        1.88861471E-02   3.29383253E-03
   4834.7525462030871        1.75284538E-02   3.27947550E-03
   4836.2718577781516        1.46863041E-02   3.25849117E-03
   4837.7913152686615        1.76049769E-02   3.32256639E-03
   4839.3109185355261        1.72662120E-02   3.25818243E-03
   4840.8306674396463        2.43513975E-02   3.41394520E-03
   4842.3505618419294        2.06782557E-02   3.34278867E-03
   4843.8706016032802        2.70055067E-02   3.46168410E-03
   4845.3907865846013        2.24382840E-02   3.37121147E-03
   4846.9111166467992        1.82893667E-02   3.32090259E-03
   4848.4315916507785        2.42299363E-02   3.40253534E-03
   4849.9522114574438        2.92259082E-02   3.49846971E-03
   4851.4729759277006        2.99537536E-02   3.50668305E-03
   4852.9938849224518        2.72566266E-02   3.43959103E-03
   4854.5149383026046        2.34343018E-02   3.32680321E-03
   4856.0361359290619        2.52412688E-02   3.32781440E-03
   4857.5574776627300        1.43593317E-02   3.03300656E-03
   4859.0789633645127        2.49310546E-02   3.22892889E-03
   4860.6005928953155        2.38457322E-02   3.10234237E-03
   4862.1223661160420        2.41425857E-02   3.07622296E-03
   4863.6442828875988        2.14247126E-02   3.08108353E-03
   4865.1663430708895        2.45567579E-02   3.25612025E-03
   4866.6885465268188        2.15756129E-02   3.25140241E-03
   4868.2108931162920        2.49474440E-02   3.34079517E-03
   4869.7333827002149        2.71041952E-02   3.38164996E-03
   4871.2560151394891        2.96289399E-02   3.40085197E-03
   4872.7787902950231        2.06227526E-02   3.16958851E-03
   4874.3017080277195        2.01013554E-02   3.23317992E-03
   4875.8247681984840        2.66998429E-02   3.39515205E-03
   4877.3479706682210        2.28011049E-02   3.35435406E-03
   4878.8713152978353        1.98324285E-02   3.29164811E-03
   4880.3948019482323        2.75497213E-02   3.46699334E-03
   4881.9184304803166        2.72460114E-02   3.44555499E-03
   4883.4422007549911        2.34037694E-02   3.36176786E-03
   4884.9661126331648        2.34528016E-02   3.34357307E-03
   4886.4901659757379        1.39490990E-02   3.11807450E-03
   4888.0143606436186        2.05668155E-02   3.23234149E-03
   4889.5386964977088        2.08374634E-02   3.21540236E-03
   4891.0631733989158        1.90743264E-02   3.17416852E-03
   4892.5877912081442        2.02175546E-02   3.23737040E-03
   4894.1125497862968        1.93050206E-02   3.25506949E-03
   4895.6374489942818        1.86707638E-02   3.30381747E-03
   4897.1624886929994        1.52202351E-02   3.22273863E-03
   4898.6876687433596        2.41536312E-02   3.41782370E-03
   4900.2129890062624        2.33633742E-02   3.38536641E-03
   4901.7384493426152        1.70856901E-02   3.25825601E-03
   4903.2640496133226        1.78842694E-02   3.23472824E-03
   4904.7897896792892        2.42015924E-02   3.39949015E-03
   4906.3156694014197        2.61556078E-02   3.44752101E-03
   4907.8416886406194        1.40950428E-02   3.13847861E-03
   4909.3678472577922        1.95822958E-02   3.21448315E-03
   4910.8941451138435        2.09750235E-02   3.28482175E-03
   4912.4205820696789        2.40822919E-02   3.31330602E-03
   4913.9471579862002        1.68706160E-02   3.19376611E-03
   4915.4738727243157        1.76232029E-02   3.24167218E-03
   4917.0007261449291        2.03179363E-02   3.32340342E-03
   4918.5277181089459        2.29316615E-02   3.26628517E-03
   4920.0548484772689        2.69213319E-02   3.30007588E-03
   4921.5821171108028        1.97282005E-02   3.13161151E-03
   4923.1095238704547        1.97682865E-02   3.15796142E-03
   4924.6370686171285        1.62477847E-02   3.15471645E-03
   4926.1647512117279        1.71036925E-02   3.15616420E-03
   4927.6925715151592        1.64973270E-02   3.19074932E-03
   4929.2205293883271        2.20696907E-02   3.31558008E-03
   4930.7486246921353        2.14243419E-02   3.35524976E-03
   4932.2768572874893        1.86325945E-02   3.25533398E-03
   4933.8052270352937        1.99350081E-02   3.24737071E-03
   4935.3337337964540        2.29423493E-02   3.28806695E-03
   4936.8623774318748        2.00452432E-02   3.22772120E-03
   4938.3911578024590        2.44904570E-02   3.29724909E-03
   4939.9200747691148        2.02944987E-02   3.17797763E-03
   4941.4491281927440        1.97720397E-02   3.26510030E-03
   4942.9783179342530        2.20281519E-02   3.32489819E-03
   4944.5076438545448        2.27386355E-02   3.35013191E-03
   4946.0371058145283        1.71677638E-02   3.22235213E-03
   4947.5667036751029        1.98278893E-02   3.26505932E-03
   4949.0964372971775        1.48010235E-02   3.16814240E-03
   4950.6263065416551        1.92437470E-02   3.28974379E-03
   4952.1563112694421        2.59749889E-02   3.39891482E-03
   4953.6864513414412        2.19842046E-02   3.35298153E-03
   4955.2167266185579        1.63923949E-02   3.16282734E-03
   4956.7471369616969        1.72221474E-02   3.14924191E-03
   4958.2776822317646        1.49259511E-02   3.09281587E-03
   4959.8083622896638        1.61710847E-02   3.10848746E-03
   4961.3391769963009        1.61158163E-02   3.18653299E-03
   4962.8701262125787        1.74445119E-02   3.28479009E-03
   4964.4012097994037        1.93793103E-02   3.25958594E-03
   4965.9324276176803        2.24586148E-02   3.32649867E-03
   4967.4637795283134        1.72767453E-02   3.19361174E-03
   4968.9952653922073        1.92306060E-02   3.22150765E-03
   4970.5268850702678        1.84414387E-02   3.24485311E-03
   4972.0586384233984        2.05769688E-02   3.28981318E-03
   4973.5905253125047        1.76347662E-02   3.22150951E-03
   4975.1225455984913        1.71745382E-02   3.20990290E-03
   4976.6546991422629        2.02927757E-02   3.29613476E-03
   4978.1869858047248        1.96555033E-02   3.30144027E-03
   4979.7194054467818        1.63397528E-02   3.15961731E-03
   4981.2519579293376        1.89931728E-02   3.15758446E-03
   4982.7846431132984        2.14749053E-02   3.19147157E-03
   4984.3174608595682        1.48379281E-02   3.02982260E-03
   4985.8504110290523        2.18268335E-02   3.22233071E-03
   4987.3834934826546        2.16091219E-02   3.25039099E-03
   4988.9167080812813        2.69753132E-02   3.43700289E-03
   4990.4500546858353        2.32362282E-02   3.31298448E-03
   4991.9835331572231        2.15259325E-02   3.29300901E-03
   4993.5171433563492        2.36472506E-02   3.33475787E-03
   4995.0508851441182        2.08130572E-02   3.30068008E-03
   4996.5847583814348        2.32696962E-02   3.33960261E-03
   4998.1187629292044        2.19686199E-02   3.30839748E-03
   4999.6528986483299        2.28319373E-02   3.34487320E-03
   5001.1871653997196        2.33813301E-02   3.28637450E-03
   5002.7215630442743        1.89989153E-02   3.17340903E-03
   5004.2560914429014        2.10994016E-02   3.23406793E-03
   5005.7907504565046        2.29600165E-02   3.25546484E-03
   5007.3255399459895        2.47034729E-02   3.30450409E-03
   5008.8604597722597        2.49818992E-02   3.32581601E-03
   5010.3955097962225        2.04747785E-02   3.22740083E-03
   5011.9306898787809        3.00561935E-02   3.42060416E-03
   5013.4659998808393        1.60484891E-02   3.10913124E-03
   5015.0014396633023        2.21500620E-02   3.24129220E-03
   5016.5370090870765        2.23045051E-02   3.24685173E-03
   5018.0727080130655        1.74574275E-02   3.12947179E-03
   5019.6085363021739        2.31244564E-02   3.29007045E-03
   5021.1444938153072        2.10955013E-02   3.26564582E-03
   5022.6805804133701        2.58768573E-02   3.34735634E-03
   5024.2167959572662        1.78607125E-02   3.19756009E-03
   5025.7531403079029        2.29739770E-02   3.30548268E-03
   5027.2896133261820        2.53394675E-02   3.35113285E-03
   5028.8262148730118        3.11519355E-02   3.51261720E-03
   5030.3629448092925        2.51197238E-02   3.37902945E-03
   5031.8998029959330        2.10564248E-02   3.35141039E-03
   5033.4367892938362        2.45115459E-02   3.38972849E-03
   5034.9739035639077        2.35438365E-02   3.35963746E-03
   5036.5111456670520        2.08347905E-02   3.28245270E-03
   5038.0485154641729        2.29165442E-02   3.32131912E-03
   5039.5860128161767        2.20790785E-02   3.23654176E-03
   5041.1236375839671        2.27826387E-02   3.25528206E-03
   5042.6613896284498        2.03159992E-02   3.22398753E-03
   5044.1992688105292        2.43781283E-02   3.36575392E-03
   5045.7372749911101        2.48263665E-02   3.41055682E-03
   5047.2754080310970        2.27825176E-02   3.40193463E-03
   5048.8136677913963        2.09654514E-02   3.29652871E-03
   5050.3520541329108        1.55105796E-02   3.14339320E-03
   5051.8905669165451        1.56136304E-02   3.16319731E-03
   5053.4292060032067        2.02744287E-02   3.30826454E-03
   5054.9679712537973        2.25436911E-02   3.35266604E-03
   5056.5068625292233        2.23722309E-02   3.39072826E-03
   5058.0458796903895        2.22636983E-02   3.37924133E-03
   5059.5850225982012        2.12850999E-02   3.36979725E-03
   5061.1242911135623        1.64965522E-02   3.28694773E-03
   5062.6636850973773        1.93267372E-02   3.31999687E-03
   5064.2032044105517        1.40092159E-02   3.17374454E-03
   5065.7428489139902        2.27336232E-02   3.33524728E-03
   5067.2826184685973        2.21997723E-02   3.37082497E-03
   5068.8225129352786        2.16294099E-02   3.30967782E-03
   5070.3625321749378        1.83527283E-02   3.26296571E-03
   5071.9026760484812        2.61494890E-02   3.45543935E-03
   5073.4429444168118        2.81667616E-02   3.45969386E-03
   5074.9833371408358        2.16508284E-02   3.32373241E-03
   5076.5238540814571        2.21135076E-02   3.37329064E-03
   5078.0644950995811        2.28126701E-02   3.33715044E-03
   5079.6052600561125        1.92617252E-02   3.25532793E-03
   5081.1461488119558        1.64452307E-02   3.15035763E-03
   5082.6871612280165        2.11995132E-02   3.29829194E-03
   5084.2282971651985        2.05030590E-02   3.32233822E-03
   5085.7695564844080        2.24148259E-02   3.37679428E-03
   5087.3109390465470        1.90430433E-02   3.30611877E-03
   5088.8524447125228        2.20690798E-02   3.40325269E-03
   5090.3940733432401        2.19429899E-02   3.38175753E-03
   5091.9358247996024        2.13355608E-02   3.40005732E-03
   5093.4776989425172        2.40702815E-02   3.47574800E-03
   5095.0196956328855        2.09978167E-02   3.36540258E-03
   5096.5618147316154        2.19408534E-02   3.38846003E-03
   5098.1040560996089        1.81648061E-02   3.24899470E-03
   5099.6464195977733        1.93437561E-02   3.30132176E-03
   5101.1889050870122        1.53146535E-02   3.19998362E-03
   5102.7315124282304        2.72953548E-02   3.49102425E-03
   5104.2742414823324        2.26351731E-02   3.40478262E-03
   5105.8170921102237        1.36759430E-02   3.17947334E-03
   5107.3600641728090        2.04366632E-02   3.31651117E-03
   5108.9031575309928        2.16832682E-02   3.34802899E-03
   5110.4463720456806        2.11585686E-02   3.33529199E-03
   5111.9897075777762        1.81578007E-02   3.24256206E-03
   5113.5331639881852        1.54494504E-02   3.23728169E-03
   5115.0767411378120        1.54406792E-02   3.24539770E-03
   5116.6204388875622        2.62827612E-02   3.49774281E-03
   5118.1642570983395        1.70164779E-02   3.32351215E-03
   5119.7081956310485        1.38986073E-02   3.21252621E-03
   5121.2522543465948        2.27052066E-02   3.40854260E-03
   5122.7964331058838        2.15859469E-02   3.33578675E-03
   5124.3407317698184        2.14123409E-02   3.38180526E-03
   5125.8851501993058        2.48669852E-02   3.37214814E-03
   5127.4296882552489        2.41601225E-02   3.40654491E-03
   5128.9743457985533        2.14082599E-02   3.29444790E-03
   5130.5191226901234        2.32004169E-02   3.42077902E-03
   5132.0640187908648        2.10389681E-02   3.34496540E-03
   5133.6090339616803        1.65387001E-02   3.24587035E-03
   5135.1541680634782        2.20079888E-02   3.40332068E-03
   5136.6994209571603        2.15191804E-02   3.39574018E-03
   5138.2447925036331        2.27460396E-02   3.32852616E-03
   5139.7902825638002        1.85221843E-02   3.23632755E-03
   5141.3358909985682        2.17827447E-02   3.29919555E-03
   5142.8816176688388        2.03700084E-02   3.33779398E-03
   5144.4274624355194        2.25949269E-02   3.35360458E-03
   5145.9734251595146        2.05520745E-02   3.32488469E-03
   5147.5195057017272        1.88177414E-02   3.29778413E-03
   5149.0657039230646        2.14284454E-02   3.34060332E-03
   5150.6120196844304        1.78912934E-02   3.24851926E-03
   5152.1584528467311        2.51805112E-02   3.45210382E-03
   5153.7050032708676        2.11809892E-02   3.34079540E-03
   5155.2516708177482        1.50295869E-02   3.25628184E-03
   5156.7984553482756        2.63023973E-02   3.48521746E-03
   5158.3453567233555        2.15621497E-02   3.39319790E-03
   5159.8923748038942        2.53951065E-02   3.46651953E-03
   5161.4395094507936        2.91556418E-02   3.55297816E-03
   5162.9867605249610        2.17840206E-02   3.40101612E-03
   5164.5341278873002        1.76082198E-02   3.18496372E-03
   5166.0816113987148        2.78214570E-02   3.34510603E-03
   5167.6292109201122        2.73510404E-02   3.30727571E-03
   5169.1769263123952        2.06648055E-02   3.13066202E-03
   5170.7247574364683        2.55746581E-02   3.23109119E-03
   5172.2727041532380        2.21797395E-02   3.14258691E-03
   5173.8207663236090        2.46848147E-02   3.25716217E-03
   5175.3689438084848        2.30537150E-02   3.28306528E-03
   5176.9172364687702        2.27728318E-02   3.41445836E-03
   5178.4656441653715        2.76291277E-02   3.53183504E-03
   5180.0141667591924        1.75140947E-02   3.31621198E-03
   5181.5628041111377        2.49788258E-02   3.36300000E-03
   5183.1115560821136        2.35900246E-02   3.25083430E-03
   5184.6604225330220        2.06481963E-02   3.11582582E-03
   5186.2094033247704        2.45400071E-02   3.29781487E-03
   5187.7584983182633        2.43236963E-02   3.39528057E-03
   5189.3077073744043        1.55929141E-02   3.20829707E-03
   5190.8570303540992        2.59531420E-02   3.45822284E-03
   5192.4064671182514        2.92184781E-02   3.54777370E-03
   5193.9560175277675        1.70768034E-02   3.19579593E-03
   5195.5056814435520        1.86017863E-02   3.33223073E-03
   5197.0554587265078        2.92164516E-02   3.66944168E-03
   5198.6053492375422        1.59318149E-02   3.40173207E-03
   5200.1553528375598        1.41650103E-02   3.40426620E-03
   5201.7054693874634        2.23186966E-02   3.50359571E-03
   5203.2556987481585        1.99990701E-02   3.36876465E-03
   5204.8060407805515        2.57709771E-02   3.45553528E-03
   5206.3564953455461        2.42098011E-02   3.39313410E-03
   5207.9070623040470        2.03219634E-02   3.26595479E-03
   5209.4577415169588        2.30907742E-02   3.35892919E-03
   5211.0085328451851        2.33800672E-02   3.43828090E-03
   5212.5594361496351        2.44291779E-02   3.48201254E-03
   5214.1104512912088        2.34513488E-02   3.42446938E-03
   5215.6615781308137        2.53537409E-02   3.49270832E-03
   5217.2128165293534        1.30101060E-02   3.13317706E-03
   5218.7641663477334        2.05759760E-02   3.35267023E-03
   5220.3156274468583        2.10217237E-02   3.43224895E-03
   5221.8671996876328        2.77016908E-02   3.56722414E-03
   5223.4188829309633        1.84775833E-02   3.34910862E-03
   5224.9706770377506        2.22675912E-02   3.36159882E-03
   5226.5225818689041        1.70530919E-02   3.23315547E-03
   5228.0745972853247        1.48599632E-02   3.14209354E-03
   5229.6267231479196        1.90451816E-02   3.26427468E-03
   5231.1789593175936        2.71184463E-02   3.53579642E-03
   5232.7313056552512        2.33832840E-02   3.40072578E-03
   5234.2837620217961        1.80028938E-02   3.29628238E-03
   5235.8363282781347        2.35802718E-02   3.43143987E-03
   5237.3890042851699        2.16700528E-02   3.42284003E-03
   5238.9417899038090        2.00770535E-02   3.42864892E-03
   5240.4946849949547        2.25709807E-02   3.44422041E-03
   5242.0476894195135        2.75054313E-02   3.60105606E-03
   5243.6008030383873        1.97862759E-02   3.42676532E-03
   5245.1540257124852        2.11796518E-02   3.42130661E-03
   5246.7073573027074        1.80517025E-02   3.39054433E-03
   5248.2607976699628        1.74432509E-02   3.35209467E-03
   5249.8143466751535        2.64405534E-02   3.53074796E-03
   5251.3680041791858        2.15838533E-02   3.45619069E-03
   5252.9217700429645        2.33308654E-02   3.46960244E-03
   5254.4756441273921        2.39053071E-02   3.48331430E-03
   5256.0296262933771        2.33563874E-02   3.47110443E-03
   5257.5837164018212        2.34344006E-02   3.56184132E-03
   5259.1379143136310        2.07754448E-02   3.46457958E-03
   5260.6922198897109        2.06456296E-02   3.41512286E-03
   5262.2466329909639        2.63573080E-02   3.48187191E-03
   5263.8011534782972        2.23319624E-02   3.32766678E-03
   5265.3557812126155        2.30836738E-02   3.32601857E-03
   5266.9105160548224        2.76329350E-02   3.45392362E-03
   5268.4653578658235        2.60335356E-02   3.39011638E-03
   5270.0203065065225        1.79502554E-02   3.19479662E-03
   5271.5753618378258        1.82681885E-02   3.23828519E-03
   5273.1305237206379        2.33301241E-02   3.42885731E-03
   5274.6857920158627        2.01206431E-02   3.36020137E-03
   5276.2411665844056        2.01583393E-02   3.39304516E-03
   5277.7966472871713        2.21545715E-02   3.45944148E-03
   5279.3522339850633        2.30047721E-02   3.46949860E-03
   5280.9079265389892        2.08947323E-02   3.44684045E-03
   5282.4637248098516        2.77648233E-02   3.55453137E-03
   5284.0196286585569        1.87395867E-02   3.34429275E-03
   5285.5756379460081        1.98042523E-02   3.41293635E-03
   5287.1317525331115        2.10316591E-02   3.51435691E-03
   5288.6879722807707        2.40066648E-02   3.56280897E-03
   5290.2442970498914        1.74918808E-02   3.40869650E-03
   5291.8007267013772        2.10920908E-02   3.50605021E-03
   5293.3572610961364        2.53985599E-02   3.59304692E-03
   5294.9139000950690        2.38268916E-02   3.54638440E-03
   5296.4706435590833        2.19116323E-02   3.45376274E-03
   5298.0274913490821        1.93442795E-02   3.39940120E-03
   5299.5844433259717        1.93849485E-02   3.35804303E-03
   5301.1414993506560        1.81376096E-02   3.39830155E-03
   5302.6986592840394        2.68175751E-02   3.61012109E-03
   5304.2559229870276        2.12658364E-02   3.47558735E-03
   5305.8132903205251        1.53716886E-02   3.42617324E-03
   5307.3707611454374        1.85565837E-02   3.45977512E-03
   5308.9283353226683        2.71419473E-02   3.64484102E-03
   5310.4860127131224        2.59106830E-02   3.67192994E-03
   5312.0437931777060        2.70294510E-02   3.70303262E-03
   5313.6016765773220        1.40813719E-02   3.35968053E-03
   5315.1596627728777        2.49518137E-02   3.60257714E-03
   5316.7177516252750        2.24825423E-02   3.53579735E-03
   5318.2759429954203        1.54719772E-02   3.36112385E-03
   5319.8342367442183        2.07360927E-02   3.53597058E-03
   5321.3926327325726        2.55993847E-02   3.60382604E-03
   5322.9511308213914        2.51285676E-02   3.61427898E-03
   5324.5097308715758        2.61557009E-02   3.63229122E-03
   5326.0684327440322        2.99611017E-02   3.63861583E-03
   5327.6272362996651        1.90595202E-02   3.38599971E-03
   5329.1861413993802        1.92353241E-02   3.35945818E-03
   5330.7451479040810        1.99364424E-02   3.43857170E-03
   5332.3042556746723        2.00249180E-02   3.53459152E-03
   5333.8634645720613        1.81214176E-02   3.46373115E-03
   5335.4227744571490        2.20597852E-02   3.60611221E-03
   5336.9821851908428        2.21671928E-02   3.57099064E-03
   5338.5416966340472        2.40942519E-02   3.57148820E-03
   5340.1013086476669        2.07704008E-02   3.49476445E-03
   5341.6610210926065        1.57260150E-02   3.36191594E-03
   5343.2208338297696        2.27569994E-02   3.52987275E-03
   5344.7807467200637        2.13368516E-02   3.53653706E-03
   5346.3407596243915        2.03234535E-02   3.48717277E-03
   5347.9008724036585        1.40007483E-02   3.34115652E-03
   5349.4610849187693        2.07572654E-02   3.52201611E-03
   5351.0213970306295        1.94362793E-02   3.47205927E-03
   5352.5818086001418        2.08528135E-02   3.56606115E-03
   5354.1423194882145        1.82635523E-02   3.47410212E-03
   5355.7029295557495        1.74073428E-02   3.49407224E-03
   5357.2636386636523        2.25107558E-02   3.59846069E-03
   5358.8244466728274        2.64519546E-02   3.74357239E-03
   5360.3853534441814        1.70951188E-02   3.49108409E-03
   5361.9463588386170        2.55553890E-02   3.69077804E-03
   5363.5074627170397        1.66698322E-02   3.46891605E-03
   5365.0686649403551        2.50602327E-02   3.63030820E-03
   5366.6299653694678        2.30296757E-02   3.56581388E-03
   5368.1913638652804        2.02863552E-02   3.48637276E-03
   5369.7528602887005        2.10656431E-02   3.51134711E-03
   5371.3144545006326        2.16366556E-02   3.50232609E-03
   5372.8761463619794        1.41771901E-02   3.35976039E-03
   5374.4379357336475        2.28447299E-02   3.59242479E-03
   5375.9998224765413        2.40606498E-02   3.68354819E-03
   5377.5618064515656        1.65395346E-02   3.49082751E-03
   5379.1238875196259        1.81166772E-02   3.51750362E-03
   5380.6860655416258        1.85568184E-02   3.50676710E-03
   5382.2483403784709        2.00667828E-02   3.51920095E-03
   5383.8107118910657        1.67400129E-02   3.48855811E-03
   5385.3731799403140        2.54294928E-02   3.65512841E-03
   5386.9357443871231        2.68791653E-02   3.70968482E-03
   5388.4984050923949        2.24341638E-02   3.64274369E-03
   5390.0611619170377        2.40065027E-02   3.65332467E-03
   5391.6240147219523        2.14090943E-02   3.51859326E-03
   5393.1869633680471        1.81089472E-02   3.49803991E-03
   5394.7500077162240        2.34325081E-02   3.56943021E-03
   5396.3131476273893        1.72172729E-02   3.43322265E-03
   5397.8763829624486        1.86305176E-02   3.47324042E-03
   5399.4397135823046        2.34453138E-02   3.55915679E-03
   5401.0031393478639        2.25324798E-02   3.59864067E-03
   5402.5666601200310        1.80588588E-02   3.49539472E-03
   5404.1302757597095        2.22910997E-02   3.53211747E-03
   5405.6939861278051        1.75891761E-02   3.40806274E-03
   5407.2577910852233        1.68429855E-02   3.42268916E-03
   5408.8216904928668        1.79500226E-02   3.41653614E-03
   5410.3856842116429        1.43017462E-02   3.38376034E-03
   5411.9497721024545        2.63041537E-02   3.70699889E-03
   5413.5139540262080        2.30349544E-02   3.61902290E-03
   5415.0782298438071        2.24087257E-02   3.59809049E-03
   5416.6425994161573        1.75131727E-02   3.51060415E-03
   5418.2070626041623        2.53807213E-02   3.68270022E-03
   5419.7716192687276        2.45710015E-02   3.70351830E-03
   5421.3362692707587        2.16485318E-02   3.60114058E-03
   5422.9010124711585        2.34481357E-02   3.63333779E-03
   5424.4658487308352        2.54613366E-02   3.72771360E-03
   5426.0307779106897        1.64560564E-02   3.46723897E-03
   5427.5957998716294        2.39041783E-02   3.62830027E-03
   5429.1609144745589        2.34294944E-02   3.64699820E-03
   5430.7261215803810        1.89938210E-02   3.50001105E-03
   5432.2914210500030        1.66111756E-02   3.42088263E-03
   5433.8568127443268        2.02787872E-02   3.55745899E-03
   5435.4222965242607        2.37610117E-02   3.63020692E-03
   5436.9878722507074        1.65400654E-02   3.48541699E-03
   5438.5535397845724        2.10642703E-02   3.66763305E-03
   5440.1192989867595        2.69851666E-02   3.80356098E-03
   5441.6851497181751        2.26568971E-02   3.72098526E-03
   5443.2510918397220        2.06455179E-02   3.61856003E-03
   5444.8171252123075        2.14490574E-02   3.58883571E-03
   5446.3832496968344        1.35200182E-02   3.42823425E-03
   5447.9494651542082        2.57974043E-02   3.71161825E-03
   5449.5157714453344        2.17293184E-02   3.66645213E-03
   5451.0821684311159        1.86423119E-02   3.61781428E-03
   5452.6486559724590        2.50049476E-02   3.76176415E-03
   5454.2152339302684        1.72685124E-02   3.53916036E-03
   5455.7819021654495        2.03257799E-02   3.60364374E-03
   5457.3486605389053        1.25873666E-02   3.44777852E-03
   5458.9155089115420        1.68835092E-02   3.56506836E-03
   5460.4824471442644        1.56461503E-02   3.52491508E-03
   5462.0494750979760        2.65099220E-02   3.81013332E-03
   5463.6165926335825        2.14884859E-02   3.63786030E-03
   5465.1837996119893        2.18472667E-02   3.62722529E-03
   5466.7510958941011        1.78421419E-02   3.56223388E-03
   5468.3184813408216        1.97145957E-02   3.60954367E-03
   5469.8859558130562        2.16258392E-02   3.67855118E-03
   5471.4535191717105        2.56439988E-02   3.75027419E-03
   5473.0211712776891        1.48221236E-02   3.50789935E-03
   5474.5889119918957        1.92312617E-02   3.59158870E-03
   5476.1567411752358        2.32848804E-02   3.64981941E-03
   5477.7246586886131        1.95039250E-02   3.57664004E-03
   5479.2926643929341        2.10912675E-02   3.60981468E-03
   5480.8607581491033        1.69917103E-02   3.55891022E-03
   5482.4289398180254        1.84052028E-02   3.61521472E-03
   5483.9972092606040        2.02852506E-02   3.62182525E-03
   5485.5655663377456        1.49517572E-02   3.53278453E-03
   5487.1340109103539        2.17434373E-02   3.69026908E-03
   5488.7025428393345        2.04551984E-02   3.63992527E-03
   5490.2711619855918        2.31730454E-02   3.69147677E-03
   5491.8398682100305        1.60829518E-02   3.61741777E-03
   5493.4086613735544        2.60273367E-02   3.80314421E-03
   5494.9775413370717        3.08391862E-02   3.93604487E-03
   5496.5465079614833        2.05530301E-02   3.63491871E-03
   5498.1155611076956        2.57521886E-02   3.81200737E-03
   5499.6847006366143        2.41619907E-02   3.73772206E-03
   5501.2539264091420        2.33673453E-02   3.78281204E-03
   5502.8232382861870        1.91691983E-02   3.62698035E-03
   5504.3926361286503        2.53269393E-02   3.81069281E-03
   5505.9621197974384        1.52333425E-02   3.56195006E-03
   5507.5316891534567        1.32877324E-02   3.52629391E-03
   5509.1013440576098        1.41019085E-02   3.56147485E-03
   5510.6710843708015        2.04124562E-02   3.68576730E-03
   5512.2409099539373        1.47105409E-02   3.53473448E-03
   5513.8108206679217        2.52772961E-02   3.75009631E-03
   5515.3808163736594        1.66817605E-02   3.59053141E-03
   5516.9508969320568        1.63621977E-02   3.63555062E-03
   5518.5210622040167        2.15295013E-02   3.74498568E-03
   5520.0913120504438        1.82571262E-02   3.69082205E-03
   5521.6616463322453        1.96819790E-02   3.70105077E-03
   5523.2320649103240        2.06573699E-02   3.72319948E-03
   5524.8025676455845        2.27690507E-02   3.77597078E-03
   5526.3731543989334        2.28032824E-02   3.76074389E-03
   5527.9438250312742        2.09359564E-02   3.65052605E-03
   5529.5145794035107        2.06535198E-02   3.64711229E-03
   5531.0854173765501        2.14049444E-02   3.72372917E-03
   5532.6563388112954        2.16643848E-02   3.74067458E-03
   5534.2273435686520        1.82681754E-02   3.67359980E-03
   5535.7984315095246        2.04232596E-02   3.72023252E-03
   5537.3696024948194        2.13160235E-02   3.76362773E-03
   5538.9408563854386        1.79212634E-02   3.69516155E-03
   5540.5121930422893        1.31569579E-02   3.54213384E-03
   5542.0836123262752        1.54857868E-02   3.62230977E-03
   5543.6551140983011        2.56470740E-02   3.88515787E-03
   5545.2266982192723        1.16126090E-02   3.51867848E-03
   5546.7983645500926        2.32560579E-02   3.81289446E-03
   5548.3701129516676        1.18798846E-02   3.54809663E-03
   5549.9419432849018        2.46898588E-02   3.86118097E-03
   5551.5138554107007        1.43104754E-02   3.65029369E-03
   5553.0858491899689        1.85304172E-02   3.75123625E-03
   5554.6579244836103        1.94151066E-02   3.71223269E-03
   5556.2300811525320        2.40187664E-02   3.84036521E-03
   5557.8023190576350        1.66851878E-02   3.69273499E-03
   5559.3746380598277        2.63352599E-02   3.88510805E-03
   5560.9470380200119        1.60865374E-02   3.65449628E-03
   5562.5195187990957        2.02151649E-02   3.80273862E-03
   5564.0920802579822        2.39930619E-02   3.80573515E-03
   5565.6647222575739        1.86964422E-02   3.73981893E-03
   5567.2374446587792        1.91087890E-02   3.73138068E-03
   5568.8102473225026        2.20865291E-02   3.79700563E-03
   5570.3831301096479        2.17755698E-02   3.77106038E-03
   5571.9560928811188        2.07345635E-02   3.70942894E-03
   5573.5291354978226        2.26264969E-02   3.99867166E-03
   5575.1022578206612        1.39261857E-02   6.92202570E-03
   5576.6754597105410        3.02192848E-02   8.91728979E-03
   5578.2487410283675        2.50783712E-02   9.09507554E-03
   5579.8221016350453        1.99912824E-02   8.01963173E-03
   5581.3955413914773        2.10699979E-02   4.89090849E-03
   5582.9690601585708        1.47196632E-02   3.81994341E-03
   5584.5426577972294        2.41440814E-02   3.86028225E-03
   5586.1163341683568        2.30517033E-02   3.82204563E-03
   5587.6900891328596        2.42515672E-02   3.79563193E-03
   5589.2639225516423        1.62571259E-02   3.56264855E-03
   5590.8378342856104        1.70676149E-02   3.65055446E-03
   5592.4118241956667        1.40248556E-02   3.60793783E-03
   5593.9858921427167        1.97826847E-02   3.75562347E-03
   5595.5600379876669        1.99652500E-02   3.77811072E-03
   5597.1342615914191        2.75342558E-02   3.96347139E-03
   5598.7085628148807        2.54041012E-02   3.88896163E-03
   5600.2829415189562        1.31069021E-02   3.55829927E-03
   5601.8573975645486        2.23973691E-02   3.76841472E-03
   5603.4319308125641        2.09856499E-02   3.83977848E-03
   5605.0065411239075        1.71972066E-02   3.74625437E-03
   5606.5812283594842        2.46225968E-02   3.99434799E-03
   5608.1559923801960        1.28357429E-02   3.66498460E-03
   5609.7308330469523        1.60194617E-02   3.73760378E-03
   5611.3057502206548        2.10574679E-02   3.87345767E-03
   5612.8807437622081        1.90181527E-02   3.79349058E-03
   5614.4558135325187        2.47329343E-02   3.91337136E-03
   5616.0309593924903        2.46146861E-02   3.84360482E-03
   5617.6061812030284        2.09842343E-02   3.77357285E-03
   5619.1814788250385        1.91368554E-02   3.78475385E-03
   5620.7568521194225        1.91400684E-02   3.78759578E-03
   5622.3323009470887        1.87303815E-02   3.80816450E-03
   5623.9078251689389        2.31698211E-02   3.85328615E-03
   5625.4834246458804        1.88391879E-02   3.74894496E-03
   5627.0590992388161        2.02560890E-02   3.83893307E-03
   5628.6348488086533        1.86400916E-02   3.83772631E-03
   5630.2106732162929        1.59337949E-02   3.78368329E-03
   5631.7865723226432        2.32184138E-02   3.92998941E-03
   5633.3625459886071        1.91006400E-02   3.86087829E-03
   5634.9385940750908        1.66735351E-02   3.76338023E-03
   5636.5147164429982        1.42193818E-02   3.69767658E-03
   5638.0909129532338        1.91033613E-02   3.83889442E-03
   5639.6671834667040        1.80069003E-02   3.78887728E-03
   5641.2435278443118        1.91034190E-02   3.79487174E-03
   5642.8199459469624        1.42010404E-02   3.68862925E-03
   5644.3964376355607        2.12436523E-02   3.85112269E-03
   5645.9730027710120        1.87380053E-02   3.83901200E-03
   5647.5496412142211        2.87353378E-02   4.08405066E-03
   5649.1263528260924        2.37131491E-02   3.96510726E-03
   5650.7031374675307        1.84073076E-02   3.82513599E-03
   5652.2799949994405        2.71281917E-02   4.02133632E-03
   5653.8569252827283        2.04517134E-02   3.87939392E-03
   5655.4339281782968        1.54959895E-02   3.73328221E-03
   5657.0110035470516        2.16799695E-02   3.83255468E-03
   5658.5881512498991        1.61758307E-02   3.74445645E-03
   5660.1653711477411        2.62917671E-02   3.96227790E-03
   5661.7426631014832        1.30015025E-02   3.69060482E-03
   5663.3200269720319        2.34306827E-02   3.94285750E-03
   5664.8974626202908        2.11441331E-02   3.87161993E-03
   5666.4749699071663        1.72733348E-02   3.85894976E-03
   5668.0525486935603        2.84577794E-02   4.08405066E-03
   5669.6301988403793        2.13566441E-02   3.88659467E-03
   5671.2079202085288        2.62739137E-02   4.07253066E-03
   5672.7857126589115        2.20463704E-02   3.99110746E-03
   5674.3635760524339        2.02783011E-02   3.92612349E-03
   5675.9415102500016        1.87861528E-02   3.90948495E-03
   5677.5195151125163        2.10485477E-02   3.95861873E-03
   5679.0975905008854        1.59970205E-02   3.80777498E-03
   5680.6757362760136        1.81813389E-02   3.84089258E-03
   5682.2539522988045        1.34695536E-02   3.69225047E-03
   5683.8322384301628        1.83343831E-02   3.84860300E-03
   5685.4105945309957        1.93589069E-02   3.87748796E-03
   5686.9890204622052        1.92009881E-02   3.88773088E-03
   5688.5675160846977        1.84299797E-02   3.85237788E-03
   5690.1460812593778        2.06404012E-02   3.89764109E-03
   5691.7247158471491        2.32026856E-02   4.01858054E-03
   5693.3034197089173        2.29911320E-02   4.00944892E-03
   5694.8821927055887        1.49710169E-02   3.83555074E-03
   5696.4610346980653        1.91420093E-02   3.95454001E-03
   5698.0399455472543        2.01176144E-02   3.97874741E-03
   5699.6189251140586        2.11135913E-02   3.97529500E-03
   5701.1979732593854        2.32849400E-02   3.99618549E-03
   5702.7770898441368        2.31440011E-02   4.01167944E-03
   5704.3562747292181        2.42360029E-02   4.04939521E-03
   5705.9355277755367        1.81832146E-02   3.83070926E-03
   5707.5148488439945        1.56998020E-02   3.84903327E-03
   5709.0942377954971        2.27845311E-02   3.97886243E-03
   5710.6736944909499        7.92106334E-03   3.53672076E-03
   5712.2532187912575        1.97034739E-02   3.89585062E-03
   5713.8328105573246        1.94107965E-02   3.87937343E-03
   5715.4124696500558        1.74543522E-02   3.85945779E-03
   5716.9921959303565        1.91653538E-02   3.99077917E-03
   5718.5719892591305        2.40985882E-02   4.06443421E-03
   5720.1518494972834        2.83838157E-02   4.12510009E-03
   5721.7317765057196        1.91447791E-02   3.99642158E-03
   5723.3117701453439        1.89836472E-02   3.97168007E-03
   5724.8918302770617        1.78451538E-02   3.97083350E-03
   5726.4719567617776        1.90927405E-02   3.98896541E-03
   5728.0521494603963        1.55933844E-02   3.88429128E-03
   5729.6324082338233        2.22003814E-02   4.03814856E-03
   5731.2127329429613        2.32455134E-02   3.99981951E-03
   5732.7931234487178        1.76855829E-02   3.93065438E-03
   5734.3735796119945        1.92847308E-02   4.00400534E-03
   5735.9541012936998        1.61831100E-02   3.92479589E-03
   5737.5346883547354        2.00537238E-02   4.02575545E-03
   5739.1153406560079        1.68231782E-02   3.93904233E-03
   5740.6960580584218        1.51845496E-02   3.87940696E-03
   5742.2768404228809        1.69149339E-02   3.93778831E-03
   5743.8576876102916        1.59157217E-02   3.91418301E-03
   5745.4385994815584        1.91638488E-02   3.98110412E-03
   5747.0195758975851        1.76960099E-02   3.96328466E-03
   5748.6006167192763        1.70156546E-02   3.90629517E-03
   5750.1817218075385        1.36050321E-02   3.81963607E-03
   5751.7628910232743        1.73488539E-02   3.91565729E-03
   5753.3441242273911        1.95222348E-02   3.95771023E-03
   5754.9254212807928        1.04487753E-02   3.71364458E-03
   5756.5067820443837        1.89977773E-02   3.97055736E-03
   5758.0882063790668        2.06806269E-02   4.02013678E-03
   5759.6696941457512        2.04322394E-02   4.02856991E-03
   5761.2512452053379        2.25976650E-02   4.06535249E-03
   5762.8328594187324        2.19550598E-02   3.95555142E-03
   5764.4145366468420        2.35112570E-02   4.12881281E-03
   5765.9962767505695        2.46931836E-02   4.13220376E-03
   5767.5780795908195        1.62583068E-02   3.92033532E-03
   5769.1599450284966        2.33221259E-02   4.15593246E-03
   5770.7418729245073        1.38746900E-02   3.88239510E-03
   5772.3238631397544        2.18627453E-02   4.10090387E-03
   5773.9059155351451        2.21427176E-02   4.06826101E-03
   5775.4880299715815        1.45005081E-02   3.87373264E-03
   5777.0702063099707        2.51199640E-02   4.12675226E-03
   5778.6524444112156        2.63425391E-02   4.14329953E-03
   5780.2347441362226        2.08839644E-02   4.01022425E-03
   5781.8171053458946        1.66990813E-02   3.86869418E-03
   5783.3995279011388        1.26450686E-02   3.80510325E-03
   5784.9820116628589        1.95301361E-02   3.94742982E-03
   5786.5645564919596        1.96192898E-02   3.97965591E-03
   5788.1471622493455        1.63257644E-02   3.95724736E-03
   5789.7298287959211        1.75719690E-02   3.94713739E-03
   5791.3125559925929        1.59689952E-02   3.92884808E-03
   5792.8953437002638        1.85027905E-02   3.94980749E-03
   5794.4781917798400        2.33559087E-02   4.12443606E-03
   5796.0611000922254        2.46055778E-02   4.11247602E-03
   5797.6440684983254        2.20102929E-02   4.10031015E-03
   5799.2270968590447        2.51757391E-02   4.15837904E-03
   5800.8101850352859        2.46048216E-02   4.15484235E-03
   5802.3933328879584        2.50289943E-02   4.16253135E-03
   5803.9765402779631        2.54385248E-02   4.16958658E-03
   5805.5598070662063        2.47051120E-02   4.19290271E-03
   5807.1431331135936        2.44481228E-02   4.14865417E-03
   5808.7265182810270        2.27478947E-02   4.16683126E-03
   5810.3099624294146        1.36815049E-02   3.91725311E-03
   5811.8934654196601        2.13967748E-02   4.08091396E-03
   5813.4770271126672        1.52160404E-02   3.94626241E-03
   5815.0606473693424        1.16744768E-02   3.82904173E-03
   5816.6443260505876        1.91623028E-02   4.01776284E-03
   5818.2280630173118        1.64232124E-02   4.00499580E-03
   5819.8118581304161        1.71991289E-02   4.02130932E-03
   5821.3957112508078        2.07210407E-02   4.10989532E-03
   5822.9796222393898        2.59847287E-02   4.21321206E-03
   5824.5635909570683        2.22307872E-02   4.17492492E-03
   5826.1476172647481        1.48751400E-02   3.99649609E-03
   5827.7317010233328        1.99000016E-02   4.08439199E-03
   5829.3158420937289        2.10781656E-02   4.11706045E-03
   5830.9000403368400        2.67752688E-02   4.23274236E-03
   5832.4842956135717        2.37790458E-02   4.16919775E-03
   5834.0686077848268        2.57575549E-02   4.21821186E-03
   5835.6529767115126        1.88412648E-02   4.00541909E-03
   5837.2374022545328        1.85052212E-02   4.06275876E-03
   5838.8218842747920        1.71583984E-02   4.01595188E-03
   5840.4064226331957        2.31637824E-02   4.20929538E-03
   5841.9910171906486        2.18721870E-02   4.18777112E-03
   5843.5756678080552        2.39383727E-02   4.21028724E-03
   5845.1603743463202        1.64892320E-02   4.04610019E-03
   5846.7451366663481        2.41926368E-02   4.21527820E-03
   5848.3299546290446        2.03417037E-02   4.11817571E-03
   5849.9148280953132        3.23957093E-02   4.36625490E-03
   5851.4997569260613        2.55094040E-02   4.20877058E-03
   5853.0847409821918        2.39885375E-02   4.20527067E-03
   5854.6697801246082        2.96752527E-02   4.33581509E-03
   5856.2548742142180        3.08695845E-02   4.34588781E-03
   5857.8400231119240        3.80054377E-02   4.48177895E-03
   5859.4252266786316        3.37824486E-02   4.41268831E-03
   5861.0104847752473        3.15474533E-02   4.36789729E-03
   5862.5957972626729        3.72694135E-02   4.54261992E-03
   5864.1811640018159        2.89450046E-02   4.36513685E-03
   5865.7665848535808        3.18794250E-02   4.51857643E-03
   5867.3520596788694        2.67253406E-02   4.35621757E-03
   5868.9375883385892        2.52130497E-02   4.29632887E-03
   5870.5231706936456        3.21269818E-02   4.47174674E-03
   5872.1088066049424        3.10725830E-02   4.42788610E-03
   5873.6944959333823        2.79222075E-02   4.37152805E-03
   5875.2802385398745        3.48394886E-02   4.53967042E-03
   5876.8660342853191        2.64066085E-02   4.24620137E-03
   5878.4518830306260        2.34089065E-02   4.24094358E-03
   5880.0377846366946        2.75007691E-02   4.37612226E-03
   5881.6237389644339        3.57388146E-02   4.51357057E-03
   5883.2097458747457        4.07817848E-02   4.63929400E-03
   5884.7958052285385        3.30737978E-02   4.52433527E-03
   5886.3819168867130        3.61974351E-02   4.61495342E-03
   5887.9680807101768        3.92738394E-02   4.97941300E-03
   5889.5542965598333        3.55967358E-02   4.97331936E-03
   5891.1405642965874        3.70380320E-02   4.99415118E-03
   5892.7268837813454        3.75317223E-02   4.83716466E-03
   5894.3132548750109        3.02735474E-02   4.60149767E-03
   5895.8996774384877        3.84215303E-02   4.83598886E-03
   5897.4861513326823        3.47715765E-02   4.75956313E-03
   5899.0726764185001        3.26628573E-02   4.58953250E-03
   5900.6592525568431        2.64518019E-02   4.28395206E-03
   5902.2458796086185        2.69427523E-02   4.36254125E-03
   5903.8325574347309        2.34156456E-02   4.25722636E-03
   5905.4192858960832        3.03848181E-02   4.40650247E-03
   5907.0060648535828        3.08310501E-02   4.44168504E-03
   5908.5928941681323        2.26205066E-02   4.26450185E-03
   5910.1797737006391        2.98112072E-02   4.45745001E-03
   5911.7667033120042        3.11810132E-02   4.41725831E-03
   5913.3536828631359        2.48081386E-02   4.31580143E-03
   5914.9407122149387        2.76765730E-02   4.35847417E-03
   5916.5277912283145        2.87936237E-02   4.43248078E-03
   5918.1149197641707        2.11644713E-02   4.25739679E-03
   5919.7020976834119        1.51287848E-02   4.08387370E-03
   5921.2893248469427        2.56214645E-02   4.32149833E-03
   5922.8766011156667        2.63831262E-02   4.33165161E-03
   5924.4639263504896        1.07813030E-02   3.94827081E-03
   5926.0513004123168        2.47772206E-02   4.29671584E-03
   5927.6387231620529        2.63511613E-02   4.33999300E-03
   5929.2261944606025        1.73830558E-02   4.10042703E-03
   5930.8137141688694        1.64813381E-02   4.09184676E-03
   5932.4012821477600        1.62536390E-02   4.14023455E-03
   5933.9888982581779        2.12555975E-02   4.31230431E-03
   5935.5765623610287        1.27105638E-02   4.06320672E-03
   5937.1642743172179        2.28216685E-02   4.32181731E-03
   5938.7520339876473        1.66219678E-02   4.14876360E-03
   5940.3398412332253        2.47622002E-02   4.32552723E-03
   5941.9276959148547        1.79084502E-02   4.16021328E-03
   5943.5155978934399        2.30425969E-02   4.26221592E-03
   5945.1035470298884        1.78223364E-02   4.24116151E-03
   5946.6915431851012        1.51460515E-02   4.09592222E-03
   5948.2795862199864        2.10214965E-02   4.21858346E-03
   5949.8676759954478        1.55841885E-02   4.06002998E-03
   5951.4558123723900        1.85877178E-02   4.21285629E-03
   5953.0439952117158        2.13125199E-02   4.30222601E-03
   5954.6322243743343        1.49962045E-02   4.15002275E-03
   5956.2204997211456        2.19515972E-02   4.31828154E-03
   5957.8088211130589        1.39437271E-02   4.06728778E-03
   5959.3971884109769        1.90023240E-02   4.25033038E-03
   5960.9856014758043        1.94368493E-02   4.20592399E-03
   5962.5740601684447        2.11192947E-02   4.27979184E-03
   5964.1625643498055        1.61347836E-02   4.13180236E-03
   5965.7511138807895        2.15105414E-02   4.27432591E-03
   5967.3397086223022        1.96843445E-02   4.21097549E-03
   5968.9283484352500        1.65766664E-02   4.18532500E-03
   5970.5170331805339        2.09924579E-02   4.27705795E-03
   5972.1057627190621        1.50837433E-02   4.16370481E-03
   5973.6945369117393        1.66261848E-02   4.24002251E-03
   5975.2833556194682        1.98523216E-02   4.25921753E-03
   5976.8722187031553        1.71087012E-02   4.19209013E-03
   5978.4611260237052        2.16203965E-02   4.30055568E-03
   5980.0500774420216        1.34809148E-02   4.12554201E-03
   5981.6390728190099        2.24181246E-02   4.35760571E-03
   5983.2281120155749        1.96796283E-02   4.19478724E-03
   5984.8171948926229        2.45275665E-02   4.30886121E-03
   5986.4063213110567        1.70909148E-02   4.15903516E-03
   5987.9954911317818        2.50923987E-02   4.33095591E-03
   5989.5847042157029        1.77732669E-02   4.15662630E-03
   5991.1739604237246        1.89172421E-02   4.23206529E-03
   5992.7632596167523        2.15658918E-02   4.29358892E-03
   5994.3526016556907        1.83129515E-02   4.17516148E-03
   5995.9419864014444        2.45581381E-02   4.35588090E-03
   5997.5314137149180        1.23971319E-02   4.13135299E-03
   5999.1208834570170        2.49699671E-02   4.32262104E-03
   6000.7103954886461        1.24769341E-02   4.04461101E-03
   6002.2999496707089        1.89292636E-02   4.25453018E-03
   6003.8895458641118        1.92603078E-02   4.27565817E-03
   6005.4791839297586        2.52140928E-02   4.39313939E-03
   6007.0688637285539        2.04568207E-02   4.30936320E-03
   6008.6585851214040        1.92662552E-02   4.23220312E-03
   6010.2483479692128        1.89473685E-02   4.21031099E-03
   6011.8381521328838        2.10475344E-02   4.29216819E-03
   6013.4279974733226        2.11328715E-02   4.29403223E-03
   6015.0178838514357        1.69865284E-02   4.20751143E-03
   6016.6078111281267        2.03979351E-02   4.24659532E-03
   6018.1977791643012        2.32113004E-02   4.34391573E-03
   6019.7877878208610        1.65775996E-02   4.11523879E-03
   6021.3778369587144        2.39491016E-02   4.32691025E-03
   6022.9679264387642        1.56428609E-02   4.14906861E-03
   6024.5580561219158        1.96216274E-02   4.22530482E-03
   6026.1482258690758        2.01883446E-02   4.27319575E-03
   6027.7384355411450        1.96962878E-02   4.28282237E-03
   6029.3286849990309        1.64985545E-02   4.26796451E-03
   6030.9189741036389        1.64679289E-02   4.22560191E-03
   6032.5093027158728        1.32509759E-02   4.10606433E-03
   6034.0996706966380        2.39818078E-02   4.37141955E-03
   6035.6900779068383        1.94972027E-02   4.31511970E-03
   6037.2805242073782        2.02658530E-02   4.32830630E-03
   6038.8710094591634        1.85097381E-02   4.24649054E-03
   6040.4615335231001        2.48191468E-02   4.42108652E-03
   6042.0520962600895        1.41324177E-02   4.18836856E-03
   6043.6426975310387        2.02871170E-02   4.26970096E-03
   6045.2333371968543        2.16547027E-02   4.39388491E-03
   6046.8240151184364        2.43835505E-02   4.43843566E-03
   6048.4147311566949        1.61658898E-02   4.21390822E-03
   6050.0054851725308        2.23196056E-02   4.36709914E-03
   6051.5962770268516        1.89710073E-02   4.33111703E-03
   6053.1871065805590        1.83090642E-02   4.35262173E-03
   6054.7779736945604        1.35666532E-02   4.11878945E-03
   6056.3688782297604        1.93835758E-02   4.28527314E-03
   6057.9598200470637        2.49128975E-02   4.42302413E-03
   6059.5507990073729        1.88932847E-02   4.34725778E-03
   6061.1418149715955        1.97394174E-02   4.34559723E-03
   6062.7328678006370        2.34275069E-02   4.42669820E-03
   6064.3239573553974        1.64178908E-02   4.23038332E-03
   6065.9150834967868        1.52077405E-02   4.19652602E-03
   6067.5062460857071        1.17625613E-02   4.16107383E-03
   6069.0974449830646        2.43570507E-02   4.49807337E-03
   6070.6886800497632        2.44473573E-02   4.45319293E-03
   6072.2799511467083        2.84986552E-02   4.56375256E-03
   6073.8712581348027        1.79366227E-02   4.31705965E-03
   6075.4626008749547        2.14871000E-02   4.36108978E-03
   6077.0539792280670        2.48327088E-02   4.49681096E-03
   6078.6453930550442        1.47747565E-02   4.22019046E-03
   6080.2368422167920        1.67547669E-02   4.25730273E-03
   6081.8283265742139        2.19350960E-02   4.36129142E-03
   6083.4198459882164        2.24362649E-02   4.43127099E-03
   6085.0114003197032        2.20168028E-02   4.39677574E-03
   6086.6029894295798        2.03156658E-02   4.38076910E-03
   6088.1946131787508        1.34746125E-02   4.14683763E-03
   6089.7862714281209        2.30891220E-02   4.40794881E-03
   6091.3779640385937        2.02092081E-02   4.31373483E-03
   6092.9696908710757        1.65329371E-02   4.31767805E-03
   6094.5614517864715        1.98950097E-02   4.34421282E-03
   6096.1532466456856        2.46538036E-02   4.50694235E-03
   6097.7450753096218        1.91191807E-02   4.34136344E-03
   6099.3369376391865        1.85425375E-02   4.38871654E-03
   6100.9288334952844        2.45334078E-02   4.46540443E-03
   6102.5207627388190        1.59339942E-02   4.23366437E-03
   6104.1127252306960        1.63142327E-02   4.24272334E-03
   6105.7047208318209        2.16400716E-02   4.36761929E-03
   6107.2967494030963        1.86976604E-02   4.35798196E-03
   6108.8888108054298        1.30941616E-02   4.23339149E-03
   6110.4809048997240        1.59015562E-02   4.30386839E-03
   6112.0730315468845        1.35442615E-02   4.22034366E-03
   6113.6651906078168        2.69119684E-02   4.61435365E-03
   6115.2573819434256        1.83695555E-02   4.41417284E-03
   6116.8496054146135        1.32772569E-02   4.20763157E-03
   6118.4418608822880        2.05119718E-02   4.42257477E-03
   6120.0341482073536        1.99856702E-02   4.34684288E-03
   6121.6264672507123        1.38228023E-02   4.17527510E-03
   6123.2188178732722        1.78287961E-02   4.38547181E-03
   6124.8111999359389        2.97011063E-02   4.56425315E-03
   6126.4036132996125        2.16994062E-02   4.48355358E-03
   6127.9960578252012        2.31411736E-02   4.50961571E-03
   6129.5885333736096        1.55198108E-02   4.30174917E-03
   6131.1810398057414        1.57603920E-02   4.31887526E-03
   6132.7735769825022        2.22220253E-02   4.53362102E-03
   6134.3661447647974        1.22043844E-02   4.19599330E-03
   6135.9587430135307        2.15286538E-02   4.39820904E-03
   6137.5513715896059        1.52035458E-02   4.24521277E-03
   6139.1440303539312        2.65837051E-02   4.55763051E-03
   6140.7367191674084        1.31272543E-02   4.20998223E-03
   6142.3294378909441        2.42923759E-02   4.54494916E-03
   6143.9221863854400        2.06530094E-02   4.45395010E-03
   6145.5149645118054        2.11061742E-02   4.51372983E-03
   6147.1077721309430        1.99926626E-02   4.50197468E-03
   6148.7006091037565        2.34711487E-02   4.55622468E-03
   6150.2934752911524        1.69971772E-02   4.41922573E-03
   6151.8863705540343        1.60672311E-02   4.39727074E-03
   6153.4792947533078        1.93193220E-02   4.47670603E-03
   6155.0722477498775        2.25702263E-02   4.54751123E-03
   6156.6652294046480        1.51369963E-02   4.41707345E-03
   6158.2582395785248        2.40450837E-02   4.61700652E-03
   6159.8512781324116        1.91244315E-02   4.40282281E-03
   6161.4443449272148        1.40243508E-02   4.23251931E-03
   6163.0374398238373        2.34193578E-02   4.45606094E-03
   6164.6305626831854        2.28951443E-02   4.53959918E-03
   6166.2237133661629        2.12998092E-02   4.50855959E-03
   6167.8168917336743        1.57117974E-02   4.36516106E-03
   6169.4100976466270        2.15745866E-02   4.52749338E-03
   6171.0033309659229        1.68933328E-02   4.35647182E-03
   6172.5965915524685        1.82479974E-02   4.51603672E-03
   6174.1898792671664        1.56504624E-02   4.44156909E-03
   6175.7831939709249        2.14851014E-02   4.54731565E-03
   6177.3765355246460        1.85242537E-02   4.52404981E-03
   6178.9699037892351        1.81986466E-02   4.43463773E-03
   6180.5632986255969        2.34235879E-02   4.64351429E-03
   6182.1567198946368        2.21911836E-02   4.57833614E-03
   6183.7501674572604        1.58066265E-02   4.43868898E-03
   6185.3436411743714        1.27822943E-02   4.39046044E-03
   6186.9371409068735        1.68490727E-02   4.51075425E-03
   6188.5306665156731        2.52045877E-02   4.76005534E-03
   6190.1242178616758        1.76306367E-02   4.50926414E-03
   6191.7177948057843        2.62372289E-02   4.75438545E-03
   6193.3113972089050        1.83300134E-02   4.57901042E-03
   6194.9050249319416        2.61273179E-02   4.80643939E-03
   6196.4986778357988        1.60400216E-02   4.53517260E-03
   6198.0923557813830        2.14135107E-02   4.65848157E-03
   6199.6860586295979        3.21642011E-02   4.97301808E-03
   6201.2797862413490        1.70006827E-02   4.59528388E-03
   6202.8735384775382        2.52308752E-02   4.79387166E-03
   6204.4673151990755        1.61827039E-02   4.66706650E-03
   6206.0611162668611        1.93665493E-02   4.64645680E-03
   6207.6549415418021        2.23880354E-02   4.80123330E-03
   6209.2487908848016        2.17851028E-02   4.77124238E-03
   6210.8426641567676        2.28907522E-02   4.83593438E-03
   6212.4365612186011        1.41281383E-02   4.54511959E-03
   6214.0304819312087        1.62860639E-02   4.64935694E-03
   6215.6244261554975        2.71199979E-02   4.92880726E-03
   6217.2183937523669        2.80947257E-02   4.87348903E-03
   6218.8123845827276        1.35955866E-02   4.54489328E-03
   6220.4063985074799        1.70237571E-02   4.73739207E-03
   6222.0004353875302        1.80402603E-02   4.82265512E-03
   6223.5944950837838        1.81943998E-02   4.74515464E-03
   6225.1885774571456        2.78725252E-02   4.95213689E-03
   6226.7826823685191        2.07143445E-02   4.75664157E-03
   6228.3768096788108        1.67289376E-02   4.67858650E-03
   6229.9709592489235        1.22330636E-02   4.53247596E-03
   6231.5651309397635        2.25962587E-02   4.79275314E-03
   6233.1593246122366        2.59413719E-02   5.03621716E-03
   6234.7535401272453        1.99599657E-02   5.02224220E-03
   6236.3477773456952        1.86160933E-02   4.96688252E-03
   6237.9420361284920        2.35824808E-02   5.05695958E-03
   6239.5363163365391        2.43061334E-02   5.05227642E-03
   6241.1306178307432        2.59785075E-02   5.05875982E-03
   6242.7249404720060        1.97454877E-02   4.94731730E-03
   6244.3192841212358        2.21707299E-02   4.88690659E-03
   6245.9136486393354        2.51516588E-02   4.99530463E-03
   6247.5080338872094        2.12828722E-02   4.92091756E-03
   6249.1024397257643        2.56179534E-02   5.03072748E-03
   6250.6968660159027        2.39001438E-02   5.03310328E-03
   6252.2913126185313        2.47648172E-02   5.03467489E-03
   6253.8857793945554        1.92991011E-02   4.90037818E-03
   6255.4802662048760        2.00235080E-02   5.01624262E-03
   6257.0747729104023        1.98741630E-02   5.09301573E-03
   6258.6692993720371        2.77897157E-02   5.24434494E-03
   6260.2638454506841        1.73094291E-02   4.99294186E-03
   6261.8584110072516        2.62614414E-02   5.22073219E-03
   6263.4529959026413        1.95497200E-02   5.06366603E-03
   6265.0475999977580        2.36508083E-02   5.19466214E-03
   6266.6422231535080        2.19630431E-02   5.16432431E-03
   6268.2368652307960        2.18308251E-02   5.12336940E-03
   6269.8315260905256        2.93811578E-02   5.30296657E-03
   6271.4262055936024        2.23306809E-02   5.20109525E-03
   6273.0209036009328        1.92665830E-02   5.09170908E-03
   6274.6156199734187        3.10140215E-02   5.35817072E-03
   6276.2103545719665        2.63264719E-02   5.24745230E-03
   6277.8051072574799        1.61265694E-02   4.99530928E-03
   6279.3998778908654        1.01325149E-02   4.82909800E-03
   6280.9946663330256        2.06188019E-02   5.10249101E-03
   6282.5894724448681        2.04110257E-02   5.24098752E-03
   6284.1842960872973        2.02794988E-02   5.21268928E-03
   6285.7791371212152        2.00662408E-02   5.32769179E-03
   6287.3739954075272        2.64202077E-02   5.53575018E-03
   6288.9688708071408        2.73714438E-02   5.54890232E-03
   6290.5637631809595        2.44666226E-02   5.43782720E-03
