   3855.2255423012525        1.43315094E-02   6.22555288E-03
   3856.6155842213743        2.46552508E-02   6.24720240E-03
   3858.0058653897231        2.76044793E-02   6.19018730E-03
   3859.3963856672053        2.46677324E-02   6.03407621E-03
   3860.7871449147242        2.13264376E-02   5.95171703E-03
   3862.1781429931857        2.10377835E-02   6.22163946E-03
   3863.5693797634940        1.98783837E-02   6.34752400E-03
   3864.9608550865546        2.40974557E-02   6.46538893E-03
   3866.3525688232712        2.82319039E-02   6.59454847E-03
   3867.7445208345503        3.17621827E-02   6.49722526E-03
   3869.1367109812959        4.28309292E-02   6.55893236E-03
   3870.5291391244127        2.42324863E-02   5.90806361E-03
   3871.9218051248054        3.58684175E-02   6.25354983E-03
   3873.3147088433798        2.78060343E-02   6.05321676E-03
   3874.7078501410401        2.87607759E-02   6.31258311E-03
   3876.1012288786910        2.05447171E-02   6.20482257E-03
   3877.4948449172380        2.79657971E-02   6.15551556E-03
   3878.8886981175851        2.73679122E-02   6.03362173E-03
   3880.2827883406376        2.47553680E-02   5.69402752E-03
   3881.6771154473008        1.79744326E-02   5.61132934E-03
   3883.0716792984795        2.42563263E-02   5.83184510E-03
   3884.4664797550772        2.48262230E-02   5.72541356E-03
   3885.8615166780010        2.26740949E-02   5.72726736E-03
   3887.2567899281535        3.13579105E-02   5.93744218E-03
   3888.6522993664412        1.91301052E-02   5.34925563E-03
   3890.0480448537683        1.64355226E-02   5.47329988E-03
   3891.4440262510393        2.27774698E-02   5.78613393E-03
   3892.8402434191598        1.93674192E-02   5.85404597E-03
   3894.2366962190345        2.82136500E-02   6.08894043E-03
   3895.6333845115682        1.81371197E-02   5.71332453E-03
   3897.0303081576658        2.51893569E-02   5.93632087E-03
   3898.4274670182317        3.04283779E-02   6.09674817E-03
   3899.8248609541711        3.30329798E-02   6.19046716E-03
   3901.2224898263894        2.19855197E-02   5.67167718E-03
   3902.6203534957904        1.76543016E-02   5.56356972E-03
   3904.0184518232795        2.38708761E-02   5.59041277E-03
   3905.4167846697615        3.93750370E-02   6.03595562E-03
   3906.8153518961417        2.38733198E-02   5.65599557E-03
   3908.2141533633244        2.62875855E-02   5.85092884E-03
   3909.6131889322151        1.58584323E-02   5.61350631E-03
   3911.0124584637174        1.45238554E-02   5.72775537E-03
   3912.4119618187374        1.93028171E-02   5.74288238E-03
   3913.8116988581796        2.50770058E-02   5.91249345E-03
   3915.2116694429492        2.53282338E-02   5.85878827E-03
   3916.6118734339502        2.73033828E-02   5.80289587E-03
   3918.0123106920878        1.92738418E-02   5.52708190E-03
   3919.4129810782674        2.54933145E-02   5.61880460E-03
   3920.8138844533933        2.63209343E-02   5.39938780E-03
   3922.2150206783704        1.73001345E-02   5.16087282E-03
   3923.6163896141038        1.90705527E-02   5.08361589E-03
   3925.0179911214982        2.33930442E-02   5.26943477E-03
   3926.4198250614581        1.21822134E-02   4.84647509E-03
   3927.8218912948896        1.51155703E-02   4.59644711E-03
   3929.2241896826963        2.67034899E-02   4.73256316E-03
   3930.6267200857833        1.70185063E-02   4.10800986E-03
   3932.0294823650561        1.60633605E-02   3.86352954E-03
   3933.4324763814188        2.32082456E-02   4.04005637E-03
   3934.8357019957766        1.94316357E-02   3.82517185E-03
   3936.2391590690345        1.47620067E-02   3.89738218E-03
   3937.6428474620971        2.02610809E-02   4.29794565E-03
   3939.0467670358694        2.71939412E-02   4.77633299E-03
   3940.4509176512565        2.16260049E-02   4.80448781E-03
   3941.8552991691627        2.48323865E-02   4.92467824E-03
   3943.2599114504933        2.25818753E-02   4.91136964E-03
   3944.6647543561530        3.31595689E-02   5.27407881E-03
   3946.0698277470465        2.28878856E-02   5.10357134E-03
   3947.4751314840787        2.61053871E-02   5.19912736E-03
   3948.8806654281552        2.96078958E-02   5.45696076E-03
   3950.2864294401797        2.70628911E-02   5.38402330E-03
   3951.6924233810582        1.90491695E-02   5.17687527E-03
   3953.0986471116948        2.84536090E-02   5.48923947E-03
   3954.5051004929946        2.92625614E-02   5.52008534E-03
   3955.9117833858622        3.10803335E-02   5.43407304E-03
   3957.3186956512031        2.33349279E-02   5.33293374E-03
   3958.7258371499211        1.96176786E-02   5.20107569E-03
   3960.1332077429224        2.08613537E-02   5.04741631E-03
   3961.5408072911105        2.64035854E-02   5.02183614E-03
   3962.9486356553916        3.10395677E-02   4.89660865E-03
   3964.3566926966691        2.45598648E-02   4.54809284E-03
   3965.7649782758494        2.45774183E-02   4.36726632E-03
   3967.1734922538367        2.33820789E-02   4.04099515E-03
   3968.5822344915350        2.30689105E-02   3.96402134E-03
   3969.9912048498504        2.86264531E-02   4.17881506E-03
   3971.4004031896875        3.11391503E-02   4.37005423E-03
   3972.8098293719509        3.17713358E-02   4.67881607E-03
   3974.2194832575456        1.90505926E-02   4.52053221E-03
   3975.6293647073767        1.97290126E-02   4.77179978E-03
   3977.0394735823479        2.63685901E-02   5.11094648E-03
   3978.4498097433657        2.40026340E-02   5.26270270E-03
   3979.8603730513332        2.83313729E-02   5.37563534E-03
   3981.2711633671570        2.63424888E-02   5.45885134E-03
   3982.6821805517411        2.74159256E-02   5.44464076E-03
   3984.0934244659907        1.86563991E-02   5.09669585E-03
   3985.5048949708103        2.94014085E-02   5.38836652E-03
   3986.9165919271049        2.08667070E-02   5.22877229E-03
   3988.3285151957793        2.85936836E-02   5.46634663E-03
   3989.7406646377385        2.20290050E-02   5.39583014E-03
   3991.1530401138875        2.73994692E-02   5.51209087E-03
   3992.5656414851310        2.43121106E-02   5.44133317E-03
   3993.9784686123735        1.47174587E-02   5.25431195E-03
   3995.3915213565201        1.83445662E-02   5.23883011E-03
   3996.8047995784755        1.93554610E-02   5.23963058E-03
   3998.2183031391455        2.26306394E-02   5.36240730E-03
   3999.6320318994340        1.22581497E-02   5.11998963E-03
   4001.0459857202463        1.72027592E-02   5.35919610E-03
   4002.4601644624863        1.71425305E-02   5.41348010E-03
   4003.8745679870603        2.46821493E-02   5.39864646E-03
   4005.2891961548730        1.90872531E-02   5.18272212E-03
   4006.7040488268281        2.48632953E-02   5.33871725E-03
   4008.1191258638314        2.62046456E-02   5.39021520E-03
   4009.5344271267873        1.64963324E-02   5.22000715E-03
   4010.9499524766011        1.77468862E-02   5.39191812E-03
   4012.3657017741771        1.06560411E-02   5.23342425E-03
   4013.7816748804207        2.16192901E-02   5.48223639E-03
   4015.1978716562367        1.92086883E-02   5.42458426E-03
   4016.6142919625295        2.10225638E-02   5.37669426E-03
   4018.0309356602047        2.58213952E-02   5.57402289E-03
   4019.4478026101665        3.01934704E-02   5.62056527E-03
   4020.8648926733199        2.31597070E-02   5.48759894E-03
   4022.2822057105705        3.15313749E-02   5.67317801E-03
   4023.6997415828218        1.60044748E-02   5.31566376E-03
   4025.1175001509796        2.03142017E-02   5.35811437E-03
   4026.5354812759488        3.39024737E-02   5.66182192E-03
   4027.9536848186335        2.22842842E-02   5.42378286E-03
   4029.3721106399398        1.28267789E-02   5.23111504E-03
   4030.7907586007714        3.23135853E-02   5.46964025E-03
   4032.2096285620332        1.75757576E-02   4.99554118E-03
   4033.6287203846314        1.98884252E-02   5.01665054E-03
   4035.0480339294695        2.47425009E-02   5.25712874E-03
   4036.4675690574527        2.58546397E-02   5.42797614E-03
   4037.8873256294860        1.42786866E-02   5.28658880E-03
   4039.3073035064745        1.30599523E-02   5.27602807E-03
   4040.7275025493223        2.53642425E-02   5.53639699E-03
   4042.1479226189354        2.54621897E-02   5.43271005E-03
   4043.5685635762175        2.22588480E-02   5.20505989E-03
   4044.9894252820741        2.05000527E-02   5.00748260E-03
   4046.4105075974098        2.14140695E-02   5.03172725E-03
   4047.8318103831302        2.07202323E-02   5.04326634E-03
   4049.2533335001390        2.43026596E-02   5.40218502E-03
   4050.6750768093420        3.00837308E-02   5.54461451E-03
   4052.0970401716431        1.10106664E-02   5.12421085E-03
   4053.5192234479482        1.70942582E-02   5.23615442E-03
   4054.9416264991619        1.83248278E-02   5.11499913E-03
   4056.3642491861883        1.35456724E-02   4.95673018E-03
   4057.7870913699330        1.99039318E-02   5.08541660E-03
   4059.2101529113011        2.79779900E-02   5.35457674E-03
   4060.6334336711966        1.11920852E-02   4.94817691E-03
   4062.0569335105251        2.75036618E-02   5.27517963E-03
   4063.4806522901913        1.54596101E-02   4.90058260E-03
   4064.9045898710997        2.47786492E-02   5.06736152E-03
   4066.3287461141554        2.44805124E-02   5.12539130E-03
   4067.7531208802639        2.46574786E-02   5.24336891E-03
   4069.1777140303284        2.24990305E-02   5.20848576E-03
   4070.6025254252559        1.83852613E-02   5.08514512E-03
   4072.0275549259495        1.11997202E-02   4.92227124E-03
   4073.4528023933149        2.00406276E-02   5.06145367E-03
   4074.8782676882561        2.09546071E-02   5.14023378E-03
   4076.3039506716796        2.36993730E-02   5.14802942E-03
   4077.7298512044890        1.97477415E-02   5.01699839E-03
   4079.1559691475895        1.53436642E-02   4.90057655E-03
   4080.5823043618857        1.73899587E-02   5.10064512E-03
   4082.0088567082835        2.17559040E-02   5.26057463E-03
   4083.4356260476861        2.30115224E-02   5.24594402E-03
   4084.8626122409996        2.89198756E-02   5.38862310E-03
   4086.2898151491286        2.77489852E-02   5.30141126E-03
   4087.7172346329776        2.76715588E-02   5.40910289E-03
   4089.1448705534522        2.39044968E-02   5.44599909E-03
   4090.5727227714560        2.19951533E-02   5.33030042E-03
   4092.0007911478951        2.63710171E-02   5.37511660E-03
   4093.4290755436737        2.57680900E-02   5.32160467E-03
   4094.8575758196971        1.88998934E-02   5.12590306E-03
   4096.2862918368701        3.09267901E-02   5.31441858E-03
   4097.7152234560972        2.40444075E-02   5.08379377E-03
   4099.1443705382835        2.96687651E-02   5.04996674E-03
   4100.5737329443336        1.91730335E-02   4.73628752E-03
   4102.0033105351531        2.62432583E-02   4.74479469E-03
   4103.4331031716456        1.55332908E-02   4.53480985E-03
   4104.8631107147166        1.92222241E-02   4.85456502E-03
   4106.2933330252717        1.70636326E-02   4.89133224E-03
   4107.7237699642146        2.64471993E-02   5.19882981E-03
   4109.1544213924517        3.41247879E-02   5.35044027E-03
   4110.5852871708867        1.81826428E-02   4.99710906E-03
   4112.0163671604241        1.95986535E-02   5.01549710E-03
   4113.4476612219696        1.69398710E-02   5.08309435E-03
   4114.8791692164268        1.68610197E-02   5.09504415E-03
   4116.3108910047022        2.33685207E-02   5.24411630E-03
   4117.7428264477003        2.79846657E-02   5.32808527E-03
   4119.1749754063248        2.46722661E-02   5.22361184E-03
   4120.6073377414823        2.17334162E-02   5.11701684E-03
   4122.0399133140763        2.50222255E-02   5.18065272E-03
   4123.4727019850125        2.55330633E-02   5.22884214E-03
   4124.9057036151944        2.18883231E-02   5.14046848E-03
   4126.3389180655295        1.97213292E-02   5.11183916E-03
   4127.7723451969196        2.50658374E-02   5.14262076E-03
   4129.2059848702711        2.93811802E-02   5.28061669E-03
   4130.6398369464896        2.61804126E-02   5.10927709E-03
   4132.0739012864788        9.90024395E-03   4.70496155E-03
   4133.5081777511441        2.50089206E-02   4.97759413E-03
   4134.9426662013884        3.13743092E-02   5.17480727E-03
   4136.3773664981209        1.20519027E-02   4.83598467E-03
   4137.8122785022415        3.40662375E-02   5.41246403E-03
   4139.2474020746595        2.70601399E-02   5.32938074E-03
   4140.6827370762758        2.38464307E-02   5.21494681E-03
   4142.1182833679977        1.49883768E-02   4.88133030E-03
   4143.5540408107308        1.70125067E-02   4.82730940E-03
   4144.9900092653770        1.90886594E-02   4.83140023E-03
   4146.4261885928436        2.83942204E-02   5.09619247E-03
   4147.8625786540342        2.12153140E-02   5.00741182E-03
   4149.2991793098545        2.44272836E-02   5.10920538E-03
   4150.7359904212090        2.14459486E-02   5.04052313E-03
   4152.1730118490023        1.49575630E-02   4.84278146E-03
   4153.6102434541408        8.58850498E-03   4.65447875E-03
   4155.0476850975265        1.72423795E-02   4.83502261E-03
   4156.4853366400666        1.92877427E-02   4.81603155E-03
   4157.9231979426659        2.37602312E-02   4.95119859E-03
   4159.3612688662270        2.08238717E-02   5.03643695E-03
   4160.7995492716582        1.98582560E-02   5.00969775E-03
   4162.2380390198605        1.18404320E-02   4.91998810E-03
   4163.6767379717421        1.60056539E-02   5.01329731E-03
   4165.1156459882068        2.34882366E-02   5.13523025E-03
   4166.5547629301582        2.66471673E-02   5.15919318E-03
   4167.9940886585027        1.98781863E-02   5.03091142E-03
   4169.4336230341441        2.38680281E-02   5.04027121E-03
   4170.8733659179888        1.84655543E-02   4.87160590E-03
   4172.3133171709396        1.72447748E-02   4.79479134E-03
   4173.7534766539029        1.79481748E-02   4.75087622E-03
   4175.1938442277833        2.44826730E-02   4.91441414E-03
   4176.6344197534845        1.79959722E-02   4.75430349E-03
   4178.0752030919139        2.05504782E-02   4.86533856E-03
   4179.5161941039742        1.69564020E-02   4.82715340E-03
   4180.9573926505700        2.15191171E-02   4.92837373E-03
   4182.3987985926078        1.87628940E-02   4.84388042E-03
   4183.8404117909913        2.49074809E-02   4.88915388E-03
   4185.2822321066260        1.89184193E-02   4.79799509E-03
   4186.7242594004165        1.89531911E-02   4.79384884E-03
   4188.1664935332674        2.66423486E-02   4.91397455E-03
   4189.6089343660833        2.44852509E-02   4.83497232E-03
   4191.0515817597707        2.27008257E-02   4.97907540E-03
   4192.4944355752332        2.52319984E-02   5.01350453E-03
   4193.9374956733755        1.61511041E-02   4.81740432E-03
   4195.3807619151021        1.18378997E-02   4.67102090E-03
   4196.8242341613195        2.12136153E-02   4.79308469E-03
   4198.2679122729305        1.80313028E-02   4.57651541E-03
   4199.7117961108415        2.19958965E-02   4.69867652E-03
   4201.1558855359572        1.51097812E-02   4.48294962E-03
   4202.6001804091820        1.79004148E-02   4.68815165E-03
   4204.0446805914216        1.76342838E-02   4.67755971E-03
   4205.4893859435797        1.97599381E-02   4.81163058E-03
   4206.9342963265608        3.26954648E-02   5.12208464E-03
   4208.3794116012723        1.89792756E-02   4.84064268E-03
   4209.8247316286161        2.71933153E-02   5.01364889E-03
   4211.2702562694985        1.99410673E-02   4.84182779E-03
   4212.7159853848243        1.42536629E-02   4.73115314E-03
   4214.1619188354989        2.63148043E-02   4.95295273E-03
   4215.6080564824260        2.20405366E-02   4.82652290E-03
   4217.0543981865112        2.35611405E-02   4.79616132E-03
   4218.5009438086590        2.50393189E-02   4.87878779E-03
   4219.9476932097741        1.31318700E-02   4.67740372E-03
   4221.3946462507620        1.57978982E-02   4.75444924E-03
   4222.8418027925272        2.56259870E-02   4.93948953E-03
   4224.2891626959754        2.90827844E-02   4.81305225E-03
   4225.7367258220102        2.12039780E-02   4.35545063E-03
   4227.1844920315361        2.31766663E-02   4.38400544E-03
   4228.6324611854598        1.64744984E-02   4.35735844E-03
   4230.0806331446838        1.99104138E-02   4.69119987E-03
   4231.5290077701156        3.18349712E-02   5.02228923E-03
   4232.9775849226589        2.36380454E-02   4.79799975E-03
   4234.4263644632183        2.60201991E-02   4.72971378E-03
   4235.8753462526984        2.43372489E-02   4.64078039E-03
   4237.3245301520046        2.88384277E-02   4.72723227E-03
   4238.7739160220417        1.93927363E-02   4.48757270E-03
   4240.2235037237151        2.50201132E-02   4.74091386E-03
   4241.6732931179276        2.33419575E-02   4.73200390E-03
   4243.1232840655866        2.31053121E-02   4.73504141E-03
   4244.5734764275958        2.57761870E-02   4.80303075E-03
   4246.0238700648606        2.61669401E-02   4.77696303E-03
   4247.4744648382848        1.68139059E-02   4.58713388E-03
   4248.9252606087730        1.74808316E-02   4.44481289E-03
   4250.3762572372325        2.18030754E-02   4.52018948E-03
   4251.8274545845661        2.21836977E-02   4.57859505E-03
   4253.2788525116785        3.04302443E-02   4.73991316E-03
   4254.7304508794768        2.02087592E-02   4.56553791E-03
   4256.1822495488632        2.16048583E-02   4.58276179E-03
   4257.6342483807439        2.25509387E-02   4.58132895E-03
   4259.0864472360227        1.34391673E-02   4.35180729E-03
   4260.5388459756059        1.80199519E-02   4.32272116E-03
   4261.9914444603983        2.00086795E-02   4.38226247E-03
   4263.4442425513034        2.25685928E-02   4.56962595E-03
   4264.8972401092269        2.05850359E-02   4.65175835E-03
   4266.3504369950742        1.98353734E-02   4.61141113E-03
   4267.8038330697500        2.58411001E-02   4.71520517E-03
   4269.2574281941570        2.02356465E-02   4.49767988E-03
   4270.7112222292035        2.29047351E-02   4.41157119E-03
   4272.1652150357922        1.42575204E-02   4.11627302E-03
   4273.6194064748279        1.25074936E-02   4.04401496E-03
   4275.0737964072168        2.25551017E-02   4.42473032E-03
   4276.5283846938619        1.77405979E-02   4.36026137E-03
   4277.9831711956704        1.38915824E-02   4.37228428E-03
   4279.4381557735451        2.55933534E-02   4.62982012E-03
   4280.8933382883915        2.97432002E-02   4.67072334E-03
   4282.3487186011153        2.08738446E-02   4.50686412E-03
   4283.8042965726199        2.75579691E-02   4.59606526E-03
   4285.2600720638120        2.23758128E-02   4.47534863E-03
   4286.7160449355952        2.73406915E-02   4.52776020E-03
   4288.1722150488731        1.71965491E-02   4.27696807E-03
   4289.6285822645541        1.83470678E-02   4.28143190E-03
   4291.0851464435400        2.43050382E-02   4.36886027E-03
   4292.5419074467363        2.28221342E-02   4.36335057E-03
   4293.9988651350486        1.67587977E-02   4.30969615E-03
   4295.4560193693815        1.89592466E-02   4.34033433E-03
   4296.9133700106395        1.44422408E-02   4.15029377E-03
   4298.3709169197282        1.48020508E-02   3.92271159E-03
   4299.8286599575522        2.24577300E-02   4.08070302E-03
   4301.2865989850152        2.81395260E-02   4.06084396E-03
   4302.7447338630227        2.78444849E-02   4.12913226E-03
   4304.2030644524812        2.20473818E-02   3.99481319E-03
   4305.6615906142933        1.65119190E-02   3.85907013E-03
   4307.1203122093648        1.99311040E-02   3.89402057E-03
   4308.5792290986010        1.41954813E-02   3.71746882E-03
   4310.0383411429066        9.51527338E-03   3.59102525E-03
   4311.4976482031861        1.43718105E-02   3.81686632E-03
   4312.9571501403434        1.30349500E-02   3.95114161E-03
   4314.4168468152848        2.11776588E-02   4.34197113E-03
   4315.8767380889158        2.05160305E-02   4.50949976E-03
   4317.3368238221392        2.60669421E-02   4.69621690E-03
   4318.7971038758615        2.19200086E-02   4.74744197E-03
   4320.2575781109863        2.23674458E-02   4.67280811E-03
   4321.7182463884183        1.69528034E-02   4.44606366E-03
   4323.1791085690647        2.36734729E-02   4.39422112E-03
   4324.6401645138285        1.79995969E-02   4.09454526E-03
   4326.1014140836151        1.67696960E-02   4.04818589E-03
   4327.5628571393281        1.97117832E-02   4.26701689E-03
   4329.0244935418750        2.72619016E-02   4.55338228E-03
   4330.4863231521585        2.71070953E-02   4.70776390E-03
   4331.9483458310833        2.21222397E-02   4.56545362E-03
   4333.4105614395557        2.56223790E-02   4.63837152E-03
   4334.8729698384795        2.12613326E-02   4.55920491E-03
   4336.3355708887611        1.90877710E-02   4.38019913E-03
   4337.7983644513024        1.89618412E-02   4.23817337E-03
   4339.2613503870116        2.48796642E-02   4.13812231E-03
   4340.7245285567915        1.92940738E-02   4.00727848E-03
   4342.1878988215467        2.18385011E-02   4.08450095E-03
   4343.6514610421837        2.19907090E-02   4.24768543E-03
   4345.1152150796070        2.63200738E-02   4.42810496E-03
   4346.5791607947194        2.39804089E-02   4.42782789E-03
   4348.0432980484284        2.38883626E-02   4.57810052E-03
   4349.5076267016375        1.00370552E-02   4.19663824E-03
   4350.9721466152523        1.53935589E-02   4.23022732E-03
   4352.4368576501774        2.29942631E-02   4.33746353E-03
   4353.9017596673175        2.83281077E-02   4.39723162E-03
   4355.3668525275771        2.01088022E-02   4.40971181E-03
   4356.8321360918608        1.73395518E-02   4.38221497E-03
   4358.2976102210750        1.51916388E-02   4.26689070E-03
   4359.7632747761227        1.90417692E-02   4.39759763E-03
   4361.2291296179101        2.10587010E-02   4.45844140E-03
   4362.6951746073419        1.61714256E-02   4.39223647E-03
   4364.1614096053227        1.60985868E-02   4.41794842E-03
   4365.6278344727571        2.50809230E-02   4.54291655E-03
   4367.0944490705515        2.18235329E-02   4.41563409E-03
   4368.5612532596078        1.59432311E-02   4.29719267E-03
   4370.0282469008334        2.08392944E-02   4.39508958E-03
   4371.4954298551329        1.71363074E-02   4.28751297E-03
   4372.9628019834099        2.02822760E-02   4.29567741E-03
   4374.4303631465700        1.81620326E-02   4.20362782E-03
   4375.8981132055178        2.05656197E-02   4.23468836E-03
   4377.3660520211588        2.32283492E-02   4.35139844E-03
   4378.8341794543976        2.24723425E-02   4.33247630E-03
   4380.3024953661388        2.41646189E-02   4.35728626E-03
   4381.7709996172871        1.97602883E-02   4.18192707E-03
   4383.2396920687479        1.79017540E-02   3.92484991E-03
   4384.7085725814259        1.87923871E-02   3.93067906E-03
   4386.1776410162256        1.28933052E-02   3.81651055E-03
   4387.6468972340517        1.79605428E-02   4.14794544E-03
   4389.1163410958106        1.80887431E-02   4.16193670E-03
   4390.5859724624061        1.65863410E-02   4.07540984E-03
   4392.0557911947417        1.95905939E-02   4.23799967E-03
   4393.5257971537249        1.52293025E-02   4.11383342E-03
   4394.9959902002583        1.77389756E-02   4.19728644E-03
   4396.4663701952477        1.60096083E-02   4.19228896E-03
   4397.9369369995984        1.22309504E-02   4.10521962E-03
   4399.4076904742151        2.37347018E-02   4.36262181E-03
   4400.8786304800024        1.42934928E-02   4.14942531E-03
   4402.3497568778648        1.89028308E-02   4.18837834E-03
   4403.8210695287071        2.60128062E-02   4.31622332E-03
   4405.2925682934356        2.51292512E-02   4.27354639E-03
   4406.7642530329540        1.65658854E-02   4.07754257E-03
   4408.2361236081670        1.67319290E-02   4.14939504E-03
   4409.7081798799791        2.14789454E-02   4.32393188E-03
   4411.1804217092968        1.68945808E-02   4.36129421E-03
   4412.6528489570228        2.41373796E-02   4.50538611E-03
   4414.1254614840645        1.54482676E-02   4.28346545E-03
   4415.5982591513248        1.67802442E-02   4.26769629E-03
   4417.0712418197099        1.61065608E-02   4.16313531E-03
   4418.5444093501228        1.35726966E-02   4.19637002E-03
   4420.0177616034707        1.87041145E-02   4.39913804E-03
   4421.4912984406565        1.67380944E-02   4.31282725E-03
   4422.9650197225856        2.24618558E-02   4.43043746E-03
   4424.4389253101644        1.44598372E-02   4.26586997E-03
   4425.9130150642950        1.43744582E-02   4.23877221E-03
   4427.3872888458845        2.11756900E-02   4.38394677E-03
   4428.8617465158368        2.28291117E-02   4.42297105E-03
   4430.3363879350572        2.06215475E-02   4.32348950E-03
   4431.8112129644496        1.26676392E-02   4.21014009E-03
   4433.2862214649203        2.20416524E-02   4.33370471E-03
   4434.7614132973731        1.50423953E-02   4.10623290E-03
   4436.2367883227134        1.09714950E-02   4.05217707E-03
   4437.7123464018459        2.68877856E-02   4.46700258E-03
   4439.1880873956752        1.12583758E-02   4.18801792E-03
   4440.6640111651068        1.81390475E-02   4.34003957E-03
   4442.1401175710444        2.18607932E-02   4.30467632E-03
   4443.6164064743944        2.12970767E-02   4.37023770E-03
   4445.0928777360605        7.49000534E-03   4.04521544E-03
   4446.5695312169482        2.28547826E-02   4.44332231E-03
   4448.0463667779613        1.10511463E-02   4.24665678E-03
   4449.5233842800062        2.02668123E-02   4.42396617E-03
   4451.0005835839866        2.63959877E-02   4.51139268E-03
   4452.4779645508088        1.58536471E-02   4.23034420E-03
   4453.9555270413757        1.73514765E-02   4.18804446E-03
   4455.4332709165938        2.56483033E-02   4.31362446E-03
   4456.9111960373675        2.05944162E-02   4.16739890E-03
   4458.3893022645998        2.38316134E-02   4.22026729E-03
   4459.8675894591988        2.68324651E-02   4.31565568E-03
   4461.3460574820674        2.56329086E-02   4.32285201E-03
   4462.8247061941101        2.21966822E-02   4.30019619E-03
   4464.3035354562326        1.91929843E-02   4.27887915E-03
   4465.7825451293402        2.15089340E-02   4.35344456E-03
   4467.2617350743376        2.11698469E-02   4.34159813E-03
   4468.7411051521294        1.72482971E-02   4.25118394E-03
   4470.2206552236185        2.01668981E-02   4.28892113E-03
   4471.7003851497138        1.78246330E-02   4.29339567E-03
   4473.1802947913166        1.26806963E-02   4.25851764E-03
   4474.6603840093339        1.65129825E-02   4.37597046E-03
   4476.1406526646697        1.92926563E-02   4.46581421E-03
   4477.6211006182275        2.53439229E-02   4.55084210E-03
   4479.1017277309156        2.14775652E-02   4.45934944E-03
   4480.5825338636369        2.74216738E-02   4.40521445E-03
   4482.0635188772949        2.11348590E-02   4.31700703E-03
   4483.5446826327961        2.10268050E-02   4.37138742E-03
   4485.0260249910461        1.73249338E-02   4.34166379E-03
   4486.5075458129477        2.08753739E-02   4.45827749E-03
   4487.9892449594063        2.03803591E-02   4.40217461E-03
   4489.4711222913293        2.12564506E-02   4.34456812E-03
   4490.9531776696176        2.81372257E-02   4.52715484E-03
   4492.4354109551787        2.48379856E-02   4.49869083E-03
   4493.9178220089170        2.55941283E-02   4.47891746E-03
   4495.4004106917373        1.68699883E-02   4.27766936E-03
   4496.8831768645432        2.04478800E-02   4.34473855E-03
   4498.3661203882411        2.54401863E-02   4.50937124E-03
   4499.8492411237357        1.85470749E-02   4.36313823E-03
   4501.3325389319316        2.61001494E-02   4.55672201E-03
   4502.8160136737333        2.09375955E-02   4.40830691E-03
   4504.2996652100464        2.41865423E-02   4.54909587E-03
   4505.7834934017746        1.86532382E-02   4.46982216E-03
   4507.2674981098244        2.30571795E-02   4.56455909E-03
   4508.7516791950993        2.31468156E-02   4.53194557E-03
   4510.2360365185050        2.26874202E-02   4.50512534E-03
   4511.7205699409451        1.93353407E-02   4.42766491E-03
   4513.2052793233270        1.87439360E-02   4.40888992E-03
   4514.6901645265525        2.28953809E-02   4.42840206E-03
   4516.1752254115281        2.35152412E-02   4.43862285E-03
   4517.6604618391584        1.73278395E-02   4.37434670E-03
   4519.1458736703489        1.79490875E-02   4.39234311E-03
   4520.6314607660042        1.87704936E-02   4.35168948E-03
   4522.1172229870272        1.76825002E-02   4.36718389E-03
   4523.6031601943250        2.21672356E-02   4.43293946E-03
   4525.0892722488024        2.22452842E-02   4.38587880E-03
   4526.5755590113640        1.58546995E-02   4.15251125E-03
   4528.0620203429144        1.99811812E-02   4.22296440E-03
   4529.5486561043581        2.70225275E-02   4.31292411E-03
   4531.0354661565998        9.24395304E-03   4.04076697E-03
   4532.5224503605459        2.04724632E-02   4.27629426E-03
   4534.0096085770992        1.70366950E-02   4.20383643E-03
   4535.4969406671662        2.52159853E-02   4.37307730E-03
   4536.9844464916514        1.71422586E-02   4.20198916E-03
   4538.4721259114585        1.57270562E-02   4.27495036E-03
   4539.9599787874940        2.44592484E-02   4.48655058E-03
   4541.4480049806625        2.29119267E-02   4.43502748E-03
   4542.9362043518686        2.20289603E-02   4.41539800E-03
   4544.4245767620150        1.83246341E-02   4.32166504E-03
   4545.9131220720110        2.07959078E-02   4.38026665E-03
   4547.4018401427566        2.16978583E-02   4.34524892E-03
   4548.8907308351609        1.36860041E-02   4.16074926E-03
   4550.3797940101267        1.76516641E-02   4.25724685E-03
   4551.8690295285578        1.51175326E-02   4.14987979E-03
   4553.3584372513624        1.53782498E-02   4.19217022E-03
   4554.8480170394414        1.55858463E-02   4.17043222E-03
   4556.3377687537022        2.55188569E-02   4.40481631E-03
   4557.8276922550494        1.58649441E-02   4.24297433E-03
   4559.3177874043877        1.47624435E-02   4.30487376E-03
   4560.8080540626215        2.15702076E-02   4.40514600E-03
   4562.2984920906556        1.68922842E-02   4.33459273E-03
   4563.7891013493954        1.90767366E-02   4.31461446E-03
   4565.2798816997456        2.12838799E-02   4.33352077E-03
   4566.7708330026107        1.48221590E-02   4.21591802E-03
   4568.2619551188964        2.02992912E-02   4.31780657E-03
   4569.7532479095071        1.38824461E-02   4.20483341E-03
   4571.2447112353475        1.66802928E-02   4.23670793E-03
   4572.7363449573222        1.56847332E-02   4.23243362E-03
   4574.2281489363359        2.57785320E-02   4.42513777E-03
   4575.7201230332948        1.96716730E-02   4.37533483E-03
   4577.2122671091029        2.11877301E-02   4.41206666E-03
   4578.7045810246664        2.41374485E-02   4.38224245E-03
   4580.1970646408863        1.70206465E-02   4.22501890E-03
   4581.6897178186719        2.57979576E-02   4.27390030E-03
   4583.1825404189258        1.49119236E-02   4.12433036E-03
   4584.6755323025527        1.99796353E-02   4.25740145E-03
   4586.1686933304591        1.64858252E-02   4.14776197E-03
   4587.6620233635485        2.40679719E-02   4.34005260E-03
   4589.1555222627248        8.23269878E-03   4.04267991E-03
   4590.6491898888953        1.44380433E-02   4.14771168E-03
   4592.1430261029636        1.97135750E-02   4.24135057E-03
   4593.6370307658344        1.80880986E-02   4.14206833E-03
   4595.1312037384141        1.32308770E-02   4.03772248E-03
   4596.6255448816037        1.63774453E-02   4.10011364E-03
   4598.1200540563132        1.73897929E-02   4.13020048E-03
   4599.6147311234436        1.95416398E-02   4.20766557E-03
   4601.1095759439013        1.91276334E-02   4.19695443E-03
   4602.6045883785901        1.71522554E-02   4.12732922E-03
   4604.0997682884172        1.96743328E-02   4.16030595E-03
   4605.5951155342846        2.10214220E-02   4.24378505E-03
   4607.0906299770995        1.29232770E-02   4.10750043E-03
   4608.5863114777649        2.20327564E-02   4.30053240E-03
   4610.0821598971879        1.39792804E-02   4.18623583E-03
   4611.5781750962706        2.14948095E-02   4.31081606E-03
   4613.0743569359202        2.49970816E-02   4.32502246E-03
   4614.5707052770404        1.74868517E-02   4.17573610E-03
   4616.0672199805358        2.11846400E-02   4.27817227E-03
   4617.5639009073120        1.78721566E-02   4.14085900E-03
   4619.0607479182736        2.61708479E-02   4.35488392E-03
   4620.5577608743251        1.52109973E-02   4.09576809E-03
   4622.0549396363731        1.66271869E-02   4.14249673E-03
   4623.5522840653202        1.77419502E-02   4.20872401E-03
   4625.0497940220721        1.99263282E-02   4.27389424E-03
   4626.5474693675333        1.86670311E-02   4.22750087E-03
   4628.0453099626102        2.05257591E-02   4.23784833E-03
   4629.5433156682057        2.11716052E-02   4.28589806E-03
   4631.0414863452261        1.88991930E-02   4.22409736E-03
   4632.5398218545752        1.83149055E-02   4.22416488E-03
   4634.0383220571584        1.35714579E-02   4.11620364E-03
   4635.5369868138805        1.72319543E-02   4.17977246E-03
   4637.0358159856469        1.89706683E-02   4.20051347E-03
   4638.5348094333613        2.09992789E-02   4.20333631E-03
   4640.0339670179292        2.17057820E-02   4.22689412E-03
   4641.5332886002561        1.32972039E-02   4.04395862E-03
   4643.0327740412458        2.00893357E-02   4.18498134E-03
   4644.5324232018038        2.43399590E-02   4.24566818E-03
   4646.0322359428346        2.45195366E-02   4.20283061E-03
   4647.5322121252429        1.56671926E-02   4.00769524E-03
   4649.0323516099343        2.68616844E-02   4.24528169E-03
   4650.5326542578123        2.43027471E-02   4.22352133E-03
   4652.0331199297834        2.31691636E-02   4.20686649E-03
   4653.5337484867523        2.17538197E-02   4.18722816E-03
   4655.0345397896226        2.39064731E-02   4.21342812E-03
   4656.5354936993008        1.75350811E-02   4.10904782E-03
   4658.0366100766896        1.96826495E-02   4.20524785E-03
   4659.5378887826955        1.76360942E-02   4.16937750E-03
   4661.0393296782231        1.77110992E-02   4.20406181E-03
   4662.5409326241770        2.20077783E-02   4.21451777E-03
   4664.0426974814636        2.58950368E-02   4.25154762E-03
   4665.5446241109839        1.67728327E-02   4.02684463E-03
   4667.0467123736471        2.19970886E-02   4.06897534E-03
   4668.5489621303550        2.18631737E-02   4.01633978E-03
   4670.0513732420141        1.44972913E-02   3.98220401E-03
   4671.5539455695298        1.57075431E-02   4.03782027E-03
   4673.0566789738041        2.14253534E-02   4.21247492E-03
   4674.5595733157452        1.58188567E-02   4.07838915E-03
   4676.0626284562559        1.92126893E-02   4.16281028E-03
   4677.5658442562417        2.35108398E-02   4.27637296E-03
   4679.0692205766081        2.06058044E-02   4.13087895E-03
   4680.5727572782580        1.95165575E-02   4.06272896E-03
   4682.0764542220977        2.09099483E-02   4.17099288E-03
   4683.5803112690337        1.98926423E-02   4.13017534E-03
   4685.0843282799669        1.92223378E-02   4.12789406E-03
   4686.5885051158057        1.69929359E-02   4.15932247E-03
   4688.0928416374527        1.68064367E-02   4.12499206E-03
   4689.5973377058144        1.86112411E-02   4.13396908E-03
   4691.1019931817946        2.20021140E-02   4.18321742E-03
   4692.6068079262986        2.26659831E-02   4.23128484E-03
   4694.1117818002313        1.81880929E-02   4.18348890E-03
   4695.6169146644970        3.04242205E-02   4.34286892E-03
   4697.1222063800014        2.29602531E-02   4.24150378E-03
   4698.6276568076482        2.07861215E-02   4.13586712E-03
   4700.1332658083438        1.87591240E-02   4.08170698E-03
   4701.6390332429919        1.46446181E-02   3.98390647E-03
   4703.1449589724980        2.44661011E-02   4.15294711E-03
   4704.6510428577667        1.80420429E-02   4.05014819E-03
   4706.1572847597026        1.88677646E-02   4.05398617E-03
   4707.6636845392104        2.59574577E-02   4.20804787E-03
   4709.1702420571964        2.19060946E-02   4.17227764E-03
   4710.6769571745635        2.05878969E-02   4.13493067E-03
   4712.1838297522181        1.60343554E-02   4.11269115E-03
   4713.6908596510639        1.13375969E-02   3.96053353E-03
   4715.1980467320072        1.97294969E-02   4.10699798E-03
   4716.7053908559519        1.44747887E-02   4.09885263E-03
   4718.2128918838025        1.23673426E-02   4.08227881E-03
   4719.7205496764645        1.41389761E-02   4.12312523E-03
   4721.2283640948426        2.35082600E-02   4.29502083E-03
   4722.7363349998413        1.72637384E-02   4.19817772E-03
   4724.2444622523653        2.56181844E-02   4.34598513E-03
   4725.7527457133210        1.78519692E-02   4.20837523E-03
   4727.2611852436121        2.06377693E-02   4.16120002E-03
   4728.7697807041432        1.98977459E-02   4.13600449E-03
   4730.2785319558197        1.69644244E-02   4.10129363E-03
   4731.7874388595465        2.07943935E-02   4.15760325E-03
   4733.2965012762279        1.55226840E-02   4.07853164E-03
   4734.8057190667696        2.82094274E-02   4.29868326E-03
   4736.3150920920762        1.82932429E-02   4.12277645E-03
   4737.8246202130522        2.14789491E-02   4.18367516E-03
   4739.3343032906014        1.47777451E-02   4.09537088E-03
   4740.8441411856311        1.63816214E-02   4.15161345E-03
   4742.3541337590450        1.42916441E-02   4.10322426E-03
   4743.8642808717477        1.81843005E-02   4.19858005E-03
   4745.3745823846448        1.75233819E-02   4.15278831E-03
   4746.8850381586399        2.72908509E-02   4.36241180E-03
   4748.3956480546385        2.52126995E-02   4.34952788E-03
   4749.9064119335453        1.69279259E-02   4.13427316E-03
   4751.4173296562667        9.77816340E-03   3.97489127E-03
   4752.9284010837055        2.38814447E-02   4.24232753E-03
   4754.4396260767671        1.32565526E-02   4.01965808E-03
   4755.9510044963581        1.99906975E-02   4.18067304E-03
   4757.4625362033794        1.84984133E-02   4.16558841E-03
   4758.9742210587401        2.40654387E-02   4.24978184E-03
   4760.4860589233422        1.58659238E-02   4.12107259E-03
   4761.9980496580938        1.82456877E-02   4.13353136E-03
   4763.5101931238960        1.88417826E-02   4.14302992E-03
   4765.0224891816551        1.91109125E-02   4.08103410E-03
   4766.5349376922768        1.46042798E-02   4.03825194E-03
   4768.0475385166656        1.66355390E-02   4.06946335E-03
   4769.5602915157251        1.30139366E-02   4.08542575E-03
   4771.0731965503619        1.53546659E-02   4.10968997E-03
   4772.5862534814796        1.63555518E-02   4.16008243E-03
   4774.0994621699847        1.91251617E-02   4.19689436E-03
   4775.6128224767799        1.44602414E-02   4.15416900E-03
   4777.1263342627708        2.18177345E-02   4.28733742E-03
   4778.6399973888629        2.31470615E-02   4.31439001E-03
   4780.1538117159616        1.54223070E-02   4.17667115E-03
   4781.6677771049699        2.26579905E-02   4.30689752E-03
   4783.1818934167941        1.83121990E-02   4.19315370E-03
   4784.6961605123379        1.03549082E-02   3.99919879E-03
   4786.2105782525077        3.04774996E-02   4.35361732E-03
   4787.7251464982073        1.23161729E-02   4.02589189E-03
   4789.2398651103422        1.75105147E-02   4.17060405E-03
   4790.7547339498151        1.46247633E-02   4.10055649E-03
   4792.2697528775343        1.45583469E-02   4.13577445E-03
   4793.7849217544035        1.30734518E-02   4.13629599E-03
   4795.3002404413255        1.45966858E-02   4.16488620E-03
   4796.8157087992076        2.36148629E-02   4.35812166E-03
   4798.3313266889536        2.05574203E-02   4.23976500E-03
   4799.8470939714689        1.32996310E-02   4.10411507E-03
   4801.3630105076572        1.21342884E-02   4.05228371E-03
   4802.8790761584251        1.29335355E-02   4.09309287E-03
   4804.3952907846751        1.80797931E-02   4.14095027E-03
   4805.9116542473148        1.69398896E-02   4.19174787E-03
   4807.4281664072469        1.45322466E-02   4.08917712E-03
   4808.9448271253777        1.57648958E-02   4.12001275E-03
   4810.4616362626111        1.70686133E-02   4.14158870E-03
   4811.9785936798535        1.49523728E-02   4.09206050E-03
   4813.4956992380075        1.13080898E-02   4.09140764E-03
   4815.0129527979798        1.38987554E-02   4.13605245E-03
   4816.5303542206739        1.14694443E-02   4.09029983E-03
   4818.0479033669944        1.21774273E-02   4.11698315E-03
   4819.5656000978488        1.36606731E-02   4.17257426E-03
   4821.0834442741398        5.72250551E-03   3.96391097E-03
   4822.6014357567719        1.84340477E-02   4.19586943E-03
   4824.1195744066508        1.43544143E-02   4.06314665E-03
   4825.6378600846820        1.87651832E-02   4.20813356E-03
   4827.1562926517690        2.35208571E-02   4.31773905E-03
   4828.6748719688185        2.13429891E-02   4.26511141E-03
   4830.1935978967331        2.51646712E-02   4.31133807E-03
   4831.7124702964184        1.63893104E-02   4.12456552E-03
   4833.2314890287807        1.44639844E-02   4.07775724E-03
   4834.7506539547230        2.28739791E-02   4.21335548E-03
   4836.2699649351525        2.35166047E-02   4.30704094E-03
   4837.7894218309702        1.81186702E-02   4.20369022E-03
   4839.3090245030853        1.86792202E-02   4.15777229E-03
   4840.8287728123987        1.88168548E-02   4.16904176E-03
   4842.3486666198187        1.91458371E-02   4.15965309E-03
   4843.8687057862489        2.39980984E-02   4.24939115E-03
   4845.3888901725932        2.16628984E-02   4.22240514E-03
   4846.9092196397569        2.60806270E-02   4.31555929E-03
   4848.4296940486447        3.01043093E-02   4.35964251E-03
   4849.9503132601631        2.35686898E-02   4.18502698E-03
   4851.4710771352156        2.34478358E-02   4.23153769E-03
   4852.9919855347061        1.64245833E-02   4.08906350E-03
   4854.5130383195419        1.91306807E-02   4.05953685E-03
   4856.0342353506267        2.34791823E-02   4.09066211E-03
   4857.5555764888641        2.12432314E-02   3.95724783E-03
   4859.0770615951606        2.81194113E-02   4.01594350E-03
   4860.5986905304208        1.74531993E-02   3.69380158E-03
   4862.1204631555484        2.36452930E-02   3.76532483E-03
   4863.6423793314507        1.90377086E-02   3.76398605E-03
   4865.1644389190296        2.66194213E-02   4.03379183E-03
   4866.6866417791916        2.04529148E-02   4.04402288E-03
   4868.2089877728422        2.26100236E-02   4.06377437E-03
   4869.7314767608850        2.03067530E-02   4.01244592E-03
   4871.2541086042247        2.05424652E-02   3.99046158E-03
   4872.7768831637677        2.25160234E-02   4.03410057E-03
   4874.2998003004177        3.11385095E-02   4.19812184E-03
   4875.8228598750793        2.62975059E-02   4.17741574E-03
   4877.3460617486589        2.81542297E-02   4.24840907E-03
   4878.8694057820585        1.53498957E-02   4.01882594E-03
   4880.3928918361862        2.89778206E-02   4.30848682E-03
   4881.9165197719458        2.09587160E-02   4.14577732E-03
   4883.4402894502400        2.39986051E-02   4.19831416E-03
   4884.9642007319771        2.05789562E-02   4.09676041E-03
   4886.4882534780591        1.72185227E-02   3.97513667E-03
   4888.0124475493931        2.14149207E-02   4.05173283E-03
   4889.5367828068820        2.44893525E-02   4.06536413E-03
   4891.0612591114323        2.81543024E-02   4.13851440E-03
   4892.5858763239485        1.68029461E-02   3.95728601E-03
   4894.1106343053343        2.03975495E-02   4.10902034E-03
   4895.6355329164962        1.93936285E-02   4.16192086E-03
   4897.1605720183370        2.92430520E-02   4.39120876E-03
   4898.6857514717640        1.62585322E-02   4.12281882E-03
   4900.2110711376808        1.42525639E-02   4.03123163E-03
   4901.7365308769913        1.74211450E-02   4.13133902E-03
   4903.2621305506027        2.98819542E-02   4.29453794E-03
   4904.7878700194178        1.52815003E-02   4.06879792E-03
   4906.3137491443422        2.17462182E-02   4.18671034E-03
   4907.8397677862804        1.77833978E-02   4.09562513E-03
   4909.3659258061389        2.40836032E-02   4.13857913E-03
   4910.8922230648204        2.20153295E-02   4.10783337E-03
   4912.4186594232306        2.15757526E-02   4.08176892E-03
   4913.9452347422748        2.43982915E-02   4.21842467E-03
   4915.4719488828569        2.22746767E-02   4.21507563E-03
   4916.9988017058831        2.23663300E-02   4.17567743E-03
   4918.5257930722582        2.18206309E-02   4.01207339E-03
   4920.0529228428859        1.22518977E-02   3.76392226E-03
   4921.5801908786707        1.68805793E-02   3.84012540E-03
   4923.1075970405182        2.17826683E-02   4.00304981E-03
   4924.6351411893347        2.70982105E-02   4.18795180E-03
   4926.1628231860223        1.10484101E-02   3.90194426E-03
   4927.6906428914881        1.71554927E-02   4.08278778E-03
   4929.2186001666369        1.62386466E-02   4.06683143E-03
   4930.7466948723722        1.54176839E-02   4.06001136E-03
   4932.2749268695989        1.79798231E-02   4.04538773E-03
   4933.8032960192231        2.40410287E-02   4.14385786E-03
   4935.3318021821487        2.47104708E-02   4.13914863E-03
   4936.8604452192812        2.31491625E-02   4.09393618E-03
   4938.3892249915252        1.81128196E-02   3.98169458E-03
   4939.9181413597853        1.59111768E-02   3.92720336E-03
   4941.4471941849661        2.04994678E-02   4.09262767E-03
   4942.9763833279740        1.49217751E-02   4.05361224E-03
   4944.5057086497109        1.10376272E-02   3.96483205E-03
   4946.0351700110859        1.55743025E-02   4.06311266E-03
   4947.5647672730001        2.26784684E-02   4.19728830E-03
   4949.0945002963599        2.47800834E-02   4.22216859E-03
   4950.6243689420699        1.54823782E-02   4.06016782E-03
   4952.1543730710364        1.99726690E-02   4.14734893E-03
   4953.6845125441623        1.95567030E-02   4.10894491E-03
   4955.2147872223522        1.83947179E-02   4.01222799E-03
   4956.7451969665126        1.23971468E-02   3.84762255E-03
   4958.2757416375480        2.03977730E-02   4.01685853E-03
   4959.8064210963621        1.59913842E-02   3.93967703E-03
   4961.3372352038614        2.25432627E-02   4.18232055E-03
   4962.8681838209495        1.79727916E-02   4.15771827E-03
   4964.3992668085320        1.91846397E-02   4.11373796E-03
   4965.9304840275136        1.70434974E-02   4.03087819E-03
   4967.4618353387987        1.27820428E-02   3.91776254E-03
   4968.9933206032929        1.01060746E-02   3.87222809E-03
   4970.5249396818999        2.06364654E-02   4.12995135E-03
   4972.0566924355262        2.15875972E-02   4.18481790E-03
   4973.5885787250745        1.67801660E-02   4.06382699E-03
   4975.1205984114522        1.48259737E-02   4.02833102E-03
   4976.6527513555620        1.13968048E-02   3.94685939E-03
   4978.1850374183105        2.11048871E-02   4.10126988E-03
   4979.7174564606021        1.86303556E-02   4.03734669E-03
   4981.2500083433397        2.29682457E-02   4.05730819E-03
   4982.7826929274315        1.20319491E-02   3.81610799E-03
   4984.3155100737795        1.44114411E-02   3.82981892E-03
   4985.8484596432900        1.98563319E-02   4.01190296E-03
   4987.3815414968676        2.37065237E-02   4.11378965E-03
   4988.9147554954170        1.74335483E-02   4.07891581E-03
   4990.4481014998428        1.93867590E-02   4.09083208E-03
   4991.9815793710513        1.39917089E-02   3.98198282E-03
   4993.5151889699446        2.78367028E-02   4.23014723E-03
   4995.0489301574307        2.64132265E-02   4.25223680E-03
   4996.5828027944135        1.79813374E-02   4.07924503E-03
   4998.1168067417966        2.60705501E-02   4.20245575E-03
   4999.6509418604846        3.04659065E-02   4.27747145E-03
   5001.1852080113858        2.96572354E-02   4.22083167E-03
   5002.7196050554003        2.46955231E-02   4.08341875E-03
   5004.2541328534362        1.95758101E-02   4.01494000E-03
   5005.7887912663982        2.87415236E-02   4.12581582E-03
   5007.3235801551900        2.68871710E-02   4.11893614E-03
   5008.8584993807162        2.70924084E-02   4.17459011E-03
   5010.3935488038833        2.72149332E-02   4.22144355E-03
   5011.9287282855958        2.25071926E-02   4.05917084E-03
   5013.4640376867565        2.05889195E-02   3.96727445E-03
   5014.9994768682727        2.28223503E-02   4.03631898E-03
   5016.5350456910483        1.55850006E-02   3.86462663E-03
   5018.0707440159886        2.10324563E-02   4.04875493E-03
   5019.6065717039965        2.56087855E-02   4.07037046E-03
   5021.1425286159802        1.98359732E-02   4.00873041E-03
   5022.6786146128416        1.74939167E-02   3.97909153E-03
   5024.2148295554871        2.90475264E-02   4.23971144E-03
   5025.7511733048214        2.44547203E-02   4.15419554E-03
   5027.2876457217490        2.34954469E-02   4.12754854E-03
   5028.8242466671754        2.96612531E-02   4.27532149E-03
   5030.3609760020045        2.45783478E-02   4.18272149E-03
   5031.8978335871416        1.98192615E-02   4.15170752E-03
   5033.4348192834923        1.56397317E-02   4.04943572E-03
   5034.9719329519603        1.28222974E-02   3.94876534E-03
   5036.5091744534511        2.71685682E-02   4.23072837E-03
   5038.0465436488694        2.85852049E-02   4.22824826E-03
   5039.5840403991197        2.61401255E-02   4.08249116E-03
   5041.1216645651075        2.42430959E-02   4.05607652E-03
   5042.6594160077375        1.78572387E-02   3.99230747E-03
   5044.1972945879143        1.99951231E-02   4.06225584E-03
   5045.7353001665433        1.97672788E-02   4.09899233E-03
   5047.2734326045284        1.92770455E-02   4.11018683E-03
   5048.8116917627758        2.34521274E-02   4.18563047E-03
   5050.3500775021894        2.08609905E-02   4.09657275E-03
   5051.8885896836746        2.26981472E-02   4.09989851E-03
   5053.4272281681351        1.90220531E-02   4.09585936E-03
   5054.9659928164765        2.86363997E-02   4.32567298E-03
   5056.5048834896043        2.18611378E-02   4.22319164E-03
   5058.0439000484230        2.34829504E-02   4.33017174E-03
   5059.5830423538373        2.00467687E-02   4.18900326E-03
   5061.1223102667527        1.27762994E-02   4.07870254E-03
   5062.6617036480720        1.95411686E-02   4.19951370E-03
   5064.2012223587026        2.20926125E-02   4.20002593E-03
   5065.7408662595471        2.15080529E-02   4.14708257E-03
   5067.2806352115122        1.75183099E-02   4.05331654E-03
   5068.8205290755022        2.08407883E-02   4.14293958E-03
   5070.3605477124211        1.97761357E-02   4.14735405E-03
   5071.9006909831760        2.63526998E-02   4.29003499E-03
   5073.4409587486689        2.19058171E-02   4.15494805E-03
   5074.9813508698062        1.44736301E-02   4.03634505E-03
   5076.5218672074934        1.77744981E-02   4.10842011E-03
   5078.0625076226343        2.20308695E-02   4.11574775E-03
   5079.6032719761333        2.89022215E-02   4.24057338E-03
   5081.1441601288961        1.23949572E-02   3.88340908E-03
   5082.6851719418282        1.41521487E-02   3.94782936E-03
   5084.2263072758333        1.82888303E-02   4.08269884E-03
   5085.7675659918168        1.41347013E-02   4.06822516E-03
   5087.3089479506825        1.61816813E-02   4.10635397E-03
   5088.8504530133368        2.08324250E-02   4.19197977E-03
   5090.3920810406844        2.04155147E-02   4.20015631E-03
   5091.9338318936288        1.56159885E-02   4.17573657E-03
   5093.4757054330776        2.08098125E-02   4.23518149E-03
   5095.0177015199315        1.95287988E-02   4.22360329E-03
   5096.5598200150998        2.18076017E-02   4.18044068E-03
   5098.1020607794835        2.51947492E-02   4.20849351E-03
   5099.6444236739908        2.07904559E-02   4.10761405E-03
   5101.1869085595235        1.95465293E-02   4.11020685E-03
   5102.7295152969891        1.73460506E-02   4.08896850E-03
   5104.2722437472912        9.97993164E-03   3.98617517E-03
   5105.8150937713335        2.05041282E-02   4.17518336E-03
   5107.3580652300234        1.84418429E-02   4.06304421E-03
   5108.9011579842645        2.34268215E-02   4.22917632E-03
   5110.4443718949615        2.20578704E-02   4.15068166E-03
   5111.9877068230189        2.04112418E-02   4.14235983E-03
   5113.5311626293424        1.83591843E-02   4.17779479E-03
   5115.0747391748364        2.52764728E-02   4.29465715E-03
   5116.6184363204065        6.05124747E-03   3.93522996E-03
   5118.1622539269574        1.40035180E-02   4.16232133E-03
   5119.7061918553927        7.61476671E-03   3.95809487E-03
   5121.2502499666180        2.02754363E-02   4.22251970E-03
   5122.7944281215387        1.86748542E-02   4.08697641E-03
   5124.3387261810585        2.46754698E-02   4.21534898E-03
   5125.8831440060840        2.34427359E-02   4.10924247E-03
   5127.4276814575178        2.73295455E-02   4.26566787E-03
   5128.9723383962673        2.52471473E-02   4.21534479E-03
   5130.5171146832354        1.63129792E-02   4.09809407E-03
   5132.0620101793274        1.87018830E-02   4.13557142E-03
   5133.6070247454481        2.32186373E-02   4.21022298E-03
   5135.1521582425039        1.56130977E-02   4.06724168E-03
   5136.6974105313975        2.26458274E-02   4.21653595E-03
   5138.2427814730354        2.32395697E-02   4.17088531E-03
   5139.7882709283222        1.65789053E-02   4.00532037E-03
   5141.3338787581615        1.38540268E-02   4.01102938E-03
   5142.8796048234590        2.41625626E-02   4.21171077E-03
   5144.4254489851191        1.70677844E-02   4.06482583E-03
   5145.9714111040485        1.99843254E-02   4.11692960E-03
   5147.5174910411488        1.10146813E-02   3.99281830E-03
   5149.0636886573284        2.39069108E-02   4.21571126E-03
   5150.6100038134891        2.39791255E-02   4.20664856E-03
   5152.1564363705393        2.11144146E-02   4.21017781E-03
   5153.7029861893798        2.16836743E-02   4.21138993E-03
   5155.2496531309180        2.22337302E-02   4.19701124E-03
   5156.7964370560576        2.32479367E-02   4.25999425E-03
   5158.3433378257041        2.20346730E-02   4.26198868E-03
   5159.8903553007640        2.38407813E-02   4.30308003E-03
   5161.4374893421382        1.99740753E-02   4.18084720E-03
   5162.9847398107358        1.78556945E-02   4.15975461E-03
   5164.5321065674580        1.81629006E-02   4.01201518E-03
   5166.0795894732109        2.32849065E-02   3.98091832E-03
   5167.6271883889021        2.54821461E-02   4.00267821E-03
   5169.1749031754325        2.39482466E-02   3.94387636E-03
   5170.7227336937085        2.59881709E-02   3.99841974E-03
   5172.2706798046356        2.29325946E-02   3.90670542E-03
   5173.8187413691185        2.62549985E-02   4.03104443E-03
   5175.3669182480608        2.26189103E-02   4.10732208E-03
   5176.9152103023689        2.43694521E-02   4.28720331E-03
   5178.4636173929466        2.27715950E-02   4.27476130E-03
   5180.0121393807003        1.85002349E-02   4.16538026E-03
   5181.5607761265319        2.36400273E-02   4.05829679E-03
   5183.1095274913496        3.15307453E-02   4.10621241E-03
   5184.6583933360553        2.70168819E-02   4.00273548E-03
   5186.2073735215572        1.92725658E-02   3.95114627E-03
   5187.7564679087573        1.68649983E-02   4.07442683E-03
   5189.3056763585619        2.56813038E-02   4.26354539E-03
   5190.8549987318747        2.41400618E-02   4.18708334E-03
   5192.4044348896014        2.49378830E-02   4.20130976E-03
   5193.9539846926473        2.52721477E-02   4.18144977E-03
   5195.5036480019171        2.18159575E-02   4.20723436E-03
   5197.0534246783136        1.48092434E-02   4.13079467E-03
   5198.6033145827450        1.96752790E-02   4.29562991E-03
   5200.1533175761133        1.50653291E-02   4.24404070E-03
   5201.7034335193257        1.86277386E-02   4.25001793E-03
   5203.2536622732850        1.58262383E-02   4.09299182E-03
   5204.8040036988978        2.81393249E-02   4.33880975E-03
   5206.3544576570675        2.54413821E-02   4.19121515E-03
   5207.9050240086999        2.17028428E-02   4.11614869E-03
   5209.4557026147004        2.17697397E-02   4.14984534E-03
   5211.0064933359708        2.60436237E-02   4.33030911E-03
   5212.5573960334204        1.89246088E-02   4.18112054E-03
   5214.1084105679511        1.77892763E-02   4.16106638E-03
   5215.6595368004682        2.18917895E-02   4.23706649E-03
   5217.2107745918765        2.81025432E-02   4.31599328E-03
   5218.7621238030824        1.61276590E-02   4.09213826E-03
   5220.3135842949887        1.89123191E-02   4.23080521E-03
   5221.8651559285017        2.03642920E-02   4.27282322E-03
   5223.4168385645262        2.45419182E-02   4.31315275E-03
   5224.9686320639657        2.22699028E-02   4.16491879E-03
   5226.5205362877268        1.17875915E-02   3.93478153E-03
   5228.0725510967131        1.81754138E-02   4.05453611E-03
   5229.6246763518293        1.76722705E-02   4.07484081E-03
   5231.1769119139817        1.85345970E-02   4.13834630E-03
   5232.7292576440741        1.50117334E-02   4.06835461E-03
   5234.2817134030120        1.68612842E-02   4.08936525E-03
   5235.8342790516999        1.61546357E-02   4.10399958E-03
   5237.3869544510417        1.84194036E-02   4.18252824E-03
   5238.9397394619436        1.86118446E-02   4.23286110E-03
   5240.4926339453104        2.06035562E-02   4.28124657E-03
   5242.0456377620467        1.89625733E-02   4.20427509E-03
   5243.5987507730551        1.88944247E-02   4.24072566E-03
   5245.1519728392450        2.19960250E-02   4.26795147E-03
   5246.7053038215181        1.46374665E-02   4.18420695E-03
   5248.2587435807800        1.20672472E-02   4.04397817E-03
   5249.8122919779353        2.90020537E-02   4.39436454E-03
   5251.3659488738904        2.24398486E-02   4.29857383E-03
   5252.9197141295481        2.20080335E-02   4.28994559E-03
   5254.4735876058139        2.12008804E-02   4.22846945E-03
   5256.0275691635934        1.50861526E-02   4.11732821E-03
   5257.5816586637902        1.91487130E-02   4.33515944E-03
   5259.1358559673108        2.83108726E-02   4.47805598E-03
   5260.6901609350589        2.42826380E-02   4.29758243E-03
   5262.2445734279390        2.31972840E-02   4.22566524E-03
   5263.7990933068568        1.96090061E-02   4.06690314E-03
   5265.3537204327167        1.59737039E-02   3.95104010E-03
   5266.9084546664244        2.17663199E-02   4.06029774E-03
   5268.4632958688844        1.62270311E-02   3.92989255E-03
   5270.0182439010005        2.43404228E-02   4.13699215E-03
   5271.5732986236781        2.42410209E-02   4.16767038E-03
   5273.1284598978245        2.05308087E-02   4.15029703E-03
   5274.6837275843409        1.48181599E-02   4.05908190E-03
   5276.2391015441335        1.37213599E-02   4.08739178E-03
   5277.7945816381070        1.28124077E-02   4.08983929E-03
   5279.3501677271670        1.57460347E-02   4.15091077E-03
   5280.9058596722189        1.64443981E-02   4.20459686E-03
   5282.4616573341655        1.69385932E-02   4.16592835E-03
   5284.0175605739132        1.60819050E-02   4.15445864E-03
   5285.5735692523667        2.39955317E-02   4.30253940E-03
   5287.1296832304297        2.04069428E-02   4.27190447E-03
   5288.6859023690085        1.53271779E-02   4.24689054E-03
   5290.2422265290079        2.02302840E-02   4.35244013E-03
   5291.7986555713314        1.83401164E-02   4.32141544E-03
   5293.3551893568865        1.42166065E-02   4.18243511E-03
   5294.9118277465741        2.22239941E-02   4.38620197E-03
   5296.4685706013024        1.88116021E-02   4.21188865E-03
   5298.0254177819752        1.95155609E-02   4.23092116E-03
   5299.5823691494979        1.43910991E-02   4.07050271E-03
   5301.1394245647734        2.49342266E-02   4.35452163E-03
   5302.6965838887081        2.11634785E-02   4.31107637E-03
   5304.2538469822075        2.23533046E-02   4.32372279E-03
   5305.8112137061753        1.33791184E-02   4.20694239E-03
   5307.3686839215170        2.22687591E-02   4.33516921E-03
   5308.9262574891372        2.01396812E-02   4.33165813E-03
   5310.4839342699406        1.61578059E-02   4.28423798E-03
   5312.0417141248327        2.13621464E-02   4.43182699E-03
   5313.5995969147170        1.91787686E-02   4.31803335E-03
   5315.1575825004993        2.29022577E-02   4.37303213E-03
   5316.7156707430850        1.82878934E-02   4.29355772E-03
   5318.2738615033786        1.49665046E-02   4.19811392E-03
   5319.8321546422840        2.12230459E-02   4.35641129E-03
   5321.3905500207065        1.77763067E-02   4.26016282E-03
   5322.9490474995519        1.07807666E-02   4.10355348E-03
   5324.5076469397245        1.74652860E-02   4.23691235E-03
   5326.0663482021282        2.23238710E-02   4.21298994E-03
   5327.6251511476694        2.21531205E-02   4.21622396E-03
   5329.1840556372526        2.25566998E-02   4.15752362E-03
   5330.7430615317826        1.49814757E-02   4.14858293E-03
   5332.3021686921629        2.03392096E-02   4.32398170E-03
   5333.8613769793010        1.42437788E-02   4.17868001E-03
   5335.4206862540987        1.85149629E-02   4.31485893E-03
   5336.9800963774633        2.08915006E-02   4.39278642E-03
   5338.5396072102985        1.97440758E-02   4.27187374E-03
   5340.0992186135090        2.52109859E-02   4.38690092E-03
   5341.6589304480012        2.00766642E-02   4.28643636E-03
   5343.2187425746779        1.56286377E-02   4.17639641E-03
   5344.7786548544464        2.10757498E-02   4.32075141E-03
   5346.3386671482085        2.22860966E-02   4.33700113E-03
   5347.8987793168708        1.76412407E-02   4.24860232E-03
   5349.4589912213387        5.86999534E-03   4.00905684E-03
   5351.0193027225159        1.94115136E-02   4.28398326E-03
   5352.5797136813080        1.84020344E-02   4.28584637E-03
   5354.1402239586196        1.55622046E-02   4.27542673E-03
   5355.7008334153561        1.30119883E-02   4.21710825E-03
   5357.2615419124213        1.93263050E-02   4.37956396E-03
   5358.8223493107198        1.40471971E-02   4.30429773E-03
   5360.3832554711589        1.72184203E-02   4.30098316E-03
   5361.9442602546405        2.62295268E-02   4.48083691E-03
   5363.5053635220711        1.42124267E-02   4.22436511E-03
   5365.0665651343561        1.61285307E-02   4.26107924E-03
   5366.6278649523992        8.49790126E-03   4.03792132E-03
   5368.1892628371043        2.27941368E-02   4.33713337E-03
   5369.7507586493784        2.07399409E-02   4.21740208E-03
   5371.3123522501264        2.11862363E-02   4.26081475E-03
   5372.8740435002510        1.63798239E-02   4.17455845E-03
   5374.4358322606586        1.53131299E-02   4.20232071E-03
   5375.9977183922538        2.10546162E-02   4.39559529E-03
   5377.5597017559421        1.76367871E-02   4.34235763E-03
   5379.1217822126273        1.79299191E-02   4.27505793E-03
   5380.6839596232139        2.94762086E-02   4.51616198E-03
   5382.2462338486084        1.59317348E-02   4.25324915E-03
   5383.8086047497154        2.09713187E-02   4.38217958E-03
   5385.3710721874377        1.55970138E-02   4.24069399E-03
   5386.9336360226825        1.44805079E-02   4.20802087E-03
   5388.4962961163528        1.12098046E-02   4.15706169E-03
   5390.0590523293558        2.27720253E-02   4.40436369E-03
   5391.6219045225944        1.97102781E-02   4.27995389E-03
   5393.1848525569749        2.15802416E-02   4.28680656E-03
   5394.7478962934001        2.00404003E-02   4.30190004E-03
   5396.3110355927765        2.18747500E-02   4.27796505E-03
   5397.8742703160087        2.15159748E-02   4.29358846E-03
   5399.4376003240013        1.55245243E-02   4.13270714E-03
   5401.0010254776589        8.79134703E-03   4.05560667E-03
   5402.5645456378879        2.25986671E-02   4.34357300E-03
   5404.1281606655912        1.87510792E-02   4.19910531E-03
   5405.6918704216750        1.95028912E-02   4.20127437E-03
   5407.2556747670433        1.38042467E-02   4.07050131E-03
   5408.8195735626005        2.48158704E-02   4.32284269E-03
   5410.3835666692530        1.91197116E-02   4.22326056E-03
   5411.9476539479056        2.22513061E-02   4.33794595E-03
   5413.5118352594618        2.64220182E-02   4.38967999E-03
   5415.0761104648273        2.20804103E-02   4.31067869E-03
   5416.6404794249065        1.84624735E-02   4.24882816E-03
   5418.2049420006051        1.56686120E-02   4.19815583E-03
   5419.7694980528267        1.34637039E-02   4.18298133E-03
   5421.3341474424778        1.84296537E-02   4.25590109E-03
   5422.8988900304612        1.97556373E-02   4.27640742E-03
   5424.4637256776841        1.91842802E-02   4.31447430E-03
   5426.0286542450503        2.06561778E-02   4.25896933E-03
   5427.5936755934636        2.08188035E-02   4.34749434E-03
   5429.1587895838311        1.82752684E-02   4.29011276E-03
   5430.7239960770548        1.94920488E-02   4.32042871E-03
   5432.2892949340430        1.81043986E-02   4.21477389E-03
   5433.8546860156966        1.55154942E-02   4.21720836E-03
   5435.4201691829239        1.86119340E-02   4.26502246E-03
   5436.9857442966286        1.71728488E-02   4.25128406E-03
   5438.5514112177143        1.65644307E-02   4.30866843E-03
   5440.1171698070875        1.77787561E-02   4.37435834E-03
   5441.6830199256528        1.91282034E-02   4.41433536E-03
   5443.2489614343140        1.65257901E-02   4.27792268E-03
   5444.8149941939773        1.74227580E-02   4.25717980E-03
   5446.3811180655475        1.52567048E-02   4.17252351E-03
   5447.9473329099283        1.75315198E-02   4.28891554E-03
   5449.5136385880260        1.70473456E-02   4.26894054E-03
   5451.0800349607434        1.74153000E-02   4.36148606E-03
   5452.6465218889880        2.48145871E-02   4.46953112E-03
   5454.2130992336624        1.64861195E-02   4.24379390E-03
   5455.7797668556732        1.97018199E-02   4.28251177E-03
   5457.3465246159240        2.29162853E-02   4.39574290E-03
   5458.9133723753203        1.79364029E-02   4.34871763E-03
   5460.4803099947667        8.65299627E-03   4.18511825E-03
   5462.0473373351670        1.59089807E-02   4.29240381E-03
   5463.6144542574284        2.08485723E-02   4.37937211E-03
   5465.1816606224538        1.28694167E-02   4.12552664E-03
   5466.7489562911505        2.05477253E-02   4.36963420E-03
   5468.3163411244195        1.37916273E-02   4.21704166E-03
   5469.8838149831690        1.60826035E-02   4.29439964E-03
   5471.4513777283028        1.91761944E-02   4.32781316E-03
   5473.0190292207262        1.76599491E-02   4.30399552E-03
   5474.5867693213431        1.39914583E-02   4.20811167E-03
   5476.1545978910581        2.45845001E-02   4.38892096E-03
   5477.7225147907766        1.27229765E-02   4.14883904E-03
   5479.2905198814051        1.97499953E-02   4.29675076E-03
   5480.8586130238455        1.98869519E-02   4.32457915E-03
   5482.4267940790050        2.25174483E-02   4.37880401E-03
   5483.9950629077875        1.38858650E-02   4.24656319E-03
   5485.5634193710976        1.75527204E-02   4.35378542E-03
   5487.1318633298406        1.83768980E-02   4.35960013E-03
   5488.7003946449213        1.73596200E-02   4.31994302E-03
   5490.2690131772461        1.80481207E-02   4.35604434E-03
   5491.8377187877168        1.84530430E-02   4.37156763E-03
   5493.4065113372399        1.43099353E-02   4.23325971E-03
   5494.9753906867199        1.99675746E-02   4.38833795E-03
   5496.5443566970625        1.98387429E-02   4.33698529E-03
   5498.1134092291713        2.32035033E-02   4.48766304E-03
   5499.6825481439528        2.01621782E-02   4.35907673E-03
   5501.2517733023096        1.54692410E-02   4.30836855E-03
   5502.8210845651492        1.65896248E-02   4.29184968E-03
   5504.3904817933753        1.85438264E-02   4.36080899E-03
   5505.9599648478916        2.11901404E-02   4.40189568E-03
   5507.5295335896035        1.84394270E-02   4.33894899E-03
   5509.0991878794184        1.59542859E-02   4.28808201E-03
   5510.6689275782373        2.76970305E-02   4.57051303E-03
   5512.2387525469676        2.21116990E-02   4.41488996E-03
   5513.8086626465119        1.75077301E-02   4.29570908E-03
   5515.3786577377778        1.72853712E-02   4.33038222E-03
   5516.9487376816696        1.76983271E-02   4.35743947E-03
   5518.5189023390913        1.89077109E-02   4.40026773E-03
   5520.0891515709463        1.77266411E-02   4.37273504E-03
   5521.6594852381422        1.54396556E-02   4.33418155E-03
   5523.2299032015835        1.61150545E-02   4.38094418E-03
   5524.8004053221739        2.53432635E-02   4.50879615E-03
   5526.3709914608189        1.75985564E-02   4.29141708E-03
   5527.9416614784222        2.18414348E-02   4.36436664E-03
   5529.5124152358903        2.13125143E-02   4.39859927E-03
   5531.0832525941269        2.21877974E-02   4.45795851E-03
   5532.6541734140383        1.90201923E-02   4.39417316E-03
   5534.2251775565273        2.34244186E-02   4.50479053E-03
   5535.7962648825005        1.52860377E-02   4.30821581E-03
   5537.3674352528624        1.98817942E-02   4.43714904E-03
   5538.9386885285166        1.68652199E-02   4.40864265E-03
   5540.5100245703707        1.86867099E-02   4.39903047E-03
   5542.0814432393263        1.45520279E-02   4.32958081E-03
   5543.6529443962909        1.17529118E-02   4.24881605E-03
   5545.2245279021681        1.97813846E-02   4.47503384E-03
   5546.7961936178617        1.77298933E-02   4.41531464E-03
   5548.3679414042781        2.02148035E-02   4.45320550E-03
   5549.9397711223228        2.05481797E-02   4.47988836E-03
   5551.5116826328995        1.39992079E-02   4.34917212E-03
   5553.0836757969137        2.06270851E-02   4.51557059E-03
   5554.6557504752682        1.84267033E-02   4.45242552E-03
   5556.2279065288712        2.02264506E-02   4.49209427E-03
   5557.8001438186247        2.11298186E-02   4.43143770E-03
   5559.3724622054360        1.93177406E-02   4.46876418E-03
   5560.9448615502070        1.11891059E-02   4.24482627E-03
   5562.5173417138449        1.51120378E-02   4.37265309E-03
   5564.0899025572553        1.39184399E-02   4.33035009E-03
   5565.6625439413392        1.80609692E-02   4.41081170E-03
   5567.2352657270048        1.86369866E-02   4.39844700E-03
   5568.8080677751577        1.44577762E-02   4.33725398E-03
   5570.3809499466997        1.68074854E-02   4.38001473E-03
   5571.9539121025373        1.83207840E-02   4.38331626E-03
   5573.5269541035759        1.48931071E-02   4.50295769E-03
   5575.1000758107184        4.49156156E-03   7.52433669E-03
   5576.6732770848712        3.38157639E-02   1.00236507E-02
   5578.2465577869398        1.27279833E-02   1.01652164E-02
   5579.8199177778279        1.54083483E-02   9.11959447E-03
   5581.3933569184401        2.92792935E-02   5.95706515E-03
   5582.9668750696819        1.84022933E-02   4.62678447E-03
   5584.5404720924589        1.71641726E-02   4.45795991E-03
   5586.1141478476729        1.60900243E-02   4.35647694E-03
   5587.6879021962322        1.65501218E-02   4.31718584E-03
   5589.2617349990405        1.46949477E-02   4.22870042E-03
   5590.8356461170042        2.36467756E-02   4.51033050E-03
   5592.4096354110243        2.23189928E-02   4.46639257E-03
   5593.9837027420081        1.28868502E-02   4.31341585E-03
   5595.5578479708611        1.64288282E-02   4.40935278E-03
   5597.1320709584870        1.15725445E-02   4.24953178E-03
   5598.7063715657905        1.56523939E-02   4.36228514E-03
   5600.2807496536780        1.60070993E-02   4.35561035E-03
   5601.8552050830531        1.32162236E-02   4.29412117E-03
   5603.4297377148205        1.97449904E-02   4.51914640E-03
   5605.0043474098848        1.25557166E-02   4.36596386E-03
   5606.5790340291533        1.60471071E-02   4.46077809E-03
   5608.1537974335270        1.29100932E-02   4.38743364E-03
   5609.7286374839141        1.81875825E-02   4.57334658E-03
   5611.3035540412184        1.72959603E-02   4.57548443E-03
   5612.8785469663435        1.68613214E-02   4.49968502E-03
   5614.4536161201950        2.28786226E-02   4.48872847E-03
   5616.0287613636792        2.12373249E-02   4.43443097E-03
   5617.6039825576991        1.53535502E-02   4.33757948E-03
   5619.1792795631618        1.63952615E-02   4.43611434E-03
   5620.7546522409693        1.63712278E-02   4.47358051E-03
   5622.3301004520281        1.78641565E-02   4.53778496E-03
   5623.9056240572427        2.64466722E-02   4.64890292E-03
   5625.4812229175186        1.21305324E-02   4.35322104E-03
   5627.0568968937596        2.15684399E-02   4.57453541E-03
   5628.6326458468720        2.56579407E-02   4.69177729E-03
   5630.2084696377578        1.93498116E-02   4.56028758E-03
   5631.7843681273262        2.46737767E-02   4.69335867E-03
   5633.3603411764770        1.62163433E-02   4.48772311E-03
   5634.9363886461197        1.86040439E-02   4.49236762E-03
   5636.5125103971568        1.80245358E-02   4.52171685E-03
   5638.0887062904931        2.38737687E-02   4.62298980E-03
   5639.6649761870349        1.36630135E-02   4.40808292E-03
   5641.2413199476860        1.65335312E-02   4.47841454E-03
   5642.8177374333500        2.03601439E-02   4.58507240E-03
   5644.3942285049343        2.03806926E-02   4.56425175E-03
   5645.9707930233417        2.34667342E-02   4.72941995E-03
   5647.5474308494786        1.70619786E-02   4.52945242E-03
   5649.1241418442496        1.87832993E-02   4.56497865E-03
   5650.7009258685584        1.64282713E-02   4.52050148E-03
   5652.2777827833097        1.44092627E-02   4.48554335E-03
   5653.8547124494116        2.52652243E-02   4.67707636E-03
   5655.4317147277643        1.25499442E-02   4.45657270E-03
   5657.0087894792759        1.20144105E-02   4.35492117E-03
   5658.5859365648521        1.45378252E-02   4.41239588E-03
   5660.1631558453937        1.72791444E-02   4.49763332E-03
   5661.7404471818081        2.20929142E-02   4.61905869E-03
   5663.3178104350009        1.43805305E-02   4.45021875E-03
   5664.8952454658765        1.84645951E-02   4.52484237E-03
   5666.4727521353389        1.76920500E-02   4.55745682E-03
   5668.0503303042924        1.40725700E-02   4.45759483E-03
   5669.6279798336436        1.89023912E-02   4.60947398E-03
   5671.2057005842962        1.71729531E-02   4.61221905E-03
   5672.7834924171557        1.96784195E-02   4.67821676E-03
   5674.3613551931267        8.51937197E-03   4.41936217E-03
   5675.9392887731146        1.60275456E-02   4.58447542E-03
   5677.5172930180224        1.60914548E-02   4.58236458E-03
   5679.0953677887574        2.60698106E-02   4.76598274E-03
   5680.6735129462231        8.74357671E-03   4.40681260E-03
   5682.2517283513243        2.41229776E-02   4.71463101E-03
   5683.8300138649656        2.42593307E-02   4.66693845E-03
   5685.4083693480534        1.54524827E-02   4.52735601E-03
   5686.9867946614922        1.71638019E-02   4.53195116E-03
   5688.5652896661850        1.18998000E-02   4.44081193E-03
   5690.1438542230380        2.30308902E-02   4.69312491E-03
   5691.7224881929560        1.20398095E-02   4.48837783E-03
   5693.3011914368444        2.47948971E-02   4.80168406E-03
   5694.8799638156079        2.03401968E-02   4.74340795E-03
   5696.4588051901501        1.58443768E-02   4.57827793E-03
   5698.0377154213775        2.31312998E-02   4.72129276E-03
   5699.6166943701928        1.53465373E-02   4.56897682E-03
   5701.1957418975044        1.83636080E-02   4.61969990E-03
   5702.7748578642131        2.19572745E-02   4.74888226E-03
   5704.3540421312264        1.61897279E-02   4.61963750E-03
   5705.9332945594488        1.46506941E-02   4.53795586E-03
   5707.5126150097849        6.17509382E-03   4.32033604E-03
   5709.0920033431385        1.56178810E-02   4.45852894E-03
   5710.6714594204159        2.08710060E-02   4.61090542E-03
   5712.2509831025218        1.63858421E-02   4.57499502E-03
   5713.8305742503608        1.88418981E-02   4.59960429E-03
   5715.4102327248384        1.92958917E-02   4.68437467E-03
   5716.9899583868573        2.01306511E-02   4.72538499E-03
   5718.5697510973241        2.56445669E-02   4.78903344E-03
   5720.1496107171452        1.29541950E-02   4.61558811E-03
   5721.7295371072214        1.25298845E-02   4.63302527E-03
   5723.3095301284602        6.78028539E-03   4.49587638E-03
   5724.8895896417671        1.66384261E-02   4.71581891E-03
   5726.4697155080457        1.89801902E-02   4.73800581E-03
   5728.0499075882008        1.38582410E-02   4.59008990E-03
   5729.6301657431386        1.58213396E-02   4.68514813E-03
   5731.2104898337620        2.15382129E-02   4.77046613E-03
   5732.7908797209766        1.45506291E-02   4.66865161E-03
   5734.3713352656878        2.45383903E-02   4.92185028E-03
   5735.9518563288002        1.60374828E-02   4.71092714E-03
   5737.5324427712185        1.24346260E-02   4.62262891E-03
   5739.1130944538481        1.44943539E-02   4.63812426E-03
   5740.6938112375929        1.82485413E-02   4.71460074E-03
   5742.2745929833582        6.51871227E-03   4.46681725E-03
   5743.8554395520496        1.25903562E-02   4.61727846E-03
   5745.4363508045717        1.85471028E-02   4.74100793E-03
   5747.0173266018282        2.12785862E-02   4.77932952E-03
   5748.5983668047238        2.34960541E-02   4.81951330E-03
   5750.1794712741657        2.20650863E-02   4.78001405E-03
   5751.7606398710568        1.57131683E-02   4.61227167E-03
   5753.3418724563026        1.01472698E-02   4.54415940E-03
   5754.9231688908085        1.69206560E-02   4.62558912E-03
   5756.5045290354783        1.33510064E-02   4.60070558E-03
   5758.0859527512175        1.47811230E-02   4.67257947E-03
   5759.6674398989308        1.44602135E-02   4.65723407E-03
   5761.2489903395226        9.87001415E-03   4.52059880E-03
   5762.8306039338977        1.45201376E-02   4.58626775E-03
   5764.4122805429624        1.45146949E-02   4.65918798E-03
   5765.9940200276214        1.65908765E-02   4.72565740E-03
   5767.5758222487775        1.30136693E-02   4.66305250E-03
   5769.1576870673371        2.45720781E-02   4.95970342E-03
   5770.7396143442056        1.24845561E-02   4.64930944E-03
   5772.3216039402860        1.71665940E-02   4.74444637E-03
   5773.9036557164845        1.79218557E-02   4.73633641E-03
   5775.4857695337059        2.65081525E-02   4.96186921E-03
   5777.0679452528557        1.83775369E-02   4.79848916E-03
   5778.6501827348366        1.74854659E-02   4.71304683E-03
   5780.2324818405559        1.85056273E-02   4.76638973E-03
   5781.8148424309156        1.64009538E-02   4.65186918E-03
   5783.3972643668239        1.82406381E-02   4.70244046E-03
   5784.9797475091837        2.25128438E-02   4.77263192E-03
   5786.5622917189003        1.68541577E-02   4.66704089E-03
   5788.1448968568784        1.83894783E-02   4.77208430E-03
   5789.7275627840236        2.18079537E-02   4.80734510E-03
   5791.3102893612395        2.17230413E-02   4.81205620E-03
   5792.8930764494316        1.14905583E-02   4.60496219E-03
   5794.4759239095047        7.60401506E-03   4.52797953E-03
   5796.0588316023641        1.83227025E-02   4.77415090E-03
   5797.6417993889145        2.13422123E-02   4.84433584E-03
   5799.2248271300605        2.18209531E-02   4.82847355E-03
   5800.8079146867058        1.43935075E-02   4.74582659E-03
   5802.3910619197577        1.72454137E-02   4.76045115E-03
   5803.9742686901191        1.27389394E-02   4.62524872E-03
   5805.5575348586963        1.76422298E-02   4.79886774E-03
   5807.1408602863939        1.96027625E-02   4.78448765E-03
   5808.7242448341149        1.33823073E-02   4.70455503E-03
   5810.3076883627664        1.39956987E-02   4.70158923E-03
   5811.8911907332531        1.79644804E-02   4.83731553E-03
   5813.4747518064778        1.68500990E-02   4.79250029E-03
   5815.0583714433478        2.19945479E-02   4.85436618E-03
   5816.6420495047660        1.56678315E-02   4.73007001E-03
   5818.2257858516396        1.95444897E-02   4.88711707E-03
   5819.8095803448705        1.91064589E-02   4.88041155E-03
   5821.3934328453661        8.81629810E-03   4.66879224E-03
   5822.9773432140300        2.19378620E-02   4.92483424E-03
   5824.5613113117670        2.27900241E-02   4.92312340E-03
   5826.1453369994833        1.49375107E-02   4.72412817E-03
   5827.7294201380819        1.21308509E-02   4.72829165E-03
   5829.3135605884700        1.80704296E-02   4.83309384E-03
   5830.8977582115494        1.78465471E-02   4.86762915E-03
   5832.4820128682277        1.38248736E-02   4.68679285E-03
   5834.0663244194075        1.10806311E-02   4.68883617E-03
   5835.6506927259952        2.86810398E-02   5.07886568E-03
   5837.2351176488955        2.66332049E-02   5.02811093E-03
   5838.8195990490121        1.76103339E-02   4.85658413E-03
   5840.4041367872524        2.30053458E-02   4.95396275E-03
   5841.9887307245190        3.20930965E-02   5.21789491E-03
   5843.5733807217175        2.24632658E-02   4.99132276E-03
   5845.1580866397517        1.95723977E-02   4.90073301E-03
   5846.7428483395288        2.55581904E-02   5.01758186E-03
   5848.3276656819517        2.37458162E-02   4.96960664E-03
   5849.9125385279249        2.12682597E-02   4.97584185E-03
   5851.4974667383558        2.29891557E-02   4.95313900E-03
   5853.0824501741481        2.51446422E-02   4.99133626E-03
   5854.6674886962046        2.61957590E-02   5.01811318E-03
   5856.2525821654317        2.92262044E-02   5.03168674E-03
   5857.8377304427358        2.81890389E-02   5.03712799E-03
   5859.4229333890189        2.44333502E-02   4.94484324E-03
   5861.0081908651882        3.27959210E-02   5.15626045E-03
   5862.5935027321466        3.37201469E-02   5.23064099E-03
   5864.1788688508013        3.57062258E-02   5.25879348E-03
   5865.7642890820562        3.18835452E-02   5.25790779E-03
   5867.3497632868148        2.52609663E-02   5.10988338E-03
   5868.9352913259827        2.59386525E-02   5.15980320E-03
   5870.5208730604663        2.25611851E-02   5.06689399E-03
   5872.1065083511694        3.11538018E-02   5.23658935E-03
   5873.6921970589956        3.40545103E-02   5.27437823E-03
   5875.2779390448513        3.70612033E-02   5.35246264E-03
   5876.8637341696403        3.39253508E-02   5.20813232E-03
   5878.4495822942690        2.63954606E-02   5.07517578E-03
   5880.0354832796402        2.24713944E-02   5.05610509E-03
   5881.6214369866620        2.63870377E-02   5.12361759E-03
   5883.2074432762347        2.67543402E-02   5.07416762E-03
   5884.7935020092673        1.64864305E-02   4.92198626E-03
   5886.3796130466626        3.62230949E-02   5.38606197E-03
   5887.9657762493262        2.35420913E-02   5.46086999E-03
   5889.5519914781626        2.82017626E-02   5.74537506E-03
   5891.1382585940746        3.16036493E-02   5.77628007E-03
   5892.7245774579715        2.79415268E-02   5.52281458E-03
   5894.3109479307559        3.13868672E-02   5.54014789E-03
   5895.8973698733316        3.39210480E-02   5.55076031E-03
   5897.4838431466042        3.33875306E-02   5.54160867E-03
   5899.0703676114808        2.86652818E-02   5.28213335E-03
   5900.6569431288617        2.45025959E-02   5.01333270E-03
   5902.2435695596550        2.93547194E-02   5.19151473E-03
   5903.8302467647654        1.92636047E-02   5.03123924E-03
   5905.4169746050975        3.00914962E-02   5.22225536E-03
   5907.0037529415549        2.41295863E-02   5.03144367E-03
   5908.5905816350451        3.30339484E-02   5.28527470E-03
   5910.1774605464707        2.84063071E-02   5.21485927E-03
   5911.7643895367364        2.18950808E-02   5.04242256E-03
   5913.3513684667478        2.00367104E-02   5.02314046E-03
   5914.9383971974112        2.50808690E-02   5.11120493E-03
   5916.5254755896285        2.53554322E-02   5.11534559E-03
   5918.1126035043071        1.77544653E-02   5.01448568E-03
   5919.6997808023516        2.45142020E-02   5.11177676E-03
   5921.2870073446647        2.01922394E-02   5.07131778E-03
   5922.8742829921539        1.09443702E-02   4.81450977E-03
   5924.4616076057218        2.19551269E-02   5.06443717E-03
   5926.0489810462750        1.66370310E-02   4.97257197E-03
   5927.6364031747180        1.15832398E-02   4.84437635E-03
   5929.2238738519554        2.36284044E-02   5.02206013E-03
   5930.8113929388919        2.18629409E-02   5.11424756E-03
   5932.3989602964321        1.08559122E-02   4.80672019E-03
   5933.9865757854814        1.20343240E-02   4.89413133E-03
   5935.5742392669445        1.67105775E-02   4.96138586E-03
   5937.1619506017278        1.52692590E-02   4.95935371E-03
   5938.7497096507323        2.55739372E-02   5.18569630E-03
   5940.3375162748671        1.55111728E-02   4.94966516E-03
   5941.9253703350341        2.29951199E-02   5.06387278E-03
   5943.5132716921389        8.31781235E-03   4.79556806E-03
   5945.1012202070879        1.79343037E-02   5.01361862E-03
   5946.6892157407838        2.18322575E-02   5.04511828E-03
   5948.2772581541331        2.28395425E-02   5.06417919E-03
   5949.8653473080394        1.31533081E-02   4.91174543E-03
   5951.4534830634102        1.70408841E-02   5.05734980E-03
   5953.0416652811455        1.50881009E-02   4.99036396E-03
   5954.6298938221553        2.78338958E-02   5.28475223E-03
   5956.2181685473397        2.05039363E-02   5.12574520E-03
   5957.8064893176088        1.32751847E-02   4.87380708E-03
   5959.3948559938626        1.70970522E-02   4.99091251E-03
   5960.9832684370103        1.22501189E-02   4.86386754E-03
   5962.5717265079520        2.42188778E-02   5.17646922E-03
   5964.1602300675959        2.48839539E-02   5.16235037E-03
   5965.7487789768466        1.49999838E-02   4.96138679E-03
   5967.3373730966077        1.12249898E-02   4.92042163E-03
   5968.9260122877859        1.36682373E-02   4.96694492E-03
   5970.5146964112828        2.18000915E-02   5.20595303E-03
   5972.1034253280068        1.63059309E-02   5.04643470E-03
   5973.6921988988624        2.09861882E-02   5.10781771E-03
   5975.2810169847517        1.96355693E-02   5.12061641E-03
   5976.8698794465818        2.89903507E-02   5.26125217E-03
   5978.4587861452574        2.86001600E-02   5.26602147E-03
   5980.0477369416822        6.21557096E-03   4.81925486E-03
   5981.6367316967626        1.42031256E-02   4.96397493E-03
   5983.2257702714023        1.73613504E-02   4.99986159E-03
   5984.8148525265069        1.83524638E-02   5.10585494E-03
   5986.4039783229809        1.22701898E-02   4.87683062E-03
   5987.9931475217290        1.52985966E-02   4.98470012E-03
   5989.5823599836558        1.39390975E-02   4.95868316E-03
   5991.1716155696677        2.65896525E-02   5.29628573E-03
   5992.7609141406683        2.19331291E-02   5.14559215E-03
   5994.3502555575624        2.05674712E-02   5.09715825E-03
   5995.9396396812554        1.66535694E-02   5.01736393E-03
   5997.5290663726510        9.41221695E-03   4.88934433E-03
   5999.1185354926556        1.72858126E-02   5.01330243E-03
   6000.7080469021739        2.20688879E-02   5.11620054E-03
   6002.2976004621096        1.61586683E-02   5.02598705E-03
   6003.8871960333690        2.06061769E-02   5.09129046E-03
   6005.4768334768551        6.45485846E-03   4.82784072E-03
   6007.0665126534741        1.27451848E-02   4.86399932E-03
   6008.6562334241316        2.56542414E-02   5.18614938E-03
   6010.2459956497314        1.92079823E-02   5.08709764E-03
   6011.8357991911771        1.20055089E-02   5.00513474E-03
   6013.4256439093751        1.40587473E-02   4.96059190E-03
   6015.0155296652310        1.31444987E-02   4.95573599E-03
   6016.6054563196485        1.31132370E-02   4.96862689E-03
   6018.1954237335331        1.90545972E-02   5.05616283E-03
   6019.7854317677884        1.77184567E-02   5.05149877E-03
   6021.3754802833209        1.87921096E-02   5.04563516E-03
   6022.9655691410344        2.02265661E-02   5.08175837E-03
   6024.5556982018334        2.37261672E-02   5.16693946E-03
   6026.1458673266252        1.67237483E-02   5.02239633E-03
   6027.7360763763099        1.72959324E-02   5.06278127E-03
   6029.3263252117977        2.17637792E-02   5.26486523E-03
   6030.9166136939903        2.19108928E-02   5.22039225E-03
   6032.5069416837932        2.14425642E-02   5.19889360E-03
   6034.0973090421130        1.08988499E-02   5.00500528E-03
   6035.6877156298524        1.98185910E-02   5.21108182E-03
   6037.2781613079151        1.59575325E-02   5.12390165E-03
   6038.8686459372093        2.21391898E-02   5.18309884E-03
   6040.4591693786388        1.50187537E-02   5.01335738E-03
   6042.0497314931063        1.61270034E-02   5.09466836E-03
   6043.6403321415191        1.53022017E-02   5.05924039E-03
   6045.2309711847820        1.96683947E-02   5.14328526E-03
   6046.8216484837976        1.65893137E-02   5.10985497E-03
   6048.4123638994743        1.55143524E-02   5.06586814E-03
   6050.0031172927129        2.41691377E-02   5.29955095E-03
   6051.5939085244217        1.91793051E-02   5.16674761E-03
   6053.1847374555027        9.10688285E-03   4.97944886E-03
   6054.7756039468632        1.92346089E-02   5.18553425E-03
   6056.3665078594067        2.33952161E-02   5.29391412E-03
   6057.9574490540399        2.05351394E-02   5.27669908E-03
   6059.5484273916645        1.76036824E-02   5.19067654E-03
   6061.1394427331879        1.85296666E-02   5.15968772E-03
   6062.7304949395157        1.00148907E-02   4.96023241E-03
   6064.3215838715478        1.13647664E-02   4.98253526E-03
   6065.9127093901943        1.74010359E-02   5.17836120E-03
   6067.5038713563590        2.28913538E-02   5.28367609E-03
   6069.0950696309446        1.30627835E-02   5.08565176E-03
   6070.6863040748585        1.28046824E-02   5.10066655E-03
   6072.2775745490044        1.19388346E-02   5.01693599E-03
   6073.8688809142859        2.14021448E-02   5.30776707E-03
   6075.4602230316104        2.26022545E-02   5.30341268E-03
   6077.0516007618808        1.04156807E-02   5.00291493E-03
   6078.6430139660033        2.07265448E-02   5.19549800E-03
   6080.2344625048827        2.08258349E-02   5.26038464E-03
   6081.8259462394217        1.75660048E-02   5.21552050E-03
   6083.4174650305276        6.85639447E-03   4.91611194E-03
   6085.0090187391042        2.70218346E-02   5.39024873E-03
   6086.6006072260570        1.33180534E-02   5.12497313E-03
   6088.1922303522906        1.49889216E-02   5.04387403E-03
   6089.7838879787096        1.87912676E-02   5.21728676E-03
   6091.3755799662185        1.83248911E-02   5.17831556E-03
   6092.9673061757239        2.54382212E-02   5.40019572E-03
   6094.5590664681276        9.81449056E-03   5.04012546E-03
   6096.1508607043379        1.72006879E-02   5.22630243E-03
   6097.7426887452575        2.21167915E-02   5.31439343E-03
   6099.3345504517911        2.16438957E-02   5.24902530E-03
   6100.9264456848450        1.90355144E-02   5.21387579E-03
   6102.5183743053231        1.31207462E-02   5.07096760E-03
   6104.1103361741298        1.53515004E-02   5.09189162E-03
   6105.7023311521725        1.55178821E-02   5.14331693E-03
   6107.2943591003514        2.47333329E-02   5.37748076E-03
   6108.8864198795773        1.13627091E-02   5.14034228E-03
   6110.4785133507494        1.35843791E-02   5.16730500E-03
   6112.0706393747760        1.12897111E-02   5.08118095E-03
   6113.6627978125616        1.19098322E-02   5.16135758E-03
   6115.2549885250110        1.43083474E-02   5.16514806E-03
   6116.8472113730268        1.30685521E-02   5.16003743E-03
   6118.4394662175173        2.10860018E-02   5.41588804E-03
   6120.0317529193853        2.78781801E-02   5.41485660E-03
   6121.6240713395355        8.70420411E-03   5.04541444E-03
   6123.2164213388733        2.61377543E-02   5.40196989E-03
   6124.8088027783051        2.20624264E-02   5.32913720E-03
   6126.4012155187329        2.80677155E-02   5.58135984E-03
   6127.9936594210631        1.84768159E-02   5.28859766E-03
   6129.5861343462011        1.82313137E-02   5.32507990E-03
   6131.1786401550498        3.29958163E-02   5.57854772E-03
   6132.7711767085166        1.25043998E-02   5.19708451E-03
   6134.3637438675041        2.77557690E-02   5.46910847E-03
   6135.9563414929189        1.77991353E-02   5.24796918E-03
   6137.5489694456637        2.28489973E-02   5.35970600E-03
   6139.1416275866468        1.70572139E-02   5.21595590E-03
   6140.7343157767700        1.50080565E-02   5.28107304E-03
   6142.3270338769398        6.87746704E-03   5.11126360E-03
   6143.9197817480590        1.52248237E-02   5.34678344E-03
   6145.5125592510349        1.66325532E-02   5.34954062E-03
   6147.1053662467712        1.63662974E-02   5.30950259E-03
   6148.6982025961734        2.20156647E-02   5.44581516E-03
   6150.2910681601452        1.57758258E-02   5.34630148E-03
   6151.8839627995931        1.36833526E-02   5.25890058E-03
   6153.4768863754207        9.24942736E-03   5.11483429E-03
   6155.0698387485318        7.31495162E-03   5.10899350E-03
   6156.6628197798345        1.31465821E-02   5.30509511E-03
   6158.2558293302309        1.41007667E-02   5.29716350E-03
   6159.8488672606272        2.29387749E-02   5.42859267E-03
   6161.4419334319273        2.15533059E-02   5.31535363E-03
   6163.0350277050366        1.00145591E-02   5.04026841E-03
   6164.6281499408615        2.63105202E-02   5.48471510E-03
   6166.2213000003039        8.75830650E-03   5.15641598E-03
   6167.8144777442703        1.61916949E-02   5.34074660E-03
   6169.4076830336662        1.54327154E-02   5.30099636E-03
   6171.0009157293944        1.64104365E-02   5.31438040E-03
   6172.5941756923621        2.18268894E-02   5.53118158E-03
   6174.1874627834723        1.19337440E-02   5.29364171E-03
   6175.7807768636312        2.47532595E-02   5.62833715E-03
   6177.3741177937427        1.44358454E-02   5.34507912E-03
   6178.9674854347113        1.34079233E-02   5.36424434E-03
   6180.5608796474426        2.01011896E-02   5.58848632E-03
   6182.1543002928429        2.03507468E-02   5.57825761E-03
   6183.7477472318151        2.07343865E-02   5.60059492E-03
   6185.3412203252647        1.05053969E-02   5.30029181E-03
   6186.9347194340953        1.01220608E-02   5.41315321E-03
   6188.5282444192135        2.66057756E-02   5.70379384E-03
   6190.1217951415238        2.05266643E-02   5.52149443E-03
   6191.7153714619308        2.22866107E-02   5.69380820E-03
   6193.3089732413400        2.76798178E-02   5.64969657E-03
   6194.9026003406552        1.77843776E-02   5.59252687E-03
   6196.4962526207810        2.07973029E-02   5.61825931E-03
   6198.0899299426237        1.25104804E-02   5.48018888E-03
   6199.6836321670871        1.50570776E-02   5.52550564E-03
   6201.2773591550776        1.35193756E-02   5.46763046E-03
   6202.8711107674972        1.76035501E-02   5.59162488E-03
   6204.4648868652539        1.35224406E-02   5.59390569E-03
   6206.0586873092507        9.38682072E-03   5.48103079E-03
   6207.6525119603921        3.20640020E-02   5.98068163E-03
   6209.2463606795845        1.34729426E-02   5.60641568E-03
   6210.8402333277318        1.01549961E-02   5.49118733E-03
   6212.4341297657393        2.71465424E-02   5.81158837E-03
   6214.0280498545108        2.00904626E-02   5.65597089E-03
   6215.6219934549536        2.17008889E-02   5.72013576E-03
   6217.2159604279686        1.39506608E-02   5.50716184E-03
   6218.8099506344652        1.47898663E-02   5.58434939E-03
   6220.4039639353450        2.44660191E-02   5.91740711E-03
   6221.9980001915137        2.56988816E-02   5.88777801E-03
   6223.5920592638768        1.59254614E-02   5.71990386E-03
   6225.1861410133388        1.63735151E-02   5.68850106E-03
   6226.7802453008044        1.58548225E-02   5.64452354E-03
   6228.3743719871782        9.57680214E-03   5.48086269E-03
   6229.9685209333657        2.75692046E-02   5.93682285E-03
   6231.5626920002715        2.43396144E-02   5.86645538E-03
   6233.1568850488002        1.92972049E-02   6.01214543E-03
   6234.7510999398582        2.01240964E-02   6.11541420E-03
   6236.3453365343485        2.99656056E-02   6.23577368E-03
   6237.9395946931754        2.56062932E-02   6.07406534E-03
   6239.5338742772456        1.57007370E-02   5.91437938E-03
   6241.1281751474644        1.47879198E-02   5.80362231E-03
   6242.7224971647338        2.28382871E-02   6.02374971E-03
   6244.3168401899620        1.24863768E-02   5.71568869E-03
   6245.9112040840519        2.21144296E-02   5.90971345E-03
   6247.5055887079079        2.96493769E-02   6.07840577E-03
   6249.0999939224366        1.74665265E-02   5.86409913E-03
   6250.6944195885408        1.53566925E-02   5.84076019E-03
   6252.2888655671277        1.77888162E-02   5.88553911E-03
   6253.8833317191011        1.26747293E-02   5.73796965E-03
   6255.4778179053646        2.46458352E-02   6.19139802E-03
   6257.0723239868248        1.82123017E-02   6.13648584E-03
   6258.6668498243862        2.28077881E-02   6.22792915E-03
   6260.2613952789525        1.86101478E-02   6.20231312E-03
   6261.8559602114319        2.05954444E-02   6.19193399E-03
   6263.4505444827246        1.42243821E-02   6.04102062E-03
   6265.0451479537378        3.17578055E-02   6.45291200E-03
   6266.6397704853771        1.40295448E-02   6.14445237E-03
   6268.2344119385461        1.83831472E-02   6.17293734E-03
   6269.8290721741505        1.51229566E-02   6.12269249E-03
   6271.4237510530938        1.73470378E-02   6.15602639E-03
   6273.0184484362835        2.86583640E-02   6.36837538E-03
   6274.6131641846223        1.81862917E-02   6.22711517E-03
   6276.2078981590139        1.26456739E-02   6.07289234E-03
   6277.8026502203656        1.75561029E-02   6.07542694E-03
   6279.3974202295831        2.43947543E-02   6.26744004E-03
   6280.9922080475671        1.44953970E-02   6.06813189E-03
   6282.5870135352270        1.69118904E-02   6.22564275E-03
   6284.1818365534664        8.16189963E-03   6.12526527E-03
   6285.7766769631880        2.51411218E-02   6.63379394E-03
   6287.3715346252975        1.96688455E-02   6.60339370E-03
   6288.9664094007012        1.10244919E-02   6.37961505E-03
   6290.5613011503028        3.12378369E-02   6.74227951E-03
