   3855.2256615937677        1.56393182E-02   5.76984184E-03
   3856.6157035569013        1.96365938E-02   5.75224869E-03
   3858.0059847682701        2.22267061E-02   5.57178073E-03
   3859.3965050887791        2.23910883E-02   5.47710154E-03
   3860.7872643793321        3.66674140E-02   6.07558805E-03
   3862.1782625008354        2.27346085E-02   5.67687210E-03
   3863.5694993141933        2.27210745E-02   6.04086323E-03
   3864.9609746803098        1.87493004E-02   5.90597093E-03
   3866.3526884600906        1.81322675E-02   5.79713006E-03
   3867.7446405144410        3.40075642E-02   6.21454278E-03
   3869.1368307042653        1.72524713E-02   5.53044211E-03
   3870.5292588904681        2.75671985E-02   5.60098235E-03
   3871.9219249339544        3.29065435E-02   5.74242184E-03
   3873.3148286956293        1.92773361E-02   5.48106898E-03
   3874.7079700363975        3.21559682E-02   6.10973407E-03
   3876.1013488171643        2.67418921E-02   5.86620392E-03
   3877.4949648988336        1.99514013E-02   5.54220611E-03
   3878.8888181423108        2.24050693E-02   5.46347210E-03
   3880.2829084085010        2.33123079E-02   5.41668758E-03
   3881.6772355583089        2.63262223E-02   5.57370065E-03
   3883.0717994526394        2.58437563E-02   5.49716037E-03
   3884.4665999523968        2.26628538E-02   5.35099534E-03
   3885.8616369184870        3.32013890E-02   5.78666897E-03
   3887.2569102118136        2.26750337E-02   5.28280344E-03
   3888.6524196932828        3.18839476E-02   5.46968821E-03
   3890.0481652237986        2.85191536E-02   5.51140262E-03
   3891.4441466642656        2.30969060E-02   5.49157383E-03
   3892.8403638755894        2.20526904E-02   5.48144616E-03
   3894.2368167186746        2.32693460E-02   5.51122613E-03
   3895.6335050544262        2.05360092E-02   5.46393637E-03
   3897.0304287437484        2.12037060E-02   5.56035340E-03
   3898.4275876475467        3.74559015E-02   5.91392443E-03
   3899.8249816267262        2.15577818E-02   5.48973400E-03
   3901.2226105421910        2.67553553E-02   5.52737573E-03
   3902.6204742548466        3.13824005E-02   5.70228696E-03
   3904.0185726255968        2.61821263E-02   5.39872469E-03
   3905.4169055153479        2.87635624E-02   5.46160201E-03
   3906.8154727850042        2.78524309E-02   5.49897412E-03
   3908.2142742954702        3.63900587E-02   5.76006994E-03
   3909.6133099076510        1.42163904E-02   5.26691135E-03
   3911.0125794824512        2.08366252E-02   5.47689432E-03
   3912.4120828807763        2.59609930E-02   5.58747537E-03
   3913.8118199635305        2.09655371E-02   5.56770852E-03
   3915.2117905916193        2.35792827E-02   5.57074370E-03
   3916.6119946259469        2.80121453E-02   5.48292324E-03
   3918.0124319274182        2.33033113E-02   5.30349743E-03
   3919.4131023569389        2.60490868E-02   5.24615310E-03
   3920.8140057754131        1.89922303E-02   4.94113239E-03
   3922.2151420437458        2.58217901E-02   5.06972941E-03
   3923.6165110228417        2.36099921E-02   4.98019019E-03
   3925.0181125736058        1.51939541E-02   4.71761636E-03
   3926.4199465569432        2.33052578E-02   4.86216089E-03
   3927.8220128337584        3.55437323E-02   4.95453272E-03
   3929.2243112649567        3.21698189E-02   4.64083860E-03
   3930.6268417114425        2.42379904E-02   4.11999272E-03
   3932.0296040341209        1.98012292E-02   3.79762403E-03
   3933.4325980938966        2.30043884E-02   3.85202980E-03
   3934.8358237516745        2.80171353E-02   3.98921734E-03
   3936.2392808683599        3.02503146E-02   4.20744950E-03
   3937.6429693048567        3.61090899E-02   4.54657571E-03
   3939.0468889220706        2.49286518E-02   4.47568297E-03
   3940.4510395809061        2.18078997E-02   4.58236272E-03
   3941.8554211422684        2.07950715E-02   4.62459214E-03
   3943.2600334670619        2.74802707E-02   4.81074862E-03
   3944.6648764161919        2.82516293E-02   4.88779368E-03
   3946.0699498505624        2.98932064E-02   5.04459767E-03
   3947.4752536310793        2.75004897E-02   4.96857008E-03
   3948.8807876186470        3.36076953E-02   5.23852650E-03
   3950.2865516741708        2.69949697E-02   5.11603709E-03
   3951.6925456585550        2.97224913E-02   5.20402752E-03
   3953.0987694327041        3.15395258E-02   5.25451684E-03
   3954.5052228575241        2.66088955E-02   5.11804456E-03
   3955.9119057939188        2.92719007E-02   5.13218902E-03
   3957.3188181027936        2.52342429E-02   5.02056582E-03
   3958.7259596450531        2.69256327E-02   4.99692140E-03
   3960.1333302816029        2.04284098E-02   4.73425956E-03
   3961.5409298733462        2.77870726E-02   4.76164557E-03
   3962.9487582811898        2.42394116E-02   4.47813235E-03
   3964.3568153660372        2.35737916E-02   4.23676521E-03
   3965.7651009887941        2.49454044E-02   4.30547260E-03
   3967.1736150103652        2.52998509E-02   3.96235241E-03
   3968.5823572916543        3.22572961E-02   4.02752310E-03
   3969.9913276935677        2.40179524E-02   3.80938407E-03
   3971.4005260770095        3.35294940E-02   4.32492979E-03
   3972.8099523028850        2.25399584E-02   4.20394354E-03
   3974.2196062320986        2.83973496E-02   4.52403771E-03
   3975.6294877255555        2.00931113E-02   4.50322358E-03
   3977.0395966441602        1.76856592E-02   4.58781235E-03
   3978.4499328488178        2.77092047E-02   5.00691729E-03
   3979.8604962004329        1.91050228E-02   4.87297866E-03
   3981.2712865599105        2.93684639E-02   5.19858394E-03
   3982.6823037881559        3.32572535E-02   5.29941684E-03
   3984.0935477460739        2.29335614E-02   4.91749635E-03
   3985.5050182945688        2.77534518E-02   5.02425339E-03
   3986.9167152945456        2.13277079E-02   4.94908495E-03
   3988.3286386069094        3.31037864E-02   5.22664096E-03
   3989.7407880925648        2.90045943E-02   5.16034616E-03
   3991.1531636124168        2.93640886E-02   5.21417568E-03
   3992.5657650273702        1.35537786E-02   4.83588828E-03
   3993.9785921983303        2.38545872E-02   5.10708941E-03
   3995.3916449862008        1.32027408E-02   4.71150596E-03
   3996.8049232518879        2.14327145E-02   4.84107481E-03
   3998.2184268562955        2.34601889E-02   5.02513070E-03
   3999.6321556603293        2.32173130E-02   5.06104669E-03
   4001.0461095248934        1.30530223E-02   4.85856645E-03
   4002.4602883108928        2.88775060E-02   5.26649691E-03
   4003.8746918792331        3.19597870E-02   5.17910905E-03
   4005.2893200908184        2.98491064E-02   5.10644913E-03
   4006.7041728065528        1.89034957E-02   4.87721246E-03
   4008.1192498873434        2.33307648E-02   5.00639249E-03
   4009.5345511940927        1.87576450E-02   4.91509400E-03
   4010.9500765877074        2.14403644E-02   5.10153733E-03
   4012.3658259290910        2.47831568E-02   5.16169844E-03
   4013.7817990791491        1.73220802E-02   4.98414040E-03
   4015.1979958987868        2.13549845E-02   5.06182108E-03
   4016.6144162489081        2.00672634E-02   5.00262575E-03
   4018.0310599904187        2.30429750E-02   5.06197615E-03
   4019.4479269842227        2.76548527E-02   5.26848622E-03
   4020.8650170912251        2.31922902E-02   5.11230202E-03
   4022.2823301723315        1.85092520E-02   5.01135271E-03
   4023.6998660884460        2.34030709E-02   5.04384423E-03
   4025.1176247004732        2.69563254E-02   5.21338359E-03
   4026.5356058693192        2.13031359E-02   5.05616935E-03
   4027.9538094558875        1.81547161E-02   5.03506418E-03
   4029.3722353210842        2.02214383E-02   5.02639171E-03
   4030.7908833258134        1.93869490E-02   4.89695277E-03
   4032.2097533309798        1.61561370E-02   4.53986041E-03
   4033.6288451974888        2.60144323E-02   4.84434143E-03
   4035.0481587862446        2.12902632E-02   4.83942917E-03
   4036.4676939581527        2.48737354E-02   5.04140556E-03
   4037.8874505741173        2.69872565E-02   5.09894593E-03
   4039.3074284950444        2.43805982E-02   5.13746450E-03
   4040.7276275818376        2.15636734E-02   4.98346100E-03
   4042.1480476954030        2.32888255E-02   4.96653607E-03
   4043.5686886966441        2.36808788E-02   4.90692770E-03
   4044.9895504464662        2.31027249E-02   4.77026962E-03
   4046.4106328057746        2.31261663E-02   4.67750058E-03
   4047.8319356354746        1.89006720E-02   4.69917757E-03
   4049.2534587964697        1.71950888E-02   4.84368252E-03
   4050.6752021496659        2.81795617E-02   5.10943215E-03
   4052.0971655559670        2.34453324E-02   4.97611379E-03
   4053.5193488762784        9.70679242E-03   4.60893102E-03
   4054.9417519715057        2.75898110E-02   4.92390338E-03
   4056.3643747025526        1.42697077E-02   4.62594582E-03
   4057.7872169303246        2.17191521E-02   4.72787302E-03
   4059.2102785157263        1.13924900E-02   4.64819744E-03
   4060.6335593196627        2.16798969E-02   4.81147459E-03
   4062.0570592030385        1.52261658E-02   4.61870432E-03
   4063.4807780267588        1.92574747E-02   4.67934879E-03
   4064.9047156517286        2.08576750E-02   4.55523515E-03
   4066.3288719388520        2.13032793E-02   4.66728723E-03
   4067.7532467490346        2.18672007E-02   4.82851127E-03
   4069.1778399431810        2.30182875E-02   4.85221064E-03
   4070.6026513821962        1.58734918E-02   4.66535753E-03
   4072.0276809269844        1.78577639E-02   4.69393423E-03
   4073.4529284384512        2.00813189E-02   4.63763950E-03
   4074.8783937775011        3.07723060E-02   4.97524347E-03
   4076.3040768050396        2.05193330E-02   4.65830090E-03
   4077.7299773819705        1.71947759E-02   4.58437903E-03
   4079.1560953691996        1.13639245E-02   4.43762634E-03
   4080.5824306276309        1.49307810E-02   4.61922353E-03
   4082.0089830181705        2.36814264E-02   4.90377005E-03
   4083.4357524017223        2.52145324E-02   4.89022536E-03
   4084.8627386391909        2.76292041E-02   4.92715789E-03
   4086.2899415914817        1.11405309E-02   4.56242217E-03
   4087.7173611194994        2.54942290E-02   4.94731357E-03
   4089.1449970841495        1.89265758E-02   4.90840990E-03
   4090.5728493463357        2.27437727E-02   4.90871677E-03
   4092.0009177669631        2.29484998E-02   4.81596403E-03
   4093.4292022069376        2.42836364E-02   4.85353125E-03
   4094.8577025271634        2.60176081E-02   4.83822264E-03
   4096.2864185885455        1.89449359E-02   4.65935236E-03
   4097.7153502519877        1.98864732E-02   4.57429932E-03
   4099.1444973783964        2.59329956E-02   4.57419781E-03
   4100.5738598286753        1.96117666E-02   4.35930956E-03
   4102.0034374637298        2.16542911E-02   4.32475749E-03
   4103.4332301444647        2.52415743E-02   4.37483657E-03
   4104.8632377317854        1.25252064E-02   4.32490697E-03
   4106.2934600865956        2.01485828E-02   4.58646240E-03
   4107.7238970697999        2.69191042E-02   4.80017206E-03
   4109.1545485423067        1.96465161E-02   4.64769360E-03
   4110.5854143650158        2.31476594E-02   4.65917587E-03
   4112.0164943988357        3.19366232E-02   4.95254155E-03
   4113.4477885046699        2.61333734E-02   4.88828961E-03
   4114.8792965434222        2.09239088E-02   4.74932697E-03
   4116.3110183759991        3.29492986E-02   5.08002471E-03
   4117.7429538633060        1.84567291E-02   4.74984897E-03
   4119.1751028662457        2.46659126E-02   4.79422091E-03
   4120.6074652457255        2.87366714E-02   4.84269019E-03
   4122.0400408626474        1.89291239E-02   4.62453393E-03
   4123.4728295779178        8.30001850E-03   4.40752273E-03
   4124.9058312524421        2.19967421E-02   4.76422394E-03
   4126.3390457471251        2.40538549E-02   4.72422224E-03
   4127.7724729228694        1.93773452E-02   4.60152421E-03
   4129.2061126405824        1.69139132E-02   4.53927787E-03
   4130.6399647611688        1.71310194E-02   4.49403888E-03
   4132.0740291455322        2.44969390E-02   4.64060390E-03
   4133.5083056545782        1.93359684E-02   4.46847314E-03
   4134.9427941492104        2.05259845E-02   4.52543329E-03
   4136.3774944903362        2.60902513E-02   4.70120693E-03
   4137.8124065388583        2.00029239E-02   4.72210022E-03
   4139.2475301556824        1.98281724E-02   4.70655039E-03
   4140.6828652017130        2.22524889E-02   4.74916492E-03
   4142.1184115378555        2.01019999E-02   4.52671712E-03
   4143.5541690250147        2.43732221E-02   4.57152771E-03
   4144.9901375240943        2.03307532E-02   4.48897528E-03
   4146.4263168960006        1.74570419E-02   4.42766724E-03
   4147.8627070016373        1.69115793E-02   4.45153005E-03
   4149.2993077019109        1.89311635E-02   4.51378664E-03
   4150.7361188577243        1.93254054E-02   4.49356204E-03
   4152.1731403299846        1.49262827E-02   4.43434669E-03
   4153.6103719795947        1.94899477E-02   4.42899112E-03
   4155.0478136674592        1.72889382E-02   4.47287178E-03
   4156.4854652544846        2.69776080E-02   4.60952334E-03
   4157.9233266015754        1.74284112E-02   4.46530990E-03
   4159.3613975696353        9.50042065E-03   4.34012664E-03
   4160.7996780195708        1.85573325E-02   4.51085391E-03
   4162.2381678122847        1.99897420E-02   4.63981414E-03
   4163.6768668086843        2.46684458E-02   4.72029997E-03
   4165.1157748696733        2.74985880E-02   4.80710948E-03
   4166.5548918561553        3.17906439E-02   4.83656023E-03
   4167.9942176290369        1.43017182E-02   4.44151415E-03
   4169.4337520492218        2.14328561E-02   4.57796548E-03
   4170.8734949776162        1.70037579E-02   4.45354357E-03
   4172.3134462751241        2.35798992E-02   4.52135922E-03
   4173.7536058026508        2.00565048E-02   4.43033921E-03
   4175.1939734211001        1.60645600E-02   4.33604652E-03
   4176.6345489913774        1.42455855E-02   4.30230005E-03
   4178.0753323743884        2.11740024E-02   4.43884823E-03
   4179.5163234310376        1.74850449E-02   4.40173782E-03
   4180.9575220222287        1.69182792E-02   4.32523387E-03
   4182.3989280088681        2.12587062E-02   4.42461623E-03
   4183.8405412518596        2.25010440E-02   4.46582166E-03
   4185.2823616121086        1.84564367E-02   4.36251378E-03
   4186.7243889505198        1.99660864E-02   4.39895689E-03
   4188.1666231279978        2.24782322E-02   4.43566404E-03
   4189.6090640054472        2.12968346E-02   4.37036389E-03
   4191.0517114437753        2.55889650E-02   4.57904069E-03
   4192.4945653038831        2.14876644E-02   4.50650463E-03
   4193.9376254466779        2.37629656E-02   4.54788934E-03
   4195.3808917330643        2.36344300E-02   4.54756804E-03
   4196.8243640239471        2.11570635E-02   4.37314296E-03
   4198.2680421802297        2.76423581E-02   4.41710139E-03
   4199.7119260628197        2.53562145E-02   4.35829442E-03
   4201.1560155326188        2.36257389E-02   4.32765018E-03
   4202.6003104505353        1.89971384E-02   4.25479142E-03
   4204.0448106774720        2.45389026E-02   4.43463633E-03
   4205.4895160743336        2.02737395E-02   4.39649494E-03
   4206.9344265020245        1.54753793E-02   4.40329220E-03
   4208.3795418214522        2.27949489E-02   4.51399200E-03
   4209.8248618935186        2.13731285E-02   4.47168434E-03
   4211.2703865791300        2.37848628E-02   4.50864295E-03
   4212.7161157391920        2.57356949E-02   4.58305934E-03
   4214.1620492346074        2.64091548E-02   4.59929649E-03
   4215.6081869262825        1.87617969E-02   4.29175515E-03
   4217.0545286751212        2.21467745E-02   4.32775542E-03
   4218.5010743420307        2.52990089E-02   4.50270437E-03
   4219.9478237879130        2.67244615E-02   4.57968051E-03
   4221.3947768736734        2.22253576E-02   4.46536066E-03
   4222.8419334602186        2.37884615E-02   4.47285129E-03
   4224.2892934084521        1.84424501E-02   4.21792828E-03
   4225.7368565792785        2.34244112E-02   4.10702964E-03
   4227.1846228336035        3.37147973E-02   4.29482851E-03
   4228.6325920323316        1.51301958E-02   3.96952359E-03
   4230.0807640363664        3.09010819E-02   4.51859739E-03
   4231.5291387066154        2.67356299E-02   4.52684378E-03
   4232.9777159039822        1.83496177E-02   4.31515789E-03
   4234.4264954893715        1.40960533E-02   4.14948305E-03
   4235.8754773236869        1.83365941E-02   4.13842220E-03
   4237.3246612678358        1.82776749E-02   4.17384692E-03
   4238.7740471827210        1.82344466E-02   4.10764711E-03
   4240.2236349292489        2.47541945E-02   4.36861767E-03
   4241.6734243683231        2.70194579E-02   4.39092238E-03
   4243.1234153608493        1.81246772E-02   4.24377574E-03
   4244.5736077677311        2.56161690E-02   4.42980323E-03
   4246.0240014498759        2.46998873E-02   4.34861798E-03
   4247.4745962681855        2.07866970E-02   4.25407151E-03
   4248.9253920835663        1.89080294E-02   4.12370916E-03
   4250.3763887569239        1.96172483E-02   4.08632169E-03
   4251.8275861491620        9.47022904E-03   3.90367117E-03
   4253.2789841211852        3.30259129E-02   4.42987774E-03
   4254.7305825338999        1.83540080E-02   4.18577297E-03
   4256.1823812482098        2.82273274E-02   4.36529098E-03
   4257.6343801250196        2.71938872E-02   4.37990250E-03
   4259.0865790252346        1.91610232E-02   4.08841856E-03
   4260.5389778097588        1.89371090E-02   4.01232019E-03
   4261.9915763394993        2.01286022E-02   4.11161967E-03
   4263.4443744753580        2.42123585E-02   4.26409813E-03
   4264.8973720782424        1.89600550E-02   4.26375540E-03
   4266.3505690090560        1.42338807E-02   4.10120329E-03
   4267.8039651287036        2.04265360E-02   4.25552297E-03
   4269.2575602980896        1.52140362E-02   3.97952180E-03
   4270.7113543781206        1.81862134E-02   3.93883232E-03
   4272.1653472297003        1.14830900E-02   3.71647091E-03
   4273.6195387137332        1.79311819E-02   3.83256748E-03
   4275.0739286911257        1.83808934E-02   3.99266509E-03
   4276.5285170227808        1.91443488E-02   4.12010914E-03
   4277.9833035696047        2.69584265E-02   4.33357572E-03
   4279.4382881925012        2.99332142E-02   4.43405379E-03
   4280.8934707523749        1.58226546E-02   4.08180710E-03
   4282.3488511101323        2.29725279E-02   4.18559602E-03
   4283.8044291266779        2.30228454E-02   4.20303503E-03
   4285.2602046629163        2.22419444E-02   4.14234074E-03
   4286.7161775797513        2.61083711E-02   4.17634239E-03
   4288.1723477380883        1.89339072E-02   3.94177530E-03
   4289.6287149988329        2.15030555E-02   3.99953267E-03
   4291.0852792228889        2.26058997E-02   4.07280074E-03
   4292.5420402711625        2.47000251E-02   4.08407580E-03
   4293.9989980045575        2.24412903E-02   4.08113608E-03
   4295.4561522839795        1.90241318E-02   4.04234650E-03
   4296.9135029703320        1.53479939E-02   3.85427661E-03
   4298.3710499245217        2.52305046E-02   3.91114084E-03
   4299.8287930074521        1.77203137E-02   3.67050176E-03
   4301.2867320800287        2.33586133E-02   3.71877197E-03
   4302.7448670031563        1.60600338E-02   3.54218134E-03
   4304.2031976377393        2.09895633E-02   3.73708480E-03
   4305.6617238446834        2.85104308E-02   3.85769363E-03
   4307.1204454848921        1.68509781E-02   3.59274051E-03
   4308.5793624192711        1.55720934E-02   3.48155340E-03
   4310.0384745087258        2.25726850E-02   3.67498118E-03
   4311.4977816141609        1.63865518E-02   3.58154322E-03
   4312.9572835964800        2.42619850E-02   3.91563075E-03
   4314.4169803165887        1.31818978E-02   3.83704854E-03
   4315.8768716353925        2.64487285E-02   4.35254024E-03
   4317.3369574137960        1.31705506E-02   4.11897618E-03
   4318.7972375127038        2.22872403E-02   4.37696045E-03
   4320.2577117930205        2.40886323E-02   4.35006293E-03
   4321.7183801156507        2.88986228E-02   4.41354327E-03
   4323.1792423415000        2.79438794E-02   4.18960210E-03
   4324.6402983314738        3.14450338E-02   4.13429784E-03
   4326.1015479464750        1.91007499E-02   3.77648347E-03
   4327.5629910474099        1.76738668E-02   3.97054804E-03
   4329.0246274951842        2.20468417E-02   4.15329356E-03
   4330.4864571507014        2.22262014E-02   4.27399250E-03
   4331.9484798748654        2.41019633E-02   4.30522161E-03
   4333.4106955285843        1.79872587E-02   4.14442550E-03
   4334.8731039727591        1.79007798E-02   4.15399950E-03
   4336.3357050682971        2.34793294E-02   4.19529341E-03
   4337.7984986761021        2.61898134E-02   4.09879535E-03
   4339.2614846570805        2.26523746E-02   3.80403735E-03
   4340.7246628721359        2.53603552E-02   3.86445643E-03
   4342.1880331821721        1.73324645E-02   3.71765322E-03
   4343.6515954480965        2.21831035E-02   3.93566210E-03
   4345.1153495308126        1.86447632E-02   4.04408388E-03
   4346.5792952912243        1.60079654E-02   4.00256319E-03
   4348.0434325902379        1.98591370E-02   4.15283814E-03
   4349.5077612887580        2.02202201E-02   4.12376644E-03
   4350.9722812476903        2.23457739E-02   4.11721831E-03
   4352.4369923279373        2.51670647E-02   4.08755662E-03
   4353.9018943904057        2.22687125E-02   4.02024528E-03
   4355.3669872959999        2.07418259E-02   4.13513603E-03
   4356.8322709056238        2.62958948E-02   4.23720758E-03
   4358.2977450801845        2.35316716E-02   4.18834900E-03
   4359.7634096805841        2.09133830E-02   4.14570142E-03
   4361.2292645677298        2.64390223E-02   4.27897181E-03
   4362.6953096025254        1.56434141E-02   4.04685643E-03
   4364.1615446458763        2.09756643E-02   4.20280173E-03
   4365.6279695586863        1.88568830E-02   4.13342798E-03
   4367.0945842018618        1.88492704E-02   4.11668420E-03
   4368.5613884363056        2.20224224E-02   4.14405437E-03
   4370.0283821229250        2.04477329E-02   4.09611408E-03
   4371.4955651226237        1.93009209E-02   4.07112855E-03
   4372.9629372963054        2.10902281E-02   4.04191809E-03
   4374.4304985048766        2.30288599E-02   4.05441504E-03
   4375.8982486092409        2.01174226E-02   3.96504765E-03
   4377.3661874703048        1.79673005E-02   4.00955277E-03
   4378.8343149489720        2.75032502E-02   4.15954227E-03
   4380.3026309061470        2.66175997E-02   4.17393260E-03
   4381.7711352027354        1.61550660E-02   3.82573437E-03
   4383.2398276996419        1.58726461E-02   3.63112683E-03
   4384.7087082577718        2.40663849E-02   3.79295950E-03
   4386.1777767380290        1.82705987E-02   3.75438202E-03
   4387.6470330013190        1.75394621E-02   3.84979229E-03
   4389.1164769085462        2.46505141E-02   4.05009324E-03
   4390.5861083206164        2.29066070E-02   3.99104785E-03
   4392.0559270984331        1.47463698E-02   3.91662447E-03
   4393.5259331029029        2.03454327E-02   3.96013213E-03
   4394.9961261949284        1.76204983E-02   3.94732459E-03
   4396.4665062354161        1.83562245E-02   4.01882222E-03
   4397.9370730852706        1.69500951E-02   3.96670308E-03
   4399.4078266053966        2.06741337E-02   4.06356668E-03
   4400.8787666566996        2.80105080E-02   4.14861366E-03
   4402.3498931000831        1.83191802E-02   3.92675074E-03
   4403.8212057964520        2.37730406E-02   3.99934174E-03
   4405.2927046067134        1.59508809E-02   3.84153845E-03
   4406.7643893917693        2.42102370E-02   3.99113959E-03
   4408.2362600125271        1.88279040E-02   3.97117762E-03
   4409.7083163298894        9.29032452E-03   3.83657077E-03
   4411.1805582047627        2.18697377E-02   4.16683499E-03
   4412.6529854980508        1.28523521E-02   3.99767375E-03
   4414.1255980706592        1.18751004E-02   3.91740305E-03
   4415.5983957834924        2.48219874E-02   4.14190535E-03
   4417.0713784974560        1.78592224E-02   3.93121736E-03
   4418.5445460734536        2.78157238E-02   4.25337255E-03
   4420.0178983723908        1.66110843E-02   4.07051854E-03
   4421.4914352551723        2.02734340E-02   4.17289650E-03
   4422.9651565827035        2.18320247E-02   4.17167880E-03
   4424.4390622158890        1.61276516E-02   4.02877014E-03
   4425.9131520156334        1.44991456E-02   3.97796463E-03
   4427.3874258428414        1.74426008E-02   4.05604066E-03
   4428.8618835584175        1.89966373E-02   4.11343342E-03
   4430.3365250232673        1.91516187E-02   4.09103232E-03
   4431.8113500982963        1.57627985E-02   4.00518766E-03
   4433.2863586444082        1.39841828E-02   3.93392099E-03
   4434.7615505225076        1.14678564E-02   3.80024593E-03
   4436.2369255935000        1.75317824E-02   3.99408955E-03
   4437.7124837182910        2.24292930E-02   4.12131241E-03
   4439.1882247577851        1.49085484E-02   4.03081626E-03
   4440.6641485728851        2.76613906E-02   4.29271301E-03
   4442.1402550244993        1.13621382E-02   3.88063048E-03
   4443.6165439735287        2.56053843E-02   4.19191830E-03
   4445.0930152808814        1.69753786E-02   4.07565711E-03
   4446.5696688074613        1.77614745E-02   4.10862081E-03
   4448.0465044141729        1.79302376E-02   4.14791470E-03
   4449.5235219619217        1.79514177E-02   4.10766294E-03
   4451.0007213116114        2.57060155E-02   4.23907675E-03
   4452.4781023241476        3.41292284E-02   4.37604962E-03
   4453.9556648604348        2.09701620E-02   4.06623259E-03
   4455.4334087813786        2.40938477E-02   4.10715304E-03
   4456.9113339478836        1.74479429E-02   3.89470160E-03
   4458.3894402208534        2.46547125E-02   4.06153221E-03
   4459.8677274611946        2.47389860E-02   4.07538703E-03
   4461.3461955298126        3.13877612E-02   4.23312094E-03
   4462.8248442876093        2.04856470E-02   4.04758006E-03
   4464.3036735954911        2.28069704E-02   4.12680302E-03
   4465.7826833143636        1.75666437E-02   4.10583522E-03
   4467.2618733051313        2.55335681E-02   4.20930889E-03
   4468.7412434286998        2.77262665E-02   4.25911648E-03
   4470.2207935459710        2.83013284E-02   4.24520997E-03
   4471.7005235178531        2.78264601E-02   4.28526057E-03
   4473.1804332052488        2.20393166E-02   4.21128981E-03
   4474.6605224690647        1.83240753E-02   4.16975887E-03
   4476.1407911702045        1.73539408E-02   4.22316464E-03
   4477.6212391695726        1.90966930E-02   4.19718120E-03
   4479.1018663280756        1.75943803E-02   4.11092769E-03
   4480.5826725066172        1.58300083E-02   3.97411874E-03
   4482.0636575661010        2.50165872E-02   4.19782288E-03
   4483.5448213674345        2.83575002E-02   4.26623132E-03
   4485.0261637715212        2.54458990E-02   4.28321958E-03
   4486.5076846392667        1.90563500E-02   4.18049656E-03
   4487.9893838315738        2.16861740E-02   4.23593260E-03
   4489.4712612093499        2.67294720E-02   4.23296401E-03
   4490.9533166334977        2.92640850E-02   4.31361888E-03
   4492.4355499649237        1.98757164E-02   4.12203884E-03
   4493.9179610645324        2.67328359E-02   4.26050136E-03
   4495.4005497932285        2.53421776E-02   4.21982212E-03
   4496.8833160119148        2.30523422E-02   4.19989508E-03
   4498.3662595815003        1.99631117E-02   4.16988693E-03
   4499.8493803628871        2.16819346E-02   4.20597568E-03
   4501.3326782169806        1.75254140E-02   4.18508798E-03
   4502.8161530046864        2.07398944E-02   4.23284620E-03
   4504.2998045869072        2.35315077E-02   4.30624885E-03
   4505.7836328245503        1.85818896E-02   4.25789738E-03
   4507.2676375785195        2.02784128E-02   4.27965866E-03
   4508.7518187097194        2.58143879E-02   4.36345953E-03
   4510.2361760790563        2.02007070E-02   4.27392917E-03
   4511.7207095474323        2.64837164E-02   4.32771491E-03
   4513.2054189757555        1.92377847E-02   4.18486353E-03
   4514.6903042249278        1.41956313E-02   4.10174066E-03
   4516.1753651558556        9.74000711E-03   3.95683851E-03
   4517.6606016294436        1.29098715E-02   4.04271111E-03
   4519.1460135065981        1.04907630E-02   3.99334729E-03
   4520.6316006482211        1.61762275E-02   4.07781871E-03
   4522.1173629152190        1.61201544E-02   4.11327602E-03
   4523.6033001684964        2.23631319E-02   4.23753588E-03
   4525.0894122689579        1.44506637E-02   4.06072801E-03
   4526.5756990775108        1.46444459E-02   3.97008751E-03
   4528.0621604550561        2.41037048E-02   4.11345530E-03
   4529.5487962625002        2.00483687E-02   4.02992731E-03
   4531.0356063607496        2.48374175E-02   4.12359880E-03
   4532.5225906107071        1.78491510E-02   4.01900662E-03
   4534.0097488732772        2.55422220E-02   4.17248765E-03
   4535.4970810093673        2.52073016E-02   4.16953955E-03
   4536.9845868798802        2.63318680E-02   4.20278450E-03
   4538.4722663457205        2.54507456E-02   4.26665042E-03
   4539.9601192677956        2.14754976E-02   4.26084688E-03
   4541.4481455070081        1.85708031E-02   4.13008966E-03
   4542.9363449242628        2.48502437E-02   4.26940341E-03
   4544.4247173804652        1.68030914E-02   4.08639666E-03
   4545.9132627365198        2.60834042E-02   4.26530233E-03
   4547.4019808533321        1.76366363E-02   4.03980305E-03
   4548.8908715918069        2.26648524E-02   4.11406346E-03
   4550.3799348128487        2.59897448E-02   4.23061615E-03
   4551.8691703773611        2.75338981E-02   4.20843065E-03
   4553.3585781462525        1.84960756E-02   4.04951675E-03
   4554.8481579804238        2.02437378E-02   4.06556437E-03
   4556.3379097407824        1.25693064E-02   3.94344516E-03
   4557.8278332882319        2.61797011E-02   4.22642753E-03
   4559.3179284836788        2.00854819E-02   4.21820953E-03
   4560.8081951880258        2.28918120E-02   4.24476620E-03
   4562.2986332621786        1.86470933E-02   4.18926543E-03
   4563.7892425670425        2.10398231E-02   4.14288929E-03
   4565.2800229635222        2.23383103E-02   4.15868405E-03
   4566.7709743125215        1.89793110E-02   4.08533076E-03
   4568.2620964749476        1.91184375E-02   4.11450118E-03
   4569.7533893117034        2.48722322E-02   4.26522549E-03
   4571.2448526836943        2.35097017E-02   4.22534114E-03
   4572.7364864518240        2.56478582E-02   4.22816863E-03
   4574.2282904770000        2.58873254E-02   4.19924315E-03
   4575.7202646201249        2.79991645E-02   4.31027869E-03
   4577.2124087421043        2.03008801E-02   4.16469621E-03
   4578.7047227038438        2.13466696E-02   4.13637888E-03
   4580.1972063662461        1.61133781E-02   4.02846653E-03
   4581.6898595902185        1.69637818E-02   3.95647576E-03
   4583.1826822366647        2.32399907E-02   4.09715762E-03
   4584.6756741664904        2.09885985E-02   4.08599526E-03
   4586.1688352405999        2.79222336E-02   4.19834489E-03
   4587.6621653198972        2.92123705E-02   4.25784243E-03
   4589.1556642652868        2.17413697E-02   4.12502931E-03
   4590.6493319376759        2.22320408E-02   4.11991309E-03
   4592.1431681979684        2.61766016E-02   4.16795490E-03
   4593.6371729070679        2.19383016E-02   4.06983448E-03
   4595.1313459258818        1.96930319E-02   3.99129046E-03
   4596.6256871153118        1.66798364E-02   3.95472115E-03
   4598.1201963362655        2.52066776E-02   4.14097682E-03
   4599.6148734496455        1.53568741E-02   3.91828269E-03
   4601.1097183163583        2.28319615E-02   4.08325344E-03
   4602.6047307973076        2.36636214E-02   4.08447580E-03
   4604.0999107533999        2.42351424E-02   4.07614745E-03
   4605.5952580455378        1.95764303E-02   4.01738193E-03
   4607.0907725346287        2.04084441E-02   4.04750695E-03
   4608.5864540815755        1.75880007E-02   4.04682895E-03
   4610.0823025472837        2.91646626E-02   4.25289711E-03
   4611.5783177926587        1.18158199E-02   3.92766809E-03
   4613.0744996786043        1.79322883E-02   3.98033019E-03
   4614.5708480660260        2.00592969E-02   4.03430127E-03
   4616.0673628158283        2.51906384E-02   4.20937641E-03
   4617.5640437889169        1.82009414E-02   3.99735058E-03
   4619.0608908461954        1.88451000E-02   4.02326649E-03
   4620.5579038485694        1.79785583E-02   4.02020197E-03
   4622.0550826569433        1.41677679E-02   3.94184189E-03
   4623.5524271322238        2.68788729E-02   4.20679199E-03
   4625.0499371353126        1.44625437E-02   3.96544905E-03
   4626.5476125271171        1.40533587E-02   3.96656757E-03
   4628.0454531685418        2.24846415E-02   4.05183900E-03
   4629.5434589204906        1.43231265E-02   4.00235038E-03
   4631.0416296438680        1.54079804E-02   3.93222459E-03
   4632.5399651995804        1.42012555E-02   3.90309049E-03
   4634.0384654485324        1.92031544E-02   4.07717237E-03
   4635.5371302516278        1.59446355E-02   3.97730712E-03
   4637.0359594697720        2.24591009E-02   4.07452323E-03
   4638.5349529638706        1.76281724E-02   3.93058965E-03
   4640.0341105948264        2.51317937E-02   4.09832131E-03
   4641.5334322235476        2.36058030E-02   4.06666286E-03
   4643.0329177109352        2.58506089E-02   4.14244598E-03
   4644.5325669178974        2.36193053E-02   4.08625742E-03
   4646.0323797053370        1.83359664E-02   3.95167246E-03
   4647.5323559341587        1.98257770E-02   3.87493381E-03
   4649.0324954652688        2.05288492E-02   3.97093501E-03
   4650.5327981595710        1.74169205E-02   3.92610999E-03
   4652.0332638779719        1.39067844E-02   3.89197818E-03
   4653.5338924813741        1.22901266E-02   3.86974495E-03
   4655.0346838306841        2.01526005E-02   3.94963101E-03
   4656.5356377868056        2.06158198E-02   3.97365261E-03
   4658.0367542106442        1.88203491E-02   3.99858505E-03
   4659.5380329631043        1.70122925E-02   4.02844511E-03
   4661.0394739050907        1.97072476E-02   4.05055145E-03
   4662.5410768975089        1.88432690E-02   3.98901850E-03
   4664.0428418012643        1.48877427E-02   3.89650976E-03
   4665.5447684772589        1.56523921E-02   3.79953301E-03
   4667.0468567864018        2.65194401E-02   4.00463864E-03
   4668.5491065895940        1.92745142E-02   3.81273986E-03
   4670.0515177477428        1.91897284E-02   3.88761167E-03
   4671.5540901217519        1.85808465E-02   3.93163878E-03
   4673.0568235725259        1.96126979E-02   3.96953337E-03
   4674.5597179609704        1.91889480E-02   3.97572899E-03
   4676.0627731479908        1.34036383E-02   3.88757396E-03
   4677.5659889944909        2.76306644E-02   4.18339344E-03
   4679.0693653613762        2.33285315E-02   4.08070115E-03
   4680.5729021095503        2.15111151E-02   3.93201783E-03
   4682.0765990999189        2.14359201E-02   4.00791457E-03
   4683.5804561933883        2.22746357E-02   4.02990310E-03
   4685.0844732508604        2.92083882E-02   4.14692890E-03
   4686.5886501332434        1.94427725E-02   4.02391329E-03
   4688.0929867014393        2.53453553E-02   4.08882741E-03
   4689.5974828163553        2.61040833E-02   4.10428457E-03
   4691.1021383388934        2.46552117E-02   4.06268612E-03
   4692.6069531299618        2.61967201E-02   4.10841266E-03
   4694.1119270504623        2.42776349E-02   4.10914095E-03
   4695.6170599613015        2.28247587E-02   4.03421372E-03
   4697.1223517233848        2.05131024E-02   4.00592806E-03
   4698.6278021976150        2.29689237E-02   4.01251111E-03
   4700.1334112448985        1.51844444E-02   3.84138641E-03
   4701.6391787261391        2.62788013E-02   4.00121836E-03
   4703.1451045022432        2.92370040E-02   4.11238428E-03
   4704.6511884341144        1.72960032E-02   3.86359030E-03
   4706.1574303826583        2.35044286E-02   3.96564929E-03
   4707.6638302087786        2.74961423E-02   4.06524073E-03
   4709.1703877733826        1.60840768E-02   3.86023382E-03
   4710.6771029373722        2.04015784E-02   3.97852669E-03
   4712.1839755616538        1.99973267E-02   4.00889944E-03
   4713.6910055071321        2.04920769E-02   4.02075378E-03
   4715.1981926347125        1.49579402E-02   3.88446171E-03
   4716.7055368052988        1.72625221E-02   3.97074036E-03
   4718.2130378797956        1.17371427E-02   3.90071562E-03
   4719.7206957191092        1.98828466E-02   4.06242860E-03
   4721.2285101841435        2.35225316E-02   4.15914645E-03
   4722.7364811358038        2.58646291E-02   4.18106373E-03
   4724.2446084349940        1.80042852E-02   4.03021555E-03
   4725.7528919426213        1.97071284E-02   4.07789135E-03
   4727.2613315195877        2.15510335E-02   4.05664416E-03
   4728.7699270267995        2.00240072E-02   3.94903356E-03
   4730.2786783251604        2.02360488E-02   3.95611208E-03
   4731.7875852755778        1.70129072E-02   3.86277051E-03
   4733.2966477389537        2.12485101E-02   4.01643058E-03
   4734.8058655761961        1.43040949E-02   3.89460055E-03
   4736.3152386482070        2.05008984E-02   3.95407202E-03
   4737.8247668158920        2.16138717E-02   4.05237172E-03
   4739.3344499401564        2.15174854E-02   4.05655615E-03
   4740.8442878819051        2.27308199E-02   4.10736445E-03
   4742.3542805020425        1.57004688E-02   3.95135069E-03
   4743.8644276614741        2.14672387E-02   4.05809190E-03
   4745.3747292211037        2.68362984E-02   4.20175074E-03
   4746.8851850418368        2.33626049E-02   4.14741272E-03
   4748.3957949845790        2.40105558E-02   4.14439850E-03
   4749.9065589102338        2.08923891E-02   4.07265360E-03
   4751.4174766797069        2.26611681E-02   4.05245321E-03
   4752.9285481539036        1.75184887E-02   3.95456515E-03
   4754.4397731937270        1.31380344E-02   3.86400078E-03
   4755.9511516600842        1.93068590E-02   3.94433783E-03
   4757.4626834138780        1.82484444E-02   3.98198003E-03
   4758.9743683160141        1.38770314E-02   3.90779460E-03
   4760.4862062273978        1.71991345E-02   3.94726219E-03
   4761.9981970089339        1.67782269E-02   3.93450679E-03
   4763.5103405215268        1.49589134E-02   3.83923459E-03
   4765.0226366260813        8.57932586E-03   3.68540897E-03
   4766.5350851835028        1.90308224E-02   3.91291408E-03
   4768.0476860546960        1.76152606E-02   3.95250181E-03
   4769.5604391005654        2.51265913E-02   4.11505625E-03
   4771.0733441820157        2.14252491E-02   4.10154089E-03
   4772.5864011599515        1.92127898E-02   4.05064644E-03
   4774.0996098952801        1.82090141E-02   3.98685550E-03
   4775.6129702489034        2.02298593E-02   4.08266624E-03
   4777.1264820817269        1.62043702E-02   3.96998273E-03
   4778.6401452546561        1.09351203E-02   3.94028332E-03
   4780.1539596285966        1.92829799E-02   4.05161036E-03
   4781.6679250644520        1.48197021E-02   4.02751099E-03
   4783.1820414231279        2.35184263E-02   4.11342923E-03
   4784.6963085655279        1.74069963E-02   4.00806125E-03
   4786.2107263525577        2.13335622E-02   4.03297925E-03
   4787.7252946451235        1.84671823E-02   3.96560831E-03
   4789.2400133041274        1.75487380E-02   3.98801919E-03
   4790.7548821904757        2.51491684E-02   4.15630592E-03
   4792.2699011650748        2.04544272E-02   4.07015439E-03
   4793.7850700888275        1.80234145E-02   4.04173182E-03
   4795.3003888226385        2.03977320E-02   4.12665354E-03
   4796.8158572274133        2.20632795E-02   4.09604423E-03
   4798.3314751640573        1.66379027E-02   3.97612341E-03
   4799.8472424934753        2.55747922E-02   4.13745968E-03
   4801.3631590765699        1.41931456E-02   3.90720041E-03
   4802.8792247742504        2.03108527E-02   4.06628381E-03
   4804.3954394474167        1.97928138E-02   4.02292004E-03
   4805.9118029569772        2.00650245E-02   4.05783253E-03
   4807.4283151638347        1.53524959E-02   3.90215078E-03
   4808.9449759288964        1.63162779E-02   3.92256724E-03
   4810.4617851130643        1.87938735E-02   4.01628483E-03
   4811.9787425772456        1.99819505E-02   4.02625464E-03
   4813.4958481823442        1.68299805E-02   4.00183024E-03
   4815.0131017892636        1.16386861E-02   3.88174970E-03
   4816.5305032589113        1.94029361E-02   4.08264110E-03
   4818.0480524521899        9.11509339E-03   3.84556269E-03
   4819.5657492300061        1.65584106E-02   4.01853258E-03
   4821.0835934532633        1.28514869E-02   3.92060541E-03
   4822.6015849828673        1.72155760E-02   3.98589252E-03
   4824.1197236797225        2.36172080E-02   4.11757082E-03
   4825.6380094047336        1.80795062E-02   4.01389273E-03
   4827.1564420188060        1.84871946E-02   4.01603058E-03
   4828.6750213828445        1.50490636E-02   3.94722819E-03
   4830.1937473577527        1.56818368E-02   3.98995588E-03
   4831.7126198044371        1.99999977E-02   4.00869641E-03
   4833.2316385838030        1.41221844E-02   3.89186759E-03
   4834.7508035567525        1.47517081E-02   3.87332169E-03
   4836.2701145841938        1.86797641E-02   3.99007136E-03
   4837.7895715270288        2.27158461E-02   4.08757897E-03
   4839.3091742461647        2.18777228E-02   4.07360634E-03
   4840.8289226025045        2.80169360E-02   4.13859077E-03
   4842.3488164569544        2.31004693E-02   4.04360425E-03
   4843.8688556704192        3.22423317E-02   4.23802715E-03
   4845.3890401038016        3.78070623E-02   4.34200605E-03
   4846.9093696180098        1.97822303E-02   3.98990884E-03
   4848.4298440739458        2.70718578E-02   4.13228851E-03
   4849.9504633325168        2.92862337E-02   4.14154166E-03
   4851.4712272546267        2.48835869E-02   4.08691261E-03
   4852.9921357011790        2.41834316E-02   4.05237265E-03
   4854.5131885330802        2.38104220E-02   3.96700250E-03
   4856.0343856112349        2.08839290E-02   3.86169716E-03
   4857.5557267965478        2.36503258E-02   3.84583883E-03
   4859.0772119499243        3.34331542E-02   3.98475397E-03
   4860.5988409322681        2.52954885E-02   3.67856491E-03
   4862.1206136044839        2.36234572E-02   3.60216573E-03
   4863.6425298274789        2.04921924E-02   3.66726611E-03
   4865.1645894621552        1.82011127E-02   3.74482200E-03
   4866.6867923694190        2.05709096E-02   3.90958833E-03
   4868.2091384101750        2.01426987E-02   3.88899399E-03
   4869.7316274453287        2.54054498E-02   3.94203560E-03
   4871.2542593357839        2.56280638E-02   3.91945709E-03
   4872.7770339424460        1.65612698E-02   3.74090998E-03
   4874.2999511262196        2.60377992E-02   3.90763395E-03
   4875.8230107480094        2.69486923E-02   4.05168999E-03
   4877.3462126687209        2.44115479E-02   4.04484756E-03
   4878.8695567492578        1.82983037E-02   3.94705869E-03
   4880.3930428505264        2.10459922E-02   3.97495274E-03
   4881.9166708334324        2.40631048E-02   4.03273711E-03
   4883.4404405588766        2.92053875E-02   4.10652114E-03
   4884.9643518877683        1.86500568E-02   3.89437750E-03
   4886.4884046810093        2.76057143E-02   4.01638681E-03
   4888.0125987995061        2.12860685E-02   3.85253876E-03
   4889.5369341041624        1.89863797E-02   3.81314894E-03
   4891.0614104558845        2.16950290E-02   3.87055543E-03
   4892.5860277155771        1.91614497E-02   3.83009552E-03
   4894.1107857441439        1.97268333E-02   3.91410105E-03
   4895.6356844024904        1.87883414E-02   3.95432394E-03
   4897.1607235515212        2.01703217E-02   3.99774360E-03
   4898.6859030521418        1.50887892E-02   3.90633568E-03
   4900.2112227652569        1.71830039E-02   3.93073121E-03
   4901.7366825517693        2.51808614E-02   4.10496397E-03
   4903.2622822725871        1.71687696E-02   3.88920982E-03
   4904.7880217886132        1.68080013E-02   3.93042574E-03
   4906.3139009607530        2.31418218E-02   4.04749764E-03
   4907.8399196499113        2.90140323E-02   4.12681606E-03
   4909.3660777169935        2.18555685E-02   3.91897140E-03
   4910.8923750229033        3.20745371E-02   4.12850268E-03
   4912.4188114285471        2.63741631E-02   3.98969790E-03
   4913.9453867948278        2.62185913E-02   4.08339500E-03
   4915.4721009826517        1.93841048E-02   3.94582469E-03
   4916.9989538529235        2.22294535E-02   3.95897077E-03
   4918.5259452665478        1.81161873E-02   3.77186993E-03
   4920.0530750844291        2.91575380E-02   3.94042674E-03
   4921.5803431674722        2.05605570E-02   3.74024734E-03
   4923.1077493765833        2.12975834E-02   3.84151307E-03
   4924.6352935726663        2.23010257E-02   3.91751109E-03
   4926.1629756166249        2.25847550E-02   3.94851808E-03
   4927.6907953693662        2.26611979E-02   3.99393914E-03
   4929.2187526917942        1.94861572E-02   3.93003412E-03
   4930.7468474448133        1.94792543E-02   3.96751938E-03
   4932.2750794893291        9.32039600E-03   3.73961590E-03
   4933.8034486862452        1.40458671E-02   3.81202996E-03
   4935.3319548964673        1.52419787E-02   3.78618622E-03
   4936.8605979809008        1.72666833E-02   3.81755875E-03
   4938.3893778004503        2.16939431E-02   3.86525248E-03
   4939.9182942160196        1.93116069E-02   3.81652359E-03
   4941.4473470885141        2.47053970E-02   4.00977721E-03
   4942.9765362788394        1.80225559E-02   3.91929457E-03
   4944.5058616478991        2.24247668E-02   4.02817689E-03
   4946.0353230565997        1.55035611E-02   3.89666413E-03
   4947.5649203658450        2.30237395E-02   4.01762547E-03
   4949.0946534365394        2.44462118E-02   4.07023774E-03
   4950.6245221295885        1.62887909E-02   3.91956931E-03
   4952.1545263058979        1.56593807E-02   3.87597713E-03
   4953.6846658263703        1.73063390E-02   3.88808944E-03
   4955.2149405519122        1.28359059E-02   3.72387818E-03
   4956.7453503434281        1.98848601E-02   3.89520149E-03
   4958.2758950618236        1.22540081E-02   3.66484281E-03
   4959.8065745680015        1.82214417E-02   3.84014309E-03
   4961.3373887228681        1.52510535E-02   3.81596503E-03
   4962.8683373873282        2.03688070E-02   3.99944605E-03
   4964.3994204222872        1.62727721E-02   3.91116366E-03
   4965.9306376886498        8.92697275E-03   3.67734605E-03
   4967.4619890473195        1.67351160E-02   3.82096763E-03
   4968.9934743592021        1.80111993E-02   3.87040712E-03
   4970.5250934852029        2.24136040E-02   3.96632263E-03
   4972.0568462862257        1.69198923E-02   3.92971095E-03
   4973.5887326231759        1.50749544E-02   3.88624473E-03
   4975.1207523569583        1.99405570E-02   3.96700809E-03
   4976.6529053484783        2.12441441E-02   3.98963969E-03
   4978.1851914586396        1.00939497E-02   3.73204798E-03
   4979.7176105483495        1.65438876E-02   3.80681269E-03
   4981.2501624785091        2.19992716E-02   3.87860974E-03
   4982.7828471100265        1.81982201E-02   3.74566042E-03
   4984.3156643038046        1.40005676E-02   3.65742319E-03
   4985.8486139207498        1.27554471E-02   3.68409813E-03
   4987.3816958217649        1.91853885E-02   3.88031057E-03
   4988.9149098677572        1.84248071E-02   3.96168185E-03
   4990.4482559196294        2.20773499E-02   3.95617262E-03
   4991.9817338382882        1.65692847E-02   3.85265285E-03
   4993.5153434846370        2.47357395E-02   4.01299214E-03
   4995.0490847195815        1.53772384E-02   3.86474933E-03
   4996.5829574040263        2.14565657E-02   3.99308000E-03
   4998.1169613988759        2.84062903E-02   4.09334712E-03
   4999.6510965650359        2.60007940E-02   4.05146880E-03
   5001.1853627634109        2.97743734E-02   4.08966327E-03
   5002.7197598549046        2.08001751E-02   3.88214388E-03
   5004.2542877004244        1.55383125E-02   3.75737809E-03
   5005.7889461608729        2.80390140E-02   3.92292812E-03
   5007.3237350971558        1.64724309E-02   3.75153427E-03
   5008.8586543701767        2.66650487E-02   3.99426231E-03
   5010.3937038408440        2.58301143E-02   4.01279982E-03
   5011.9288833700584        2.79924199E-02   3.99132818E-03
   5013.4641928187275        2.70307232E-02   3.98026872E-03
   5014.9996320477539        2.36876067E-02   3.87488049E-03
   5016.5352009180451        2.77873632E-02   3.98928020E-03
   5018.0708992905038        2.40721963E-02   3.92535701E-03
   5019.6067270260355        2.97870003E-02   4.04566061E-03
   5021.1426839855467        2.52718721E-02   4.00419673E-03
   5022.6787700299392        2.03558337E-02   3.85605358E-03
   5024.2149850201195        2.86007561E-02   4.09298437E-03
   5025.7513288169930        2.60844436E-02   4.04930627E-03
   5027.2878012814645        2.45141815E-02   4.00894601E-03
   5028.8244022744384        1.90322138E-02   3.91084515E-03
   5030.3611316568176        2.54016779E-02   4.02975222E-03
   5031.8979892895095        2.73494832E-02   4.12172917E-03
   5033.4349750334204        2.06150506E-02   3.97604564E-03
   5034.9720887494514        2.13841461E-02   3.97534110E-03
   5036.5093302985088        2.62601320E-02   4.08119755E-03
   5038.0466995414981        3.04847751E-02   4.12610872E-03
   5039.5841963393232        2.59074960E-02   3.89328669E-03
   5041.1218205528903        2.42973529E-02   3.92100168E-03
   5042.6595720431023        2.08264217E-02   3.88536719E-03
   5044.1974506708666        2.18732450E-02   3.95743875E-03
   5045.7354562970859        1.92915108E-02   3.96852707E-03
   5047.2735887826657        1.76198538E-02   3.92021518E-03
   5048.8118479885115        2.17486154E-02   4.01642220E-03
   5050.3502337755272        2.11917777E-02   3.92947905E-03
   5051.8887460046180        1.98023431E-02   3.91403120E-03
   5053.4273845366897        2.18273569E-02   4.02502110E-03
   5054.9661492326450        1.98626183E-02   3.96660250E-03
   5056.5050399533902        2.05075145E-02   4.05581575E-03
   5058.0440565598310        1.62525885E-02   3.97852529E-03
   5059.5831989128719        2.41184961E-02   4.06468892E-03
   5061.1224668734158        2.59609539E-02   4.16156277E-03
   5062.6618603023699        1.85552239E-02   3.98668088E-03
   5064.2013790606370        2.01892722E-02   4.04755864E-03
   5065.7410230091236        1.80862993E-02   3.93225485E-03
   5067.2807920087334        2.21861564E-02   4.00794437E-03
   5068.8206859203719        1.81594081E-02   3.93831823E-03
   5070.3607046049437        1.85282174E-02   3.98968766E-03
   5071.9008479233553        1.88179836E-02   3.95084592E-03
   5073.4411157365093        2.16230601E-02   3.97862075E-03
   5074.9815079053114        2.37374417E-02   4.02626861E-03
   5076.5220242906662        1.90523658E-02   4.01293160E-03
   5078.0626647534800        2.02852674E-02   3.94235272E-03
   5079.6034291546548        1.29424650E-02   3.73230479E-03
   5081.1443173550970        1.92198064E-02   3.87306814E-03
   5082.6853292157130        1.87233407E-02   3.91758326E-03
   5084.2264645974055        2.14036983E-02   4.01053764E-03
   5085.7677233610802        2.22261287E-02   4.01662709E-03
   5087.3091053676408        2.29897518E-02   4.05723695E-03
   5088.8506104779945        1.39172329E-02   3.90825747E-03
   5090.3922385530441        2.26558894E-02   4.10786225E-03
   5091.9339894536952        2.77724620E-02   4.24386840E-03
   5093.4758630408542        1.71170682E-02   4.01938660E-03
   5095.0178591754229        2.58385222E-02   4.12478996E-03
   5096.5599777183088        1.64933391E-02   3.92824132E-03
   5098.1022185304137        2.00066734E-02   3.97886708E-03
   5099.6445814726467        2.21849307E-02   4.00812691E-03
   5101.1870664059088        1.32194431E-02   3.89302592E-03
   5102.7296731911074        1.48968715E-02   3.90584860E-03
   5104.2724016891461        2.27164235E-02   4.04380495E-03
   5105.8152517609296        1.36264889E-02   3.86265712E-03
   5107.3582232673634        2.71672644E-02   4.10375698E-03
   5108.9013160693521        2.05734000E-02   3.98068503E-03
   5110.4445300278012        1.52158309E-02   3.87537340E-03
   5111.9878650036144        2.32080966E-02   4.04711347E-03
   5113.5313208576963        1.96566116E-02   4.07182612E-03
   5115.0748974509543        1.54054351E-02   3.96173308E-03
   5116.6185946442902        1.43862832E-02   3.92526155E-03
   5118.1624122986113        1.68839246E-02   4.03050240E-03
   5119.7063502748215        1.84731036E-02   3.99733474E-03
   5121.2504084338243        1.89256184E-02   4.00208682E-03
   5122.7945866365271        1.97766777E-02   3.94960633E-03
   5124.3388847438328        2.13440526E-02   3.98616632E-03
   5125.8833026166458        1.35260634E-02   3.77787231E-03
   5127.4278401158736        1.44781964E-02   3.86237702E-03
   5128.9724971024189        1.87048670E-02   3.88035481E-03
   5130.5172734371872        2.12807413E-02   4.02570376E-03
   5132.0621689810832        2.16404684E-02   4.03352641E-03
   5133.6071835950115        2.04124842E-02   4.02960135E-03
   5135.1523171398785        2.06917617E-02   3.99314333E-03
   5136.6975694765870        1.55806448E-02   3.91717022E-03
   5138.2429404660434        2.37295870E-02   4.05863719E-03
   5139.7884299691523        1.59487333E-02   3.82852135E-03
   5141.3340378468174        2.53531002E-02   4.05753125E-03
   5142.8797639599443        2.34352816E-02   4.04190691E-03
   5144.4256081694375        2.09040884E-02   3.98020400E-03
   5145.9715703362035        2.11548451E-02   3.99725419E-03
   5147.5176503211451        2.32963301E-02   4.07904666E-03
   5149.0638479851677        1.90526713E-02   3.99133936E-03
   5150.6101631891770        1.89683028E-02   3.97224631E-03
   5152.1565957940784        2.19300147E-02   4.06792853E-03
   5153.7031456607738        2.71535106E-02   4.15328285E-03
   5155.2498126501705        2.84056906E-02   4.17498220E-03
   5156.7965966231723        2.57191714E-02   4.16985154E-03
   5158.3434974406855        1.81934424E-02   4.04254254E-03
   5159.8905149636139        2.34686155E-02   4.10746504E-03
   5161.4376490528621        1.46766575E-02   3.89998127E-03
   5162.9848995693355        2.59189494E-02   4.19037137E-03
   5164.5322663739380        2.33675800E-02   3.98608623E-03
   5166.0797493275750        2.78633852E-02   3.98505526E-03
   5167.6273482911529        1.96905192E-02   3.70957376E-03
   5169.1750631255754        2.71074343E-02   3.89377680E-03
   5170.7228936917463        2.99582910E-02   3.95720359E-03
   5172.2708398505711        2.40736268E-02   3.79495276E-03
   5173.8189014629552        2.44880188E-02   3.87863582E-03
   5175.3670783898033        2.40660254E-02   3.95206874E-03
   5176.9153704920200        2.57166531E-02   4.14368417E-03
   5178.4637776305108        2.38553490E-02   4.12822515E-03
   5180.0122996661803        2.23886687E-02   4.08844510E-03
   5181.5609364599313        3.10250502E-02   4.08802601E-03
   5183.1096878726721        1.95559338E-02   3.73499771E-03
   5184.6585537653045        2.35710032E-02   3.79544264E-03
   5186.2075339987359        2.42545940E-02   3.90592776E-03
   5187.7566284338709        3.22769433E-02   4.24446957E-03
   5189.3058369316122        1.75463203E-02   3.95102613E-03
   5190.8551593528664        2.20970381E-02   4.00999468E-03
   5192.4045955585370        2.43688095E-02   4.09790128E-03
   5193.9541454095306        2.07730364E-02   3.96727026E-03
   5195.5038087667517        2.14917697E-02   4.05717781E-03
   5197.0535854911031        1.33859217E-02   3.97215504E-03
   5198.6034754434922        1.62471049E-02   4.06134594E-03
   5200.1534784848236        1.56929716E-02   4.10059700E-03
   5201.7035944760009        2.20114533E-02   4.18000761E-03
   5203.2538232779289        2.35599652E-02   4.11410490E-03
   5204.8041647515138        2.50036493E-02   4.10584919E-03
   5206.3546187576603        2.50147730E-02   4.04417841E-03
   5207.9051851572722        1.73497424E-02   3.90134938E-03
   5209.4558638112549        1.75305158E-02   3.97821004E-03
   5211.0066545805112        1.79755483E-02   4.02004132E-03
   5212.5575573259503        1.97029095E-02   4.08397662E-03
   5214.1085719084740        2.39060521E-02   4.11015563E-03
   5215.6596981889879        1.35210063E-02   3.93987307E-03
   5217.2109360283966        1.48066841E-02   3.88140627E-03
   5218.7622852876057        1.87918246E-02   3.97317810E-03
   5220.3137458275196        1.98321361E-02   4.07272018E-03
   5221.8653175090431        2.15010401E-02   4.16206243E-03
   5223.4170001930815        2.28518639E-02   4.14080452E-03
   5224.9687937405379        2.50006411E-02   4.08776943E-03
   5226.5206980123194        2.05728877E-02   3.95426014E-03
   5228.0727128693297        1.70619134E-02   3.88458162E-03
   5229.6248381724736        1.82115864E-02   4.00202814E-03
   5231.1770737826573        1.70178823E-02   3.97761818E-03
   5232.7294195607838        2.08885502E-02   4.05269023E-03
   5234.2818753677584        1.73234344E-02   3.94738466E-03
   5235.8344410644877        2.35554148E-02   4.10257746E-03
   5237.3871165118744        1.88945811E-02   4.07503499E-03
   5238.9399015708241        2.02183537E-02   4.11815709E-03
   5240.4927961022422        1.34659652E-02   3.98971327E-03
   5242.0457999670334        1.65211074E-02   4.02575778E-03
   5243.5989130261005        2.54786890E-02   4.19977400E-03
   5245.1521351403517        1.88619234E-02   4.06749500E-03
   5246.7054661706889        1.57528426E-02   4.05026739E-03
   5248.2589059780194        2.36442685E-02   4.15754272E-03
   5249.8124544232469        2.34020073E-02   4.17861529E-03
   5251.3661113672761        2.14213077E-02   4.11621481E-03
   5252.9198766710124        1.26360068E-02   3.91333736E-03
   5254.4737501953596        1.78118572E-02   4.03621793E-03
   5256.0277318012240        2.57595442E-02   4.23953868E-03
   5257.5818213495095        2.18232945E-02   4.20018006E-03
   5259.1360187011214        1.88660491E-02   4.13560309E-03
   5260.6903237169645        9.67185199E-03   3.87120573E-03
   5262.2447362579433        2.07054578E-02   4.06331196E-03
   5263.7992561849624        2.17696745E-02   3.94829642E-03
   5265.3538833589273        2.27403436E-02   3.96896666E-03
   5266.9086176407427        2.53546480E-02   3.99166904E-03
   5268.4634588913150        2.60046627E-02   4.04046476E-03
   5270.0184069715451        2.68982630E-02   4.07708436E-03
   5271.5734617423423        1.34000834E-02   3.78524349E-03
   5273.1286230646092        1.90247633E-02   3.97392409E-03
   5274.6838907992505        2.21684538E-02   4.09505004E-03
   5276.2392648071709        2.50898898E-02   4.18377481E-03
   5277.7947449492767        2.33108532E-02   4.20096423E-03
   5279.3503310864708        1.67031568E-02   4.05362574E-03
   5280.9060230796604        2.34527197E-02   4.16252017E-03
   5282.4618207897474        1.69073138E-02   3.98289040E-03
   5284.0177240776402        2.05384158E-02   4.11700038E-03
   5285.5737328042414        1.98204536E-02   4.09557298E-03
   5287.1298468304558        1.76328346E-02   4.11842903E-03
   5288.6860660171888        1.86321922E-02   4.14930331E-03
   5290.2423902253449        1.86470039E-02   4.18768823E-03
   5291.7988193158290        2.14605238E-02   4.21889964E-03
   5293.3553531495481        1.58049986E-02   4.14090417E-03
   5294.9119915874035        1.32620754E-02   4.03345888E-03
   5296.4687344903023        2.15717517E-02   4.16053599E-03
   5298.0255817191482        1.73916146E-02   4.06827079E-03
   5299.5825331348478        1.66013222E-02   3.97721957E-03
   5301.1395885983038        1.98762957E-02   4.16935189E-03
   5302.6967479704217        2.27550678E-02   4.21706261E-03
   5304.2540111121079        1.73035562E-02   4.14933125E-03
   5305.8113778842653        1.88190956E-02   4.19320539E-03
   5307.3688481477993        2.21697651E-02   4.21999535E-03
   5308.9264217636164        1.41654890E-02   4.07890044E-03
   5310.4840985926185        1.65061783E-02   4.23096446E-03
   5312.0418784957128        2.02767104E-02   4.24911780E-03
   5313.5997613338031        1.76308211E-02   4.18527471E-03
   5315.1577469677950        1.59604046E-02   4.11395449E-03
   5316.7158352585921        1.71731710E-02   4.14583599E-03
   5318.2740260671007        2.03489084E-02   4.17884160E-03
   5319.8323192542248        1.98497884E-02   4.22040839E-03
   5321.3907146808679        2.15702616E-02   4.24467679E-03
   5322.9492122079382        1.19999368E-02   3.99758853E-03
   5324.5078116963386        2.14511398E-02   4.25853208E-03
   5326.0665130069738        1.96908154E-02   4.07503219E-03
   5327.6253160007491        1.39930192E-02   3.93077591E-03
   5329.1842205385701        1.56205548E-02   3.93348979E-03
   5330.7432264813397        2.46575288E-02   4.24358947E-03
   5332.3023336899641        2.09941976E-02   4.24730824E-03
   5333.8615420253482        2.11613607E-02   4.16128011E-03
   5335.4208513483964        3.04627232E-02   4.42487514E-03
   5336.9802615200133        1.54340276E-02   4.14430909E-03
   5338.5397724011054        1.95062775E-02   4.15949197E-03
   5340.0993838525756        2.02502701E-02   4.20002919E-03
   5341.6590957353292        2.04728302E-02   4.16934025E-03
   5343.2189079102718        1.97042208E-02   4.12921468E-03
   5344.7788202383081        2.00121701E-02   4.23076237E-03
   5346.3388325803417        1.68530215E-02   4.12432896E-03
   5347.8989447972790        2.42116433E-02   4.29766485E-03
   5349.4591567500247        1.98197067E-02   4.19989740E-03
   5351.0194682994825        2.51679514E-02   4.29423107E-03
   5352.5798793065578        1.85216460E-02   4.20496799E-03
   5354.1403896321572        2.36587115E-02   4.34323680E-03
   5355.7009991371833        1.72966328E-02   4.26348671E-03
   5357.2617076825418        2.35165171E-02   4.32996545E-03
   5358.8225151291372        1.94673315E-02   4.28360840E-03
   5360.3834213378750        1.83132589E-02   4.20374935E-03
   5361.9444261696590        2.36868504E-02   4.32579219E-03
   5363.5055294853946        2.26473585E-02   4.27545281E-03
   5365.0667311459874        2.47041415E-02   4.28146310E-03
   5366.6280310123420        1.76494978E-02   4.13830858E-03
   5368.1894289453621        1.93216596E-02   4.17303713E-03
   5369.7509248059541        1.99284572E-02   4.13855864E-03
   5371.3125184550217        2.24754196E-02   4.19080118E-03
   5372.8742097534705        1.77450273E-02   4.11431631E-03
   5374.4359985622050        1.94671247E-02   4.21834923E-03
   5375.9978847421289        2.11689621E-02   4.26266436E-03
   5377.5598681541496        2.22652853E-02   4.30316525E-03
   5379.1219486591708        1.73848141E-02   4.20124270E-03
   5380.6841261180962        1.95452180E-02   4.23741201E-03
   5382.2464003918321        9.43247601E-03   3.99209792E-03
   5383.8087713412833        1.67598035E-02   4.13876818E-03
   5385.3712388273534        1.33129340E-02   4.07076022E-03
   5386.9338027109488        2.67551336E-02   4.36161412E-03
   5388.4964628529733        8.12042132E-03   3.99720576E-03
   5390.0592191143323        2.56364401E-02   4.37812973E-03
   5391.6220713559305        1.99532751E-02   4.17093886E-03
   5393.1850194386725        1.41115785E-02   4.06251987E-03
   5394.7480632234638        2.03560982E-02   4.18246351E-03
   5396.3112025712080        1.80945247E-02   4.11154004E-03
   5397.8744373428117        1.40777640E-02   4.06158436E-03
   5399.4377673991785        2.70236693E-02   4.27611684E-03
   5401.0011926012139        1.43491002E-02   4.07501357E-03
   5402.5647128098226        2.15189140E-02   4.23062779E-03
   5404.1283278859091        1.85766462E-02   4.07761149E-03
   5405.6920376903790        2.57729962E-02   4.25250549E-03
   5407.2558420841360        2.39911638E-02   4.20152536E-03
   5408.8197409280856        2.48430148E-02   4.24526026E-03
   5410.3837340831324        2.03174055E-02   4.15290380E-03
   5411.9478214101819        2.01429892E-02   4.24596202E-03
   5413.5120027701387        2.14244276E-02   4.22978029E-03
   5415.0762780239083        2.25052387E-02   4.23701806E-03
   5416.6406470323936        1.69366747E-02   4.17534169E-03
   5418.2051096565019        1.30568901E-02   4.10353113E-03
   5419.7696657571360        1.70412771E-02   4.17246623E-03
   5421.3343151952013        2.16230862E-02   4.32869606E-03
   5422.8990578316034        2.06237826E-02   4.23284760E-03
   5424.4638935272469        1.52687700E-02   4.11653426E-03
   5426.0288221430365        1.54008176E-02   4.12969105E-03
   5427.5938435398766        3.03985309E-02   4.44445666E-03
   5429.1589575786729        1.66880880E-02   4.17254865E-03
   5430.7241641203291        2.12322120E-02   4.21811733E-03
   5432.2894630257524        2.19764058E-02   4.25310433E-03
   5433.8548541558439        2.25086100E-02   4.26979642E-03
   5435.4203373715127        1.64337400E-02   4.13098698E-03
   5436.9859125336607        2.40767337E-02   4.34408803E-03
   5438.5515795031934        1.69997625E-02   4.23747767E-03
   5440.1173381410163        1.88491624E-02   4.26660851E-03
   5441.6831883080331        2.07670499E-02   4.34533646E-03
   5443.2491298651494        1.25947865E-02   4.13002446E-03
   5444.8151626732706        2.28625629E-02   4.32079379E-03
   5446.3812865933014        1.62945855E-02   4.07158537E-03
   5447.9475014861455        1.65022481E-02   4.10405779E-03
   5449.5138072127102        1.62477978E-02   4.16758237E-03
   5451.0802036338964        1.98451392E-02   4.34579514E-03
   5452.6466906106125        1.77730490E-02   4.27388027E-03
   5454.2132680037621        1.67867839E-02   4.18107724E-03
   5455.7799356742498        2.25965921E-02   4.26966744E-03
   5457.3466934829812        1.59178376E-02   4.13443707E-03
   5458.9135412908608        2.10840534E-02   4.31871135E-03
   5460.4804789587924        2.08146963E-02   4.33296431E-03
   5462.0475063476824        2.14665886E-02   4.31750016E-03
   5463.6146233184345        1.55409034E-02   4.15564096E-03
   5465.1818297319542        1.46531677E-02   4.13589180E-03
   5466.7491254491479        2.84922142E-02   4.48887376E-03
   5468.3165103309166        1.75663456E-02   4.22576023E-03
   5469.8839842381685        1.64770167E-02   4.21299925E-03
   5471.4515470318074        2.03041583E-02   4.27755667E-03
   5473.0191985727388        1.28346365E-02   4.14405949E-03
   5474.5869387218663        2.55423952E-02   4.36945446E-03
   5476.1547673400955        9.49678384E-03   3.97680001E-03
   5477.7226842883301        2.11383998E-02   4.21136804E-03
   5479.2906894274765        2.43405644E-02   4.30234103E-03
   5480.8587826184394        1.75065510E-02   4.21440508E-03
   5482.4269637221232        2.55501810E-02   4.36380925E-03
   5483.9952325994327        2.19383240E-02   4.33268351E-03
   5485.5635891112724        2.13412046E-02   4.31305962E-03
   5487.1320331185480        1.16238138E-02   4.12410451E-03
   5488.7005644821638        1.70677286E-02   4.25694371E-03
   5490.2691830630256        1.41053768E-02   4.13427223E-03
   5491.8378887220370        2.29641646E-02   4.39174799E-03
   5493.4066813201034        1.81762073E-02   4.22834279E-03
   5494.9755607181305        1.59923900E-02   4.18135244E-03
   5496.5445267770210        2.06654314E-02   4.28301701E-03
   5498.1135793576814        2.07857955E-02   4.33225045E-03
   5499.6827183210162        2.92836800E-02   4.49098228E-03
   5501.2519435279310        2.03170925E-02   4.29093791E-03
   5502.8212548393294        1.64000411E-02   4.19126032E-03
   5504.3906521161171        2.63681598E-02   4.40747989E-03
   5505.9601352191976        2.35927291E-02   4.35121963E-03
   5507.5297040094774        1.20574757E-02   4.11935523E-03
   5509.0993583478621        2.11266894E-02   4.35815472E-03
   5510.6690980952535        1.46964639E-02   4.21828544E-03
   5512.2389231125590        1.77332945E-02   4.22223425E-03
   5513.8088332606812        2.24525239E-02   4.32659686E-03
   5515.3788284005277        1.40668843E-02   4.19740519E-03
   5516.9489083930030        2.54931375E-02   4.46129544E-03
   5518.5190730990098        1.35332746E-02   4.19227406E-03
   5520.0893223794537        1.99880488E-02   4.31105914E-03
   5521.6596560952403        2.03753822E-02   4.37383866E-03
   5523.2300741072750        1.82344876E-02   4.31274762E-03
   5524.8005762764615        2.49712076E-02   4.43364820E-03
   5526.3711624637053        2.21574530E-02   4.26286226E-03
   5527.9418325299102        1.15377307E-02   4.02912265E-03
   5529.5125863359817        2.22250465E-02   4.34230827E-03
   5531.0834237428253        2.09650882E-02   4.34690248E-03
   5532.6543446113456        1.65290423E-02   4.23427997E-03
   5534.2253488024462        1.67533234E-02   4.30046441E-03
   5535.7964361770337        2.18486730E-02   4.37431969E-03
   5537.3676065960126        2.24115606E-02   4.38921899E-03
   5538.9388599202866        2.46297251E-02   4.48419480E-03
   5540.5101960107613        1.99693199E-02   4.30622371E-03
   5542.0816147283422        2.17286162E-02   4.39663371E-03
   5543.6531159339338        1.38461990E-02   4.21853550E-03
   5545.2246994884408        1.73478983E-02   4.30816971E-03
   5546.7963652527669        2.68318802E-02   4.51534055E-03
   5548.3681130878176        2.08531059E-02   4.40302165E-03
   5549.9399428544993        1.55489240E-02   4.28633904E-03
   5551.5118544137158        8.82098451E-03   4.09747707E-03
   5553.0838476263716        2.12580971E-02   4.44236957E-03
   5554.6559223533714        2.62606088E-02   4.53285547E-03
   5556.2280784556224        1.96521096E-02   4.39879764E-03
   5557.8003157940257        1.67439263E-02   4.31971997E-03
   5559.3726342294885        1.83897372E-02   4.36838204E-03
   5560.9450336229147        2.13696361E-02   4.42136219E-03
   5562.5175138352106        1.17628248E-02   4.20542760E-03
   5564.0900747272799        1.76650155E-02   4.28571133E-03
   5565.6627161600272        1.40945818E-02   4.20016423E-03
   5567.2354379943572        1.92222651E-02   4.30187630E-03
   5568.8082400911771        1.79345142E-02   4.25777026E-03
   5570.3811223113898        1.83430295E-02   4.30328865E-03
   5571.9540845158990        1.19726723E-02   4.15589334E-03
   5573.5271265656129        1.75512750E-02   4.46149288E-03
   5575.1002483214324        1.41562466E-02   7.63682323E-03
   5576.6734496442650        2.86788531E-02   9.85135511E-03
   5578.2467303950152        8.32773838E-03   1.00011760E-02
   5579.8200904345877        3.18705058E-03   8.88878293E-03
   5581.3935296238869        1.82793830E-02   5.69032365E-03
   5582.9670478238186        7.72606116E-03   4.26526181E-03
   5584.5406448952872        1.65277794E-02   4.29592747E-03
   5586.1143206991965        1.42171597E-02   4.21678415E-03
   5587.6880750964519        9.21316165E-03   4.07874258E-03
   5589.2619079479600        1.39895044E-02   4.13900334E-03
   5590.8358191146244        2.15202998E-02   4.34638420E-03
   5592.4098084573488        1.66294556E-02   4.29220544E-03
   5593.9838758370397        1.73275005E-02   4.23149066E-03
   5595.5580211146016        2.07326170E-02   4.39051772E-03
   5597.1322441509383        1.36613110E-02   4.25495207E-03
   5598.7065448069561        1.72746051E-02   4.32109088E-03
   5600.2809229435597        1.10495752E-02   4.17060452E-03
   5601.8553784216519        2.01427508E-02   4.33173683E-03
   5603.4299111021410        1.72985233E-02   4.38567670E-03
   5605.0045208459287        8.76834244E-03   4.20049066E-03
   5606.5792075139225        1.27485478E-02   4.34761960E-03
   5608.1539709670242        2.33686529E-02   4.57473518E-03
   5609.7288110661420        2.75327079E-02   4.65152692E-03
   5611.3037276721789        2.29487140E-02   4.53054952E-03
   5612.8787206460393        2.24023294E-02   4.46755299E-03
   5614.4537898486278        2.24385168E-02   4.42783115E-03
   5616.0289351408519        1.97833236E-02   4.29463200E-03
   5617.6041563836143        2.23483481E-02   4.38873423E-03
   5619.1794534378214        2.53180172E-02   4.55678953E-03
   5620.7548261643751        2.25297324E-02   4.44340566E-03
   5622.3302744241837        1.26299076E-02   4.31080488E-03
   5623.9057980781499        8.85880366E-03   4.14199987E-03
   5625.4813969871793        2.16979105E-02   4.44871234E-03
   5627.0570710121765        2.17550229E-02   4.51194588E-03
   5628.6328200140479        1.81103442E-02   4.40093223E-03
   5630.2086438536944        2.07196325E-02   4.47888160E-03
   5631.7845423920253        2.02463511E-02   4.51113377E-03
   5633.3605154899424        1.69311166E-02   4.40567918E-03
   5634.9365630083530        1.69014484E-02   4.35501430E-03
   5636.5126848081600        7.17820460E-03   4.10992233E-03
   5638.0888807502679        2.47153752E-02   4.54901811E-03
   5639.6651506955850        2.28265505E-02   4.49634343E-03
   5641.2414945050123        1.23186111E-02   4.22504218E-03
   5642.8179120394561        1.67524908E-02   4.39191656E-03
   5644.3944031598212        3.25956009E-02   4.67567611E-03
   5645.9709677270130        2.02075522E-02   4.50378656E-03
   5647.5476056019361        2.19447110E-02   4.51589888E-03
   5649.1243166454951        1.96308345E-02   4.44919569E-03
   5650.7011007185947        1.46338437E-02   4.37319092E-03
   5652.2779576821395        2.65135970E-02   4.60792659E-03
   5653.8548873970349        2.02724356E-02   4.44265408E-03
   5655.4318897241856        2.36337222E-02   4.52582445E-03
   5657.0089645244971        1.71154737E-02   4.32523573E-03
   5658.5861116588749        1.62466336E-02   4.36567888E-03
   5660.1633309882209        1.89233441E-02   4.39881906E-03
   5661.7406223734415        1.19179478E-02   4.25606780E-03
   5663.3179856754423        8.80547054E-03   4.20483481E-03
   5664.8954207551278        1.73585899E-02   4.38854564E-03
   5666.4729274734036        1.21571599E-02   4.29456215E-03
   5668.0505056911725        1.13112042E-02   4.29618591E-03
   5669.6281552693408        1.95574407E-02   4.50677145E-03
   5671.2058760688133        1.70996692E-02   4.49274667E-03
   5672.7836679504944        8.74543469E-03   4.27819509E-03
   5674.3615307752898        1.89311858E-02   4.52552876E-03
   5675.9394644041031        2.02928111E-02   4.53348178E-03
   5677.5174686978398        1.66270118E-02   4.51882090E-03
   5679.0955435174046        1.64959189E-02   4.44874773E-03
   5680.6736887237030        1.80256423E-02   4.51148069E-03
   5682.2519041776386        1.47752706E-02   4.40692995E-03
   5683.8301897401179        2.95066778E-02   4.64470498E-03
   5685.4085452720446        1.81488879E-02   4.48176218E-03
   5686.9869706343243        1.72727853E-02   4.44608368E-03
   5688.5654656878614        2.18863618E-02   4.52213688E-03
   5690.1440302935598        1.36115337E-02   4.38420940E-03
   5691.7226643123258        2.45453492E-02   4.64550545E-03
   5693.3013676050632        1.54415797E-02   4.42482624E-03
   5694.8801400326793        1.08981198E-02   4.37317509E-03
   5696.4589814560759        2.10676938E-02   4.63737501E-03
   5698.0378917361586        1.13991471E-02   4.36361181E-03
   5699.6168707338329        2.32338496E-02   4.60155774E-03
   5701.1959183100053        2.07759943E-02   4.59170016E-03
   5702.7750343255766        1.98277868E-02   4.51131491E-03
   5704.3542186414552        2.03882810E-02   4.56106244E-03
   5705.9334711185438        2.53049042E-02   4.59840521E-03
   5707.5127916177489        2.31699143E-02   4.57091257E-03
   5709.0921799999742        1.74840689E-02   4.39687213E-03
   5710.6716361261242        2.01926902E-02   4.47685877E-03
   5712.2511598571064        1.49576887E-02   4.41234047E-03
   5713.8307510538225        1.11606093E-02   4.32342337E-03
   5715.4104095771791        1.93046406E-02   4.55405517E-03
   5716.9901352880797        2.29150821E-02   4.64528054E-03
   5718.5699280474309        1.61938909E-02   4.48893011E-03
   5720.1497877161364        9.54104122E-03   4.33074031E-03
   5721.7297141551016        2.11908612E-02   4.66715079E-03
   5723.3097072252294        1.24220233E-02   4.48483694E-03
   5724.8897667874280        2.00427398E-02   4.60221246E-03
   5726.4698927026011        2.25284491E-02   4.70005302E-03
   5728.0500848316515        1.86643414E-02   4.56423964E-03
   5729.6303430354874        2.00918335E-02   4.64555947E-03
   5731.2106671750107        1.81520991E-02   4.57499456E-03
   5732.7910571111279        1.71426535E-02   4.51796222E-03
   5734.3715127047435        1.84390675E-02   4.62525152E-03
   5735.9520338167622        1.59428436E-02   4.55919839E-03
   5737.5326203080886        1.91061851E-02   4.60625580E-03
   5739.1132720396281        1.95259936E-02   4.63864440E-03
   5740.6939888722854        1.05545996E-02   4.39595431E-03
   5742.2747706669643        2.19956581E-02   4.65347292E-03
   5743.8556172845729        1.24289393E-02   4.45317291E-03
   5745.4365285860122        2.00577863E-02   4.65492532E-03
   5747.0175044321895        1.72991492E-02   4.56871931E-03
   5748.5985446840077        1.04621314E-02   4.37455671E-03
   5750.1796492023732        2.01326851E-02   4.58788080E-03
   5751.7608178481905        2.33131032E-02   4.75606835E-03
   5753.3420504823644        2.24887542E-02   4.64967126E-03
   5754.9233469658011        2.03538369E-02   4.57111280E-03
   5756.5047071594036        1.46261947E-02   4.44863411E-03
   5758.0861309240754        1.98327154E-02   4.62919008E-03
   5759.6676181207258        2.59798542E-02   4.76032868E-03
   5761.2491686102558        2.53416784E-02   4.71859938E-03
   5762.8307822535708        2.40927432E-02   4.71612625E-03
   5764.4124589115772        2.06025150E-02   4.61156480E-03
   5765.9941984451798        1.49321519E-02   4.57519991E-03
   5767.5760007152821        1.29340589E-02   4.45734430E-03
   5769.1578655827889        2.13860739E-02   4.74082539E-03
   5770.7397929086073        1.86728500E-02   4.61239088E-03
   5772.3217825536394        1.72139686E-02   4.62979404E-03
   5773.9038343787915        1.21168820E-02   4.41152230E-03
   5775.4859482449683        1.35734538E-02   4.52828221E-03
   5777.0681240130752        2.32862141E-02   4.75142337E-03
   5778.6503615440151        1.68166589E-02   4.57556499E-03
   5780.2326606986953        1.45252850E-02   4.48017288E-03
   5781.8150213380186        2.67877355E-02   4.73339017E-03
   5783.3974433228923        1.55855725E-02   4.49803285E-03
   5784.9799265142192        2.31204368E-02   4.64510778E-03
   5786.5624707729048        2.08312050E-02   4.60592983E-03
   5788.1450759598529        1.72980037E-02   4.58157016E-03
   5789.7277419359707        1.82573926E-02   4.63354914E-03
   5791.3104685621611        1.84091106E-02   4.58738022E-03
   5792.8932556993295        1.73150543E-02   4.61206632E-03
   5794.4761032083807        1.70082580E-02   4.63521946E-03
   5796.0590109502200        1.41152525E-02   4.55668475E-03
   5797.6419787857521        2.06389725E-02   4.71724011E-03
   5799.2250065758817        2.46471353E-02   4.75918548E-03
   5800.8080941815133        1.75964274E-02   4.66181803E-03
   5802.3912414635524        2.03190520E-02   4.66785859E-03
   5803.9744482829037        1.37510635E-02   4.54174401E-03
   5805.5577145004709        2.02110633E-02   4.73321043E-03
   5807.1410399771612        2.07865089E-02   4.66411514E-03
   5808.7244245738775        2.38140188E-02   4.81314072E-03
   5810.3078681515262        1.74540151E-02   4.67002392E-03
   5811.8913705710102        2.53309635E-03   4.32932004E-03
   5813.4749316932366        1.65276621E-02   4.62059211E-03
   5815.0585513791084        2.48812474E-02   4.79845144E-03
   5816.6422294895301        1.81381647E-02   4.64165024E-03
   5818.2259658854091        1.27391126E-02   4.56192950E-03
   5819.8097604276481        2.92017069E-02   4.92129708E-03
   5821.3936129771528        1.27945160E-02   4.60834382E-03
   5822.9775233948276        1.67785920E-02   4.62835794E-03
   5824.5614915415781        1.44430446E-02   4.65342542E-03
   5826.1455172783080        1.37913320E-02   4.59356932E-03
   5827.7296004659229        2.74183713E-02   4.90281964E-03
   5829.3137409653291        9.57408641E-03   4.49435739E-03
   5830.8979386374285        1.74532980E-02   4.69981553E-03
   5832.4821933431285        1.77134164E-02   4.65642009E-03
   5834.0665049433319        2.14549005E-02   4.75749467E-03
   5835.6508732989450        2.37555150E-02   4.84884763E-03
   5837.2352982708717        2.56413091E-02   4.89642797E-03
   5838.8197797200182        9.94545221E-03   4.50083194E-03
   5840.4043175072884        2.93434989E-02   4.94930614E-03
   5841.9889114935868        1.37854582E-02   4.66659619E-03
   5843.5735615398198        2.94376463E-02   5.04516345E-03
   5845.1582675068903        3.03653069E-02   4.92768176E-03
   5846.7430292557037        1.91330239E-02   4.73332312E-03
   5848.3278466471656        2.27748789E-02   4.84680105E-03
   5849.9127195421806        2.07385905E-02   4.76535410E-03
   5851.4976478016533        2.49158051E-02   4.82960790E-03
   5853.0826312864901        3.27497423E-02   5.05883060E-03
   5854.6676698575920        3.38231064E-02   5.01168380E-03
   5856.2527633758673        2.51806583E-02   4.80323145E-03
   5857.8379117022205        3.18602920E-02   4.92623867E-03
   5859.4231146975544        3.11328862E-02   4.99778660E-03
   5861.0083722227773        2.71199457E-02   4.90750000E-03
   5862.5936841387902        2.95213778E-02   4.99358634E-03
   5864.1790503065004        3.08933295E-02   5.01304679E-03
   5865.7644705868133        3.40462737E-02   5.19971037E-03
   5867.3499448406310        3.52382362E-02   5.19694900E-03
   5868.9354729288607        2.35676784E-02   4.93870070E-03
   5870.5210547124061        3.64566110E-02   5.20554557E-03
   5872.1066900521737        2.95142755E-02   5.01832832E-03
   5873.6923788090662        2.79440098E-02   5.02174068E-03
   5875.2781208439901        3.50169055E-02   5.16777812E-03
   5876.8639160178482        2.83548106E-02   4.94245533E-03
   5878.4497641915486        2.08227038E-02   4.83379234E-03
   5880.0356652259916        3.67638692E-02   5.17613254E-03
   5881.6216189820880        3.46120186E-02   5.10742096E-03
   5883.2076253207370        1.87990554E-02   4.74481005E-03
   5884.7936841028468        3.85465659E-02   5.19870734E-03
   5886.3797951893202        3.40835527E-02   5.21454681E-03
   5887.9659584410656        2.78046243E-02   5.41338231E-03
   5889.5521737189838        2.11133733E-02   5.40856179E-03
   5891.1384408839804        3.50591093E-02   5.70175378E-03
   5892.7247597969626        3.00179664E-02   5.43277431E-03
   5894.3111303188343        2.86749694E-02   5.28440624E-03
   5895.8975523104982        4.11331281E-02   5.60342986E-03
   5897.4840256328616        3.81414555E-02   5.50549384E-03
   5899.0705501468301        2.95856707E-02   5.17805386E-03
   5900.6571257133046        3.24037969E-02   5.06693637E-03
   5902.2437521931924        2.52441894E-02   4.91619948E-03
   5903.8304294474001        2.34998111E-02   4.92474996E-03
   5905.4171573368294        3.39589119E-02   5.13367914E-03
   5907.0039357223877        3.01440805E-02   5.07578021E-03
   5908.5907644649787        2.64138840E-02   4.99965018E-03
   5910.1776434255071        1.84782557E-02   4.81019728E-03
   5911.7645724648773        1.79169513E-02   4.78069531E-03
   5913.3515514439950        2.59470828E-02   5.00218058E-03
   5914.9385802237657        1.34322913E-02   4.74129058E-03
   5916.5256586650930        2.46767960E-02   4.95522888E-03
   5918.1127866288816        1.25967665E-02   4.67684213E-03
   5919.6999639760379        2.51927171E-02   5.02156280E-03
   5921.2871905674656        8.49923678E-03   4.62971581E-03
   5922.8744662640693        1.92978680E-02   4.82577877E-03
   5924.4617909267536        1.16322683E-02   4.72878292E-03
   5926.0491644164258        2.21889541E-02   4.89731645E-03
   5927.6365865939879        2.25462541E-02   4.93867509E-03
   5929.2240573203471        2.18989011E-02   4.86213248E-03
   5930.8115764564063        1.72668267E-02   4.81686415E-03
   5932.3991438630701        1.25354892E-02   4.71540773E-03
   5933.9867594012458        1.18830157E-02   4.72742273E-03
   5935.5744229318361        1.75553877E-02   4.87287389E-03
   5937.1621343157476        1.50866676E-02   4.82059037E-03
   5938.7498934138821        2.08594128E-02   4.93243709E-03
   5940.3377000871487        2.06733737E-02   4.93947743E-03
   5941.9255541964485        1.38131324E-02   4.74172272E-03
   5943.5134556026878        1.87437460E-02   4.82230075E-03
   5945.1014041667731        2.25405563E-02   4.99361847E-03
   5946.6893997496063        2.18951143E-02   4.92842682E-03
   5948.2774422120947        1.49240727E-02   4.73926542E-03
   5949.8655314151420        1.13747437E-02   4.61947313E-03
   5951.4536672196537        2.01187804E-02   4.90931002E-03
   5953.0418494865326        1.86597984E-02   4.83239302E-03
   5954.6300780766869        1.32511640E-02   4.79132030E-03
   5956.2183528510177        1.70134343E-02   4.85185068E-03
   5957.8066736704332        1.22235138E-02   4.72582690E-03
   5959.3950403958370        2.13111285E-02   4.91928356E-03
   5960.9834528881347        1.83356237E-02   4.85176500E-03
   5962.5719110082282        1.48551092E-02   4.79260413E-03
   5964.1604146170257        2.42544301E-02   4.96809417E-03
   5965.7489635754309        1.61847565E-02   4.81518172E-03
   5967.3375577443476        2.55447235E-02   5.04139019E-03
   5968.9261969846830        1.61261111E-02   4.80019068E-03
   5970.5148811573390        1.68125276E-02   4.88538481E-03
   5972.1036101232230        1.88958924E-02   4.96321777E-03
   5973.6923837432396        2.13419050E-02   5.01536345E-03
   5975.2812018782924        2.83613019E-02   5.12891822E-03
   5976.8700643892871        1.85787249E-02   4.96755494E-03
   5978.4589711371282        1.74668841E-02   4.89849877E-03
   5980.0479219827203        2.47832872E-02   5.03205182E-03
   5981.6369167869689        2.22957060E-02   4.94808936E-03
   5983.2259554107777        2.51532793E-02   5.00632590E-03
   5984.8150377150541        1.82438716E-02   4.88436036E-03
   5986.4041635607009        2.74177454E-02   5.05998125E-03
   5987.9933328086227        2.24334672E-02   4.90820827E-03
   5989.5825453197240        1.18422676E-02   4.73602070E-03
   5991.1718009549122        1.68573651E-02   4.97335475E-03
   5992.7610995750902        1.74335334E-02   4.87375306E-03
   5994.3504410411633        1.67187359E-02   4.84550418E-03
   5995.9398252140372        1.95316169E-02   4.90740640E-03
   5997.5292519546147        2.80722547E-02   5.13138203E-03
   5999.1187211238021        3.13717946E-02   5.18851588E-03
   6000.7082325825049        1.33292098E-02   4.73749591E-03
   6002.2977861916261        2.47817524E-02   5.03268931E-03
   6003.8873818120728        7.28578726E-03   4.68201330E-03
   6005.4770193047470        1.09060220E-02   4.79196198E-03
   6007.0666985305552        1.58172883E-02   4.79838345E-03
   6008.6564193504037        1.93568971E-02   4.86011617E-03
   6010.2461816251962        1.23963840E-02   4.70710639E-03
   6011.8359852158355        2.55834311E-02   5.07627614E-03
   6013.4258299832281        1.62732620E-02   4.80456837E-03
   6015.0157157882795        4.55098879E-03   4.52150591E-03
   6016.6056424918943        1.93842370E-02   4.89548966E-03
   6018.1956099549780        1.68576185E-02   4.84509952E-03
   6019.7856180384324        2.70796120E-02   5.03084576E-03
   6021.3756666031659        1.44172553E-02   4.79911547E-03
   6022.9657555100821        1.71748064E-02   4.89144633E-03
   6024.5558846200838        1.16210021E-02   4.78457613E-03
   6026.1460537940802        1.84867252E-02   4.91973246E-03
   6027.7362628929714        2.09248979E-02   5.01419883E-03
   6029.3265117776655        1.59745235E-02   4.94962512E-03
   6030.9168003090672        1.19034769E-02   4.81792027E-03
   6032.5071283480802        2.75317077E-02   5.19379927E-03
   6034.0974957556100        2.29776483E-02   5.14371507E-03
   6035.6879023925612        4.96377284E-03   4.71057557E-03
   6037.2783481198385        1.54711818E-02   4.95742075E-03
   6038.8688327983464        2.10117437E-02   5.01756137E-03
   6040.4593562889913        1.32853668E-02   4.79022181E-03
   6042.0499184526761        1.37678254E-02   4.87309648E-03
   6043.6405191503072        1.31791104E-02   4.86519048E-03
   6045.2311582427892        1.66754257E-02   4.94600274E-03
   6046.8218355910249        2.13483386E-02   5.03324065E-03
   6048.4125510559234        1.66555680E-02   4.96506924E-03
   6050.0033044983857        1.89105831E-02   5.04000811E-03
   6051.5940957793173        1.49478214E-02   4.89417976E-03
   6053.1849247596238        1.98599510E-02   5.04640397E-03
   6054.7757913002106        1.87558476E-02   4.95979656E-03
   6056.3666952619815        1.10061876E-02   4.76105418E-03
   6057.9576365058438        1.39815714E-02   4.89867432E-03
   6059.5486148926975        2.39447877E-02   5.18267229E-03
   6061.1396302834519        2.07727719E-02   5.06316405E-03
   6062.7306825390115        1.84713788E-02   4.99821082E-03
   6064.3217715202773        1.39641287E-02   4.88031097E-03
   6065.9128970881584        2.19541993E-02   5.08209411E-03
   6067.5040591035577        2.90306155E-02   5.23866387E-03
   6069.0952574273806        2.28154100E-02   5.15534263E-03
   6070.6864919205318        1.61047056E-02   4.99070436E-03
   6072.2777624439168        1.48605062E-02   4.99822013E-03
   6073.8690688584375        1.74633693E-02   5.05381916E-03
   6075.4604110250029        1.46238264E-02   4.91987867E-03
   6077.0517888045160        1.76800881E-02   4.95460397E-03
   6078.6432020578823        1.45096481E-02   4.90137609E-03
   6080.2346506460053        2.18348335E-02   5.08446200E-03
   6081.8261344297898        1.52377598E-02   4.91699204E-03
   6083.4176532701422        1.74064599E-02   4.98740189E-03
   6085.0092070279661        9.12013184E-03   4.78927046E-03
   6086.6007955641680        2.12888010E-02   5.14567457E-03
   6088.1924187396507        2.17011925E-02   5.07574528E-03
   6089.7840764153207        1.86257344E-02   5.05068805E-03
   6091.3757684520815        2.48301085E-02   5.12122968E-03
   6092.9674947108397        2.20787544E-02   5.08616399E-03
   6094.5592550524980        1.80811025E-02   5.03173936E-03
   6096.1510493379628        1.45213390E-02   4.90825810E-03
   6097.7428774281379        1.60118807E-02   4.97013656E-03
   6099.3347391839288        1.28003955E-02   4.90551535E-03
   6100.9266344662410        1.06753446E-02   4.80225310E-03
   6102.5185631359782        1.67661346E-02   4.99921106E-03
   6104.1105250540450        1.95394699E-02   4.97117452E-03
   6105.7025200813487        2.26793531E-02   5.08053601E-03
   6107.2945480787903        2.17851065E-02   5.13686193E-03
   6108.8866089072790        2.16400381E-02   5.17380144E-03
   6110.4787024277157        2.05956195E-02   5.09182783E-03
   6112.0708285010078        2.29249392E-02   5.17402682E-03
   6113.6629869880599        1.03673600E-02   4.91857389E-03
   6115.2551777497756        2.11346596E-02   5.18372236E-03
   6116.8474006470606        1.36444541E-02   4.99801477E-03
   6118.4396555408202        1.68880783E-02   5.10900421E-03
   6120.0319422919583        1.61634162E-02   4.97577386E-03
   6121.6242607613794        1.17901722E-02   4.83824871E-03
   6123.2166108099900        2.16591675E-02   5.06651588E-03
   6124.8089922986946        2.29700040E-02   5.15410304E-03
   6126.4014050883970        1.88887566E-02   5.16045466E-03
   6127.9938490400018        1.45648597E-02   5.04278811E-03
   6129.5863240144154        1.90925170E-02   5.08835586E-03
   6131.1788298725414        9.43825208E-03   4.89295460E-03
   6132.7713664752864        2.18286235E-02   5.17942430E-03
   6134.3639336835531        1.98179130E-02   5.09141758E-03
   6135.9565313582470        2.75629666E-02   5.26259467E-03
   6137.5491593602737        1.31607726E-02   4.86613810E-03
   6139.1418175505378        1.48689654E-02   4.95657651E-03
   6140.7345057899438        1.43194748E-02   5.07600466E-03
   6142.3272239393973        1.58270113E-02   5.07424073E-03
   6143.9199718598011        2.46848203E-02   5.27840853E-03
   6145.5127494120625        2.12721229E-02   5.19667286E-03
   6147.1055564570852        2.25223079E-02   5.27126295E-03
   6148.6983928557738        2.20096912E-02   5.25234453E-03
   6150.2912584690339        1.99634358E-02   5.18730516E-03
   6151.8841531577709        1.45673538E-02   5.08919964E-03
   6153.4770767828886        1.68308653E-02   5.15206996E-03
   6155.0700292052907        2.56394148E-02   5.26929367E-03
   6156.6630102858844        1.27530098E-02   5.04020089E-03
   6158.2560198855736        2.09008902E-02   5.20598050E-03
   6159.8490578652636        2.95760352E-02   5.30256331E-03
   6161.4421240858583        1.59198325E-02   4.99820709E-03
   6163.0352184082631        2.73090564E-02   5.25682047E-03
   6164.6283406933835        1.93346608E-02   5.10649756E-03
   6166.2214908021233        1.33627681E-02   4.98049380E-03
   6167.8146685953870        1.78461261E-02   5.16244583E-03
   6169.4078739340821        2.47541796E-02   5.31306257E-03
   6171.0011066791094        1.95965841E-02   5.21831866E-03
   6172.5943666913781        1.81904621E-02   5.24780154E-03
   6174.1876538317883        1.01209087E-02   5.06340014E-03
   6175.7809679612501        1.82513315E-02   5.23616094E-03
   6177.3743089406644        1.18866339E-02   5.02964528E-03
   6178.9676766309367        1.33727314E-02   5.15482901E-03
   6180.5610708929726        1.38162980E-02   5.09981345E-03
   6182.1544915876775        1.86690949E-02   5.26380073E-03
   6183.7479385759561        2.13593077E-02   5.30761853E-03
   6185.3414117187131        1.75471157E-02   5.25955297E-03
   6186.9349108768520        2.01853979E-02   5.31802420E-03
   6188.5284359112784        1.93131249E-02   5.23735862E-03
   6190.1219866828978        1.00915181E-02   5.03814500E-03
   6191.7155630526149        1.85473952E-02   5.22052217E-03
   6193.3091648813352        2.42634490E-02   5.35944197E-03
   6194.9027920299613        2.20787581E-02   5.41425822E-03
   6196.4964443594008        1.09793553E-02   5.16271451E-03
   6198.0901217305563        2.32042279E-02   5.42727811E-03
   6199.6838240043344        2.56732963E-02   5.49621042E-03
   6201.2775510416395        2.03207172E-02   5.28002437E-03
   6202.8713027033746        1.64544452E-02   5.30908629E-03
   6204.4650788504478        2.72464640E-02   5.53046586E-03
   6206.0588793437610        1.43567268E-02   5.25843538E-03
   6207.6527040442206        1.47744818E-02   5.22346655E-03
   6209.2465528127314        1.43304989E-02   5.27807744E-03
   6210.8404255101987        1.40932379E-02   5.27360709E-03
   6212.4343219975253        1.70429833E-02   5.21401968E-03
   6214.0282421356169        2.04349905E-02   5.40618086E-03
   6215.6221857853816        1.16626779E-02   5.23123890E-03
   6217.2161528077195        1.51932519E-02   5.25402930E-03
   6218.8101430635388        1.75857283E-02   5.32215135E-03
   6220.4041564137415        1.16147520E-02   5.23794768E-03
   6221.9981927192348        2.40613949E-02   5.56740537E-03
   6223.5922518409234        1.28054842E-02   5.29295020E-03
   6225.1863336397109        1.82950124E-02   5.34233218E-03
   6226.7804379765030        1.20240990E-02   5.28241321E-03
   6228.3745647122041        2.37620156E-02   5.40772174E-03
   6229.9687137077199        2.53042094E-02   5.51519403E-03
   6231.5628848239539        2.22548023E-02   5.52229863E-03
   6233.1570779218127        2.69838423E-02   5.80362184E-03
   6234.7512928622000        2.29850672E-02   5.74397808E-03
   6236.3455295060203        1.17293894E-02   5.41237602E-03
   6237.9397877141791        2.38468666E-02   5.69268316E-03
   6239.5340673475812        1.12990513E-02   5.41116437E-03
   6241.1283682671328        2.28062589E-02   5.65702701E-03
   6242.7226903337350        2.14537904E-02   5.60760871E-03
   6244.3170334082970        1.00791724E-02   5.21463389E-03
   6245.9113973517215        1.47895887E-02   5.41253667E-03
   6247.5057820249131        1.89206544E-02   5.44023653E-03
   6249.1001872887773        1.85516663E-02   5.45673957E-03
   6250.6946130042179        2.32097954E-02   5.51915402E-03
   6252.2890590321422        2.32890453E-02   5.45613794E-03
   6253.8835252334529        3.14868242E-02   5.77712664E-03
   6255.4780114690548        7.08289910E-03   5.33086620E-03
   6257.0725175998541        2.53140889E-02   5.79741690E-03
   6258.6670434867547        2.27869619E-02   5.77815296E-03
   6260.2615889906610        2.76892725E-02   5.82204992E-03
   6261.8561539724806        1.51937865E-02   5.47716115E-03
   6263.4507382931151        2.55114306E-02   5.72334183E-03
   6265.0453418134703        3.01036220E-02   5.91895729E-03
   6266.6399643944524        2.59487778E-02   5.75816864E-03
   6268.2346058969651        1.41828116E-02   5.49537502E-03
   6269.8292661819123        1.51119083E-02   5.53513132E-03
   6271.4239451102003        2.04221234E-02   5.64200105E-03
   6273.0186425427346        2.64149606E-02   5.79687860E-03
   6274.6133583404180        1.56417042E-02   5.56438463E-03
   6276.2080923641570        2.13697217E-02   5.63272601E-03
   6277.8028444748552        8.77905544E-03   5.29354066E-03
   6279.3976145334191        1.96803901E-02   5.56031149E-03
   6280.9924024007514        2.93284152E-02   5.79175306E-03
   6282.5872079377586        3.39048542E-02   6.00320334E-03
   6284.1820310053472        2.66190358E-02   5.84837189E-03
   6285.7768714644180        9.33080446E-03   5.61070442E-03
   6287.3717291758767        2.21132394E-02   5.97480917E-03
   6288.9666040006305        1.09071163E-02   5.69950370E-03
   6290.5614957995840        2.28952281E-02   5.88385528E-03
