   3855.2271773478815        1.78518984E-02   5.18857967E-03
   3856.6172198575359        1.86082404E-02   5.02888439E-03
   3858.0075016155201        4.21555340E-02   5.67661040E-03
   3859.3980224827378        2.10501198E-02   4.97482158E-03
   3860.7887823200945        2.57485993E-02   5.16987313E-03
   3862.1797809884943        2.08309274E-02   5.24222339E-03
   3863.5710183488427        2.76468638E-02   5.51429950E-03
   3864.9624942620444        3.07343323E-02   5.54936798E-03
   3866.3542085890035        3.05365380E-02   5.48954541E-03
   3867.7461611906256        2.17219424E-02   5.19125955E-03
   3869.1383519278156        2.55764835E-02   5.11343544E-03
   3870.5307806614774        3.25491391E-02   5.26204845E-03
   3871.9234472525163        2.90464386E-02   5.07381558E-03
   3873.3163515618376        3.42864320E-02   5.35742380E-03
   3874.7094934503457        2.50125993E-02   5.15130162E-03
   3876.1028727789449        2.53441185E-02   5.17919520E-03
   3877.4964894085406        2.50265058E-02   5.11073414E-03
   3878.8903432000375        3.73735242E-02   5.38747106E-03
   3880.2844340143401        3.05301715E-02   5.04521793E-03
   3881.6787617123541        2.75557116E-02   4.92778793E-03
   3883.0733261549831        2.69346498E-02   4.96107340E-03
   3884.4681272031326        2.70547234E-02   5.00444602E-03
   3885.8631647177076        1.54192997E-02   4.53309389E-03
   3887.2584385596124        2.46410035E-02   4.76819184E-03
   3888.6539485897520        2.67360657E-02   4.79180599E-03
   3890.0496946690309        1.48285460E-02   4.47912375E-03
   3891.4456766583548        2.78987586E-02   4.95045166E-03
   3892.8418944186274        2.42060088E-02   4.98716766E-03
   3894.2383478107540        2.64208149E-02   5.00979507E-03
   3895.6350366956399        2.46055033E-02   4.98174131E-03
   3897.0319609341891        2.49501206E-02   4.94760927E-03
   3898.4291203873063        2.18249764E-02   4.90487041E-03
   3899.8265149158970        2.63184551E-02   5.01696905E-03
   3901.2241443808662        2.94475537E-02   4.95548733E-03
   3902.6220086431176        2.26933155E-02   4.74786572E-03
   3904.0201075635568        2.65948847E-02   4.77074319E-03
   3905.4184410030884        3.44514214E-02   5.01211267E-03
   3906.8170088226175        3.11989505E-02   4.94613172E-03
   3908.2158108830486        2.89189517E-02   4.94658295E-03
   3909.6148470452863        1.78990886E-02   4.66746464E-03
   3911.0141171702353        2.82309074E-02   5.00639388E-03
   3912.4136211188015        2.03603134E-02   4.80580609E-03
   3913.8133587518887        2.24233698E-02   4.84875962E-03
   3915.2133299304023        2.63347756E-02   4.91125323E-03
   3916.6135345152461        2.60643642E-02   4.83902078E-03
   3918.0139723673256        2.47859973E-02   4.73884400E-03
   3919.4146433475462        3.11464015E-02   4.73975018E-03
   3920.8155473168117        2.55463757E-02   4.54176217E-03
   3922.2166841360272        2.69150604E-02   4.55581117E-03
   3923.6180536660977        2.79032700E-02   4.54510655E-03
   3925.0196557679278        2.84982659E-02   4.54577850E-03
   3926.4214903024222        2.46895719E-02   4.36596200E-03
   3927.8235571304863        2.20246725E-02   4.05148137E-03
   3929.2258561130243        2.94312667E-02   4.09836974E-03
   3930.6283871109413        2.96493340E-02   3.85166751E-03
   3932.0311499851418        3.19940634E-02   3.84685234E-03
   3933.4341445965310        2.45824400E-02   3.59966815E-03
   3934.8373708060135        2.46243831E-02   3.52552277E-03
   3936.2408284744938        1.89341623E-02   3.46805784E-03
   3937.6445174628775        2.31582448E-02   3.76141886E-03
   3939.0484376320683        1.85841601E-02   3.80673935E-03
   3940.4525888429721        2.58761197E-02   4.12366632E-03
   3941.8569709564931        2.57070791E-02   4.24064603E-03
   3943.2615838335364        2.26079132E-02   4.17151069E-03
   3944.6664273350066        2.57967133E-02   4.25716257E-03
   3946.0715013218082        2.30060574E-02   4.25496697E-03
   3947.4768056548464        2.83248313E-02   4.43102513E-03
   3948.8823401950262        1.98484249E-02   4.29017888E-03
   3950.2881048032523        2.04475392E-02   4.40565450E-03
   3951.6940993404296        3.08845453E-02   4.59438795E-03
   3953.1003236674619        3.25038694E-02   4.65988135E-03
   3954.5067776452552        3.62009108E-02   4.78945207E-03
   3955.9134611347135        3.19217891E-02   4.64835530E-03
   3957.3203739967425        3.15780565E-02   4.59044101E-03
   3958.7275160922459        2.13845056E-02   4.34309710E-03
   3960.1348872821295        2.13202965E-02   4.19969019E-03
   3961.5424874272971        3.40590440E-02   4.43975534E-03
   3962.9503163886552        2.75296904E-02   4.06046072E-03
   3964.3583740271065        2.61785146E-02   3.90314497E-03
   3965.7666602035570        3.28810140E-02   4.00914764E-03
   3967.1751747789117        2.50092149E-02   3.61126778E-03
   3968.5839176140744        2.00037286E-02   3.24359117E-03
   3969.9928885699505        2.56722420E-02   3.47816222E-03
   3971.4020875074452        2.05097068E-02   3.49563942E-03
   3972.8115142874631        2.72752419E-02   3.84057430E-03
   3974.2211687709087        2.01007798E-02   3.83948954E-03
   3975.6310508186866        2.51392089E-02   4.13652044E-03
   3977.0411602917020        2.38698125E-02   4.17033117E-03
   3978.4514970508599        2.89237052E-02   4.45176661E-03
   3979.8620609570644        2.33141147E-02   4.38159192E-03
   3981.2728518712206        2.97262203E-02   4.57620574E-03
   3982.6838696542341        2.48728897E-02   4.42375569E-03
   3984.0951141670084        2.31953338E-02   4.36108187E-03
   3985.5065852704492        3.17610614E-02   4.50663269E-03
   3986.9182828254616        2.40125041E-02   4.39638412E-03
   3988.3302066929491        2.88611278E-02   4.53262869E-03
   3989.7423567338178        2.73557827E-02   4.50455165E-03
   3991.1547328089714        2.03493703E-02   4.40122280E-03
   3992.5673347793158        2.65811700E-02   4.45091724E-03
   3993.9801625057548        2.10393053E-02   4.40204376E-03
   3995.3932158491939        1.22047011E-02   4.07098560E-03
   3996.8064946705376        1.56368222E-02   4.10680426E-03
   3998.2199988306907        1.87021326E-02   4.26371908E-03
   3999.6337281905585        2.19827406E-02   4.30155220E-03
   4001.0476826110453        2.73425393E-02   4.59628273E-03
   4002.4618619530552        1.63807683E-02   4.24592616E-03
   4003.8762660774946        2.08851416E-02   4.30074660E-03
   4005.2908948452673        2.63092034E-02   4.40426962E-03
   4006.7057481172783        1.67053100E-02   4.11684811E-03
   4008.1208257544322        2.20252182E-02   4.34141420E-03
   4009.5361276176341        2.50556022E-02   4.51435288E-03
   4010.9516535677890        2.95488108E-02   4.58333734E-03
   4012.3674034658011        2.49971990E-02   4.49461583E-03
   4013.7833771725755        2.10810266E-02   4.39079897E-03
   4015.1995745490176        1.57552399E-02   4.23474144E-03
   4016.6159954560312        2.53165644E-02   4.49516997E-03
   4018.0326397545214        2.27788445E-02   4.41947626E-03
   4019.4495073053931        1.98728759E-02   4.35452396E-03
   4020.8665979695511        2.20626444E-02   4.41910652E-03
   4022.2839116079008        2.49626078E-02   4.49666381E-03
   4023.7014480813459        1.90611277E-02   4.32426529E-03
   4025.1192072507915        2.20078900E-02   4.39146627E-03
   4026.5371889771436        2.06454098E-02   4.34126053E-03
   4027.9553931213050        2.12824643E-02   4.35577286E-03
   4029.3738195441824        1.61468238E-02   4.18738276E-03
   4030.7924681066793        1.71574894E-02   4.13246825E-03
   4032.2113386697010        2.54640989E-02   4.22715815E-03
   4033.6304310941528        2.78931409E-02   4.25184099E-03
   4035.0497452409381        2.42432579E-02   4.28216951E-03
   4036.4692809709632        2.14132257E-02   4.27309237E-03
   4037.8890381451320        1.87908709E-02   4.33754409E-03
   4039.3090166243496        1.90191418E-02   4.33285953E-03
   4040.7292162695207        1.73667874E-02   4.26563434E-03
   4042.1496369415509        2.45210286E-02   4.34177322E-03
   4043.5702785013436        2.45829541E-02   4.23657522E-03
   4044.9911408098042        1.63853187E-02   3.96156544E-03
   4046.4122237278380        2.83014253E-02   4.22715070E-03
   4047.8335271163492        2.27613002E-02   4.13035648E-03
   4049.2550508362428        2.36768499E-02   4.35865251E-03
   4050.6767947484241        2.48211864E-02   4.42060269E-03
   4052.0987587137965        2.20276006E-02   4.30504652E-03
   4053.5209425932662        2.89329421E-02   4.45872499E-03
   4054.9433462477377        1.65555570E-02   4.01215861E-03
   4056.3659695381152        2.33704206E-02   4.18172684E-03
   4057.7888123253042        2.10643206E-02   4.16436885E-03
   4059.2118744702093        1.69592202E-02   4.06654412E-03
   4060.6351558337351        3.26042473E-02   4.46052290E-03
   4062.0586562767867        2.49216612E-02   4.24480019E-03
   4063.4823756602686        2.25072447E-02   4.09761630E-03
   4064.9063138450861        2.60432176E-02   4.12227260E-03
   4066.3304706921435        2.20293533E-02   4.04742127E-03
   4067.7548460623457        1.38553381E-02   3.97049775E-03
   4069.1794398165971        2.47143637E-02   4.26085992E-03
   4070.6042518158038        2.84504145E-02   4.31635836E-03
   4072.0292819208694        2.46938467E-02   4.22243075E-03
   4073.4545299926990        2.03292109E-02   4.02313145E-03
   4074.8799958921968        1.91555452E-02   4.08986211E-03
   4076.3056794802692        2.10877843E-02   4.05558711E-03
   4077.7315806178199        2.24302616E-02   4.06623073E-03
   4079.1576991657539        2.41260882E-02   4.13172040E-03
   4080.5840349849759        1.83196757E-02   4.11037914E-03
   4082.0105879363909        2.86671147E-02   4.36952244E-03
   4083.4373578809036        2.63113808E-02   4.31207800E-03
   4084.8643446794185        1.38216484E-02   3.99515312E-03
   4086.2915481928412        2.41882298E-02   4.21945518E-03
   4087.7189682820758        2.70125326E-02   4.36077313E-03
   4089.1466048080274        2.96464227E-02   4.44320077E-03
   4090.5744576316001        2.99813617E-02   4.43086168E-03
   4092.0025266137000        1.98252294E-02   4.16652113E-03
   4093.4308116152311        2.74324920E-02   4.32238495E-03
   4094.8593124970985        2.20371671E-02   4.15980676E-03
   4096.2880291202064        1.65365580E-02   3.98162566E-03
   4097.7169613454598        2.49430388E-02   4.08732006E-03
   4099.1461090337643        2.14104634E-02   3.92314559E-03
   4100.5754720460236        2.24553533E-02   3.85185052E-03
   4102.0050502431441        1.85829476E-02   3.70767293E-03
   4103.4348434860285        1.55295096E-02   3.56822833E-03
   4104.8648516355834        2.64263470E-02   4.08892939E-03
   4106.2950745527123        2.16098223E-02   4.04028594E-03
   4107.7255120983209        2.36253403E-02   4.10004426E-03
   4109.1561641333137        2.76651345E-02   4.21218807E-03
   4110.5870305185954        2.35861130E-02   4.10896493E-03
   4112.0181111150705        3.20482031E-02   4.35139472E-03
   4113.4494057836446        2.85673309E-02   4.28816257E-03
   4114.8809143852213        2.28039101E-02   4.17323085E-03
   4116.3126367807072        2.64600534E-02   4.26263316E-03
   4117.7445728310058        1.99230202E-02   4.09849221E-03
   4119.1767223970219        2.44205669E-02   4.15351707E-03
   4120.6090853396618        2.02642083E-02   4.07377863E-03
   4122.0416615198274        2.14844495E-02   4.03248426E-03
   4123.4744507984260        2.48390734E-02   4.20606649E-03
   4124.9074530363614        2.18414180E-02   4.15973971E-03
   4126.3406680945391        2.91757081E-02   4.25941218E-03
   4127.7740958338627        2.03687735E-02   4.01844410E-03
   4129.2077361152378        2.52558850E-02   4.17058822E-03
   4130.6415887995690        2.57728137E-02   4.10889275E-03
   4132.0756537477619        2.77181156E-02   4.08774754E-03
   4133.5099308207209        2.40410771E-02   3.98096908E-03
   4134.9444198793490        2.14026179E-02   4.00387729E-03
   4136.3791207845543        2.07374077E-02   4.06078156E-03
   4137.8140333972387        1.78361647E-02   4.04460402E-03
   4139.2491575783088        2.34547853E-02   4.23075771E-03
   4140.6844931886681        2.50267144E-02   4.19856561E-03
   4142.1200400892230        1.46937510E-02   3.82788689E-03
   4143.5557981408765        1.99274309E-02   3.85271898E-03
   4144.9917672045340        1.83894914E-02   3.84015823E-03
   4146.4279471411010        2.25790981E-02   4.03382722E-03
   4147.8643378114821        1.70207769E-02   3.92909115E-03
   4149.3009390765819        3.14935185E-02   4.23942506E-03
   4150.7377507973042        2.23899186E-02   4.00982378E-03
   4152.1747728345563        2.39043050E-02   4.06969478E-03
   4153.6120050492409        2.20496953E-02   3.95486690E-03
   4155.0494473022627        2.55016033E-02   4.04450530E-03
   4156.4870994545281        1.74684655E-02   3.78053356E-03
   4157.9249613669408        2.78704688E-02   4.10994887E-03
   4159.3630329004054        2.56498568E-02   4.09162417E-03
   4160.8013139158274        2.71473620E-02   4.15146630E-03
   4162.2398042741106        2.04831772E-02   4.02723299E-03
   4163.6785038361613        2.35246010E-02   4.09311056E-03
   4165.1174124628842        2.33439654E-02   4.10057185E-03
   4166.5565300151820        2.93982532E-02   4.24526306E-03
   4167.9958563539622        1.70710497E-02   3.92222218E-03
   4169.4353913401264        2.26780921E-02   3.98653233E-03
   4170.8751348345832        2.42243093E-02   4.03422816E-03
   4172.3150866982342        2.94973049E-02   4.14319336E-03
   4173.7552467919859        2.25872546E-02   3.89919081E-03
   4175.1956149767439        2.03143042E-02   3.91276646E-03
   4176.6361911134100        2.07322426E-02   3.88185331E-03
   4178.0769750628915        2.63956282E-02   4.00935533E-03
   4179.5179666860940        2.45365519E-02   3.98805458E-03
   4180.9591658439194        3.01769003E-02   4.14612796E-03
   4182.4005723972741        2.01975312E-02   3.84113006E-03
   4183.8421862070627        2.69261654E-02   4.01974469E-03
   4185.2840071341907        2.43382640E-02   3.91217275E-03
   4186.7260350395609        2.42582709E-02   3.94428102E-03
   4188.1682697840815        1.82952508E-02   3.80938780E-03
   4189.6107112286536        1.97563954E-02   3.81914573E-03
   4191.0533592341844        1.95240229E-02   3.90337757E-03
   4192.4962136615777        1.71203241E-02   3.83337261E-03
   4193.9392743717390        2.61070170E-02   4.05390467E-03
   4195.3825412255719        1.53456517E-02   3.72535433E-03
   4196.8260140839830        1.58764832E-02   3.68093047E-03
   4198.2696928078749        1.97244454E-02   3.72436130E-03
   4199.7135772581541        1.81437805E-02   3.68249463E-03
   4201.1576672957253        2.67965663E-02   3.89505643E-03
   4202.6019627814921        1.76243614E-02   3.72639275E-03
   4204.0464635763619        1.92319620E-02   3.82204494E-03
   4205.4911695412366        1.47787835E-02   3.68858362E-03
   4206.9360805370216        2.41343379E-02   4.03738255E-03
   4208.3811964246224        1.95013694E-02   3.90781928E-03
   4209.8265170649438        1.65513363E-02   3.81866936E-03
   4211.2720423188903        1.63883399E-02   3.79590853E-03
   4212.7177720473674        1.52029851E-02   3.83834331E-03
   4214.1637061112797        1.80034637E-02   3.78242950E-03
   4215.6098443715309        2.55726632E-02   3.96573963E-03
   4217.0561866890257        2.42456496E-02   3.87824164E-03
   4218.5027329246714        1.80499237E-02   3.78232659E-03
   4219.9494829393698        2.47359294E-02   3.99733381E-03
   4221.3964365940274        1.83073431E-02   3.81712033E-03
   4222.8435937495487        2.64475141E-02   3.99508979E-03
   4224.2909542668385        1.86880659E-02   3.68097890E-03
   4225.7385180068022        2.70500742E-02   3.70554067E-03
   4227.1862848303435        2.68724225E-02   3.68891004E-03
   4228.6342545983671        1.82524752E-02   3.55716329E-03
   4230.0824271717784        2.56409999E-02   3.92014952E-03
   4231.5308024114838        2.37251967E-02   3.89120914E-03
   4232.9793801783853        2.85338666E-02   3.97801632E-03
   4234.4281603333893        2.71039419E-02   3.91421886E-03
   4235.8771427373995        1.90034732E-02   3.66378133E-03
   4237.3263272513213        1.43866269E-02   3.54204397E-03
   4238.7757137360604        1.45098707E-02   3.54794203E-03
   4240.2253020525204        2.48754397E-02   3.78704863E-03
   4241.6750920616059        2.17401143E-02   3.75745422E-03
   4243.1250836242234        2.05787104E-02   3.75526887E-03
   4244.5752766012765        1.54424077E-02   3.63672851E-03
   4246.0256708536699        1.88797489E-02   3.73950438E-03
   4247.4762662423082        2.41953693E-02   3.80677381E-03
   4248.9270626280968        2.03533936E-02   3.65177426E-03
   4250.3780598719413        2.25130152E-02   3.67771741E-03
   4251.8292578347437        2.40612496E-02   3.67407291E-03
   4253.2806563774120        1.60957221E-02   3.54441139E-03
   4254.7322553608501        2.36011948E-02   3.75991710E-03
   4256.1840546459616        2.74928007E-02   3.80880293E-03
   4257.6360540936512        2.50652861E-02   3.77573306E-03
   4259.0882535648252        2.27070190E-02   3.67067428E-03
   4260.5406529203883        2.27629654E-02   3.60165606E-03
   4261.9932520212442        2.05250047E-02   3.58430576E-03
   4263.4460507282984        1.43007971E-02   3.50054866E-03
   4264.8990489024554        1.60238259E-02   3.64001631E-03
   4266.3522464046209        2.23412644E-02   3.76361771E-03
   4267.8056430956985        2.78386287E-02   3.88114015E-03
   4269.2592388365929        1.79388504E-02   3.55239725E-03
   4270.7130334882104        2.31556688E-02   3.58878332E-03
   4272.1670269114538        2.98466217E-02   3.68640688E-03
   4273.6212189672297        1.29225915E-02   3.22267413E-03
   4275.0756095164425        2.02638935E-02   3.52761918E-03
   4276.5301984199959        1.62738562E-02   3.50212608E-03
   4277.9849855387965        2.23711841E-02   3.69183859E-03
   4279.4399707337470        2.60844808E-02   3.78729124E-03
   4280.8951538657539        1.87077112E-02   3.59177846E-03
   4282.3505347957216        2.08176561E-02   3.64179397E-03
   4283.8061133845540        1.91996749E-02   3.55851091E-03
   4285.2618894931575        2.35557575E-02   3.64171574E-03
   4286.7178629824357        2.18201037E-02   3.57050449E-03
   4288.1740337132933        1.70770753E-02   3.40153580E-03
   4289.6304015466367        2.42533218E-02   3.56436195E-03
   4291.0869663433677        1.66127831E-02   3.43435351E-03
   4292.5437279643947        2.24945080E-02   3.54159181E-03
   4294.0006862706196        1.92963686E-02   3.47536826E-03
   4295.4578411229486        2.20098235E-02   3.58776399E-03
   4296.9151923822865        2.29754485E-02   3.54857999E-03
   4298.3727399095378        1.50969783E-02   3.20727774E-03
   4299.8304835656072        2.26125307E-02   3.34163732E-03
   4301.2884232114002        2.01965217E-02   3.21533880E-03
   4302.7465587078195        1.97775997E-02   3.25850141E-03
   4304.2048899157726        2.11353377E-02   3.28898919E-03
   4305.6634166961639        1.89903602E-02   3.20567098E-03
   4307.1221389098964        1.50034465E-02   3.07795568E-03
   4308.5810564178764        1.61347203E-02   3.07270093E-03
   4310.0401690810077        2.09628623E-02   3.22797149E-03
   4311.4994767601966        2.08924487E-02   3.30089615E-03
   4312.9589793163468        2.82559190E-02   3.56163364E-03
   4314.4186766103630        1.72517877E-02   3.45096341E-03
   4315.8785685031507        2.84152403E-02   3.82798980E-03
   4317.3386548556136        1.57231186E-02   3.58403777E-03
   4318.7989355286572        1.89807117E-02   3.75225861E-03
   4320.2594103831871        2.08012238E-02   3.76634533E-03
   4321.7200792801059        2.20259614E-02   3.68167926E-03
   4323.1809420803211        2.37947740E-02   3.61296721E-03
   4324.6419986447363        2.45940387E-02   3.49877216E-03
   4326.1032488342553        1.88551750E-02   3.30134411E-03
   4327.5646925097844        2.70467717E-02   3.62379150E-03
   4329.0263295322284        2.58923899E-02   3.69093171E-03
   4330.4881597624908        3.04151867E-02   3.92756378E-03
   4331.9501830614763        2.22586188E-02   3.72718880E-03
   4333.4123992900923        2.70009879E-02   3.82685079E-03
   4334.8748083092405        2.40404718E-02   3.71039915E-03
   4336.3374099798275        2.33655758E-02   3.62392748E-03
   4337.8002041627578        1.72125567E-02   3.36975418E-03
   4339.2631907189361        2.34183874E-02   3.34334141E-03
   4340.7263695092670        2.59338506E-02   3.41011281E-03
   4342.1897403946550        2.00234465E-02   3.29440809E-03
   4343.6533032360066        2.06424296E-02   3.39691178E-03
   4345.1170578942247        2.58117598E-02   3.65813449E-03
   4346.5810042302137        2.33082846E-02   3.60800535E-03
   4348.0451421048811        2.28596944E-02   3.67751298E-03
   4349.5094713791295        1.87287536E-02   3.58354487E-03
   4350.9739919138647        2.46507451E-02   3.64423380E-03
   4352.4387035699901        1.93143915E-02   3.48141906E-03
   4353.9036062084124        2.35401727E-02   3.53207532E-03
   4355.3686996900351        1.33966599E-02   3.35877342E-03
   4356.8339838757629        2.78591700E-02   3.75126908E-03
   4358.2994586265022        2.31139902E-02   3.61969043E-03
   4359.7651238031549        1.92558356E-02   3.54480301E-03
   4361.2309792666292        2.60195117E-02   3.73741705E-03
   4362.6970248778280        1.99068524E-02   3.61118279E-03
   4364.1632604976558        2.34251339E-02   3.71557614E-03
   4365.6296859870190        2.19653584E-02   3.63835227E-03
   4367.0963012068214        1.26549341E-02   3.40981013E-03
   4368.5631060179667        2.16958765E-02   3.58732510E-03
   4370.0301002813621        1.92345642E-02   3.48315272E-03
   4371.4972838579106        2.17251740E-02   3.57165746E-03
   4372.9646566085175        2.52852030E-02   3.59669584E-03
   4374.4322183940885        2.67360937E-02   3.61484429E-03
   4375.8999690755263        1.78066101E-02   3.38547048E-03
   4377.3679085137373        2.10891068E-02   3.52872116E-03
   4378.8360365696262        2.38778945E-02   3.57798487E-03
   4380.3043531040967        2.23354865E-02   3.53842438E-03
   4381.7728579780551        2.08662618E-02   3.39783076E-03
   4383.2415510524061        2.68026032E-02   3.39469197E-03
   4384.7104321880543        2.49361191E-02   3.35044926E-03
   4386.1795012459024        2.44876407E-02   3.38261155E-03
   4387.6487580868579        2.08779555E-02   3.38431261E-03
   4389.1182025718244        1.76526662E-02   3.35591147E-03
   4390.5878345617084        1.86490361E-02   3.35384742E-03
   4392.0576539174117        1.93060935E-02   3.43532464E-03
   4393.5276604998417        2.31513586E-02   3.50123039E-03
   4394.9978541699011        1.20973317E-02   3.26871639E-03
   4396.4682347884964        2.14837100E-02   3.51003720E-03
   4397.9388022165322        2.12344434E-02   3.52506596E-03
   4399.4095563149122        1.97845921E-02   3.48698837E-03
   4400.8804969445428        2.01592166E-02   3.46376048E-03
   4402.3516239663268        2.26615649E-02   3.48621979E-03
   4403.8229372411706        1.65554248E-02   3.34582618E-03
   4405.2944366299789        2.02524159E-02   3.41190561E-03
   4406.7661219936554        1.92398634E-02   3.34632210E-03
   4408.2379931931064        2.00872552E-02   3.45219113E-03
   4409.7100500892357        1.78181864E-02   3.45988921E-03
   4411.1822925429478        1.94863733E-02   3.55152390E-03
   4412.6547204151484        2.47199871E-02   3.63803189E-03
   4414.1273335667420        2.08842214E-02   3.52130854E-03
   4415.6001318586332        2.13773772E-02   3.50653729E-03
   4417.0731151517275        2.28777211E-02   3.51349800E-03
   4418.5462833069287        2.18350105E-02   3.57489823E-03
   4420.0196361851422        2.33469550E-02   3.66364210E-03
   4421.4931736472718        2.12116521E-02   3.61010223E-03
   4422.9668955542238        1.62778459E-02   3.48840281E-03
   4424.4408017669030        1.68160927E-02   3.44003621E-03
   4425.9148921462129        1.78345293E-02   3.44302179E-03
   4427.3891665530591        1.71410758E-02   3.43529927E-03
   4428.8636248483463        2.06332430E-02   3.54513433E-03
   4430.3382668929798        2.42525134E-02   3.63686890E-03
   4431.8130925478636        1.78916585E-02   3.43361031E-03
   4433.2881016739020        2.27249060E-02   3.56088812E-03
   4434.7632941320016        1.84103176E-02   3.36698978E-03
   4436.2386697830652        1.48989363E-02   3.36390408E-03
   4437.7142284879992        1.86563060E-02   3.47802555E-03
   4439.1899701077082        2.35639568E-02   3.62253911E-03
   4440.6658945030958        1.95512231E-02   3.54255410E-03
   4442.1420015350686        1.41150439E-02   3.34547344E-03
   4443.6182910645293        2.28335448E-02   3.56638990E-03
   4445.0947629523844        2.32031792E-02   3.60171753E-03
   4446.5714170595384        2.16495264E-02   3.58666433E-03
   4448.0482532468950        1.81073733E-02   3.53178754E-03
   4449.5252713753607        2.59541832E-02   3.69219342E-03
   4451.0024713058383        2.45563500E-02   3.64468805E-03
   4452.4798528992351        2.07155887E-02   3.55013111E-03
   4453.9574160164539        2.74911243E-02   3.68185807E-03
   4455.4351605184002        2.57791486E-02   3.58528481E-03
   4456.9130862659795        2.67912857E-02   3.56205250E-03
   4458.3911931200946        2.33731791E-02   3.46242893E-03
   4459.8694809416520        2.77612936E-02   3.57653294E-03
   4461.3479495915562        2.23858003E-02   3.48176574E-03
   4462.8265989307120        2.79312972E-02   3.61699518E-03
   4464.3054288200237        2.53692474E-02   3.59793962E-03
   4465.7844391203962        3.72672677E-02   3.87248164E-03
   4467.2636296927349        2.54951511E-02   3.61877098E-03
   4468.7430003979453        2.87855044E-02   3.71074048E-03
   4470.2225510969292        1.87715180E-02   3.46672791E-03
   4471.7022816505951        2.42030788E-02   3.64125171E-03
   4473.1821919198455        1.79995913E-02   3.54077271E-03
   4474.6622817655862        1.87498182E-02   3.57392803E-03
   4476.1425510487206        2.07750928E-02   3.60176899E-03
   4477.6229996301545        2.37070508E-02   3.67695908E-03
   4479.1036273707941        1.65949520E-02   3.51862819E-03
   4480.5844341315424        1.76562164E-02   3.46981990E-03
   4482.0654197733038        2.12741103E-02   3.52778519E-03
   4483.5465841569840        2.55886465E-02   3.64957890E-03
   4485.0279271434883        2.23730803E-02   3.63605912E-03
   4486.5094485937207        2.01645587E-02   3.63512384E-03
   4487.9911483685855        1.98939350E-02   3.57808755E-03
   4489.4730263289903        2.70703156E-02   3.62074003E-03
   4490.9550823358359        2.18159612E-02   3.56467487E-03
   4492.4373162500297        2.77391765E-02   3.72378156E-03
   4493.9197279324762        2.25546900E-02   3.63282626E-03
   4495.4023172440793        2.72056051E-02   3.68591584E-03
   4496.8850840457435        2.00065691E-02   3.50670004E-03
   4498.3680281983761        2.41170004E-02   3.67405638E-03
   4499.8511495628791        2.78166290E-02   3.72771639E-03
   4501.3344480001588        3.27969044E-02   3.86732537E-03
   4502.8179233711207        2.09529977E-02   3.60512268E-03
   4504.3015755366669        2.86797658E-02   3.77635239E-03
   4505.7854043577045        2.64278352E-02   3.78006790E-03
   4507.2694096951382        2.10296065E-02   3.66121996E-03
   4508.7535914098717        2.78867111E-02   3.80236283E-03
   4510.2379493628114        1.90757085E-02   3.60952830E-03
   4511.7224834148592        1.52205005E-02   3.52548528E-03
   4513.2071934269234        2.30185688E-02   3.61765549E-03
   4514.6920792599067        1.97639074E-02   3.55923432E-03
   4516.1771407747146        1.68537498E-02   3.48137016E-03
   4517.6623778322510        2.40867995E-02   3.66179598E-03
   4519.1477902934221        2.47739144E-02   3.65947466E-03
   4520.6333780191317        2.30329037E-02   3.61679820E-03
   4522.1191408702853        1.60813704E-02   3.50325601E-03
   4523.6050787077866        2.05335747E-02   3.57924076E-03
   4525.0911913925411        1.78391114E-02   3.51476273E-03
   4526.5774787854543        2.02035233E-02   3.42236832E-03
   4528.0639407474309        2.38785949E-02   3.53309698E-03
   4529.5505771393737        2.01212857E-02   3.41793592E-03
   4531.0373878221899        2.13423222E-02   3.49919219E-03
   4532.5243726567833        2.01346129E-02   3.43740778E-03
   4534.0115315040575        1.86592713E-02   3.42216855E-03
   4535.4988642249200        1.90933906E-02   3.46675189E-03
   4536.9863706802735        1.60980877E-02   3.37934215E-03
   4538.4740507310235        2.29433030E-02   3.62984417E-03
   4539.9619042380746        2.07995363E-02   3.56484274E-03
   4541.4499310623332        1.83731169E-02   3.48685752E-03
   4542.9381310647013        2.12147627E-02   3.56063060E-03
   4544.4265041060844        1.99498888E-02   3.55628761E-03
   4545.9150500473897        2.04563029E-02   3.53854988E-03
   4547.4037687495183        2.50630248E-02   3.59096937E-03
   4548.8926600733785        1.57140531E-02   3.35162063E-03
   4550.3817238798738        2.22874042E-02   3.53240455E-03
   4551.8709600299071        1.90582648E-02   3.41641973E-03
   4553.3603683843867        2.50684489E-02   3.57675343E-03
   4554.8499488042144        2.75027007E-02   3.62820295E-03
   4556.3397011502966        2.41334010E-02   3.56972637E-03
   4557.8296252835380        2.17366163E-02   3.51144094E-03
   4559.3197210648432        2.04982739E-02   3.55088315E-03
   4560.8099883551167        2.55880877E-02   3.69233289E-03
   4562.3004270152633        2.09481940E-02   3.56589956E-03
   4563.7910369061874        2.15065740E-02   3.56140384E-03
   4565.2818178887956        1.78123564E-02   3.40736820E-03
   4566.7727698239905        2.35415529E-02   3.56069929E-03
   4568.2638925726787        1.99087840E-02   3.50564532E-03
   4569.7551859957648        2.26552710E-02   3.54593946E-03
   4571.2466499541515        2.37923414E-02   3.59434192E-03
   4572.7382843087462        2.25322172E-02   3.54838371E-03
   4574.2300889204516        1.99476574E-02   3.49522382E-03
   4575.7220636501743        2.52111685E-02   3.65427067E-03
   4577.2142083588187        2.49395687E-02   3.63531709E-03
   4578.7065229072896        1.81989353E-02   3.44389863E-03
   4580.1990071564896        2.76057553E-02   3.59030627E-03
   4581.6916609673272        2.31177434E-02   3.49552440E-03
   4583.1844842007040        2.56139860E-02   3.54340486E-03
   4584.6774767175275        2.27003694E-02   3.48131428E-03
   4586.1706383787005        1.39715346E-02   3.27715673E-03
   4587.6639690451284        2.30242126E-02   3.52907972E-03
   4589.1574685777159        2.33005919E-02   3.52126919E-03
   4590.6511368373685        2.53925007E-02   3.58679146E-03
   4592.1449736849909        1.48297930E-02   3.34049365E-03
   4593.6389789814857        1.97382700E-02   3.39734484E-03
   4595.1331525877613        1.83210056E-02   3.35417758E-03
   4596.6274943647195        1.75439678E-02   3.35708982E-03
   4598.1220041732677        1.86805539E-02   3.38557828E-03
   4599.6166818743086        2.30188947E-02   3.47496825E-03
   4601.1115273287469        2.19753645E-02   3.48987314E-03
   4602.6065403974890        2.28280872E-02   3.47610400E-03
   4604.1017209414385        1.81416944E-02   3.34710465E-03
   4605.5970688215011        2.12881621E-02   3.45122442E-03
   4607.0925838985804        1.83410849E-02   3.42080696E-03
   4608.5882660335828        1.64146665E-02   3.39826196E-03
   4610.0841150874121        1.68697946E-02   3.37606575E-03
   4611.5801309209737        2.00243033E-02   3.48041416E-03
   4613.0763133951705        1.50337713E-02   3.28461686E-03
   4614.5726623709097        1.63055994E-02   3.33155971E-03
   4616.0691777090951        1.78729128E-02   3.41599993E-03
   4617.5658592706313        2.05052886E-02   3.43132438E-03
   4619.0627069164238        2.20426228E-02   3.45916185E-03
   4620.5597205073764        1.55349616E-02   3.32212239E-03
   4622.0568999043944        2.19831485E-02   3.44650773E-03
   4623.5542449683835        1.75392497E-02   3.38100083E-03
   4625.0517555602464        1.94669329E-02   3.42637533E-03
   4626.5494315408905        2.29558274E-02   3.48751340E-03
   4628.0472727712186        2.20939349E-02   3.44936643E-03
   4629.5452791121361        2.14125272E-02   3.49032693E-03
   4631.0434504245477        2.03310605E-02   3.45151382E-03
   4632.5417865693589        2.31342912E-02   3.45631805E-03
   4634.0402874074744        2.09226217E-02   3.45640257E-03
   4635.5389527997977        2.92844325E-02   3.63174453E-03
   4637.0377826072354        1.68116409E-02   3.33696138E-03
   4638.5367766906902        2.31686085E-02   3.45053221E-03
   4640.0359349110686        2.12973896E-02   3.45114782E-03
   4641.5352571292760        1.83671210E-02   3.36944940E-03
   4643.0347432062144        2.58668866E-02   3.56851052E-03
   4644.5343930027911        1.81150548E-02   3.37708159E-03
   4646.0342063799108        1.63927767E-02   3.26670404E-03
   4647.5341831984761        2.48894040E-02   3.44932359E-03
   4649.0343233193944        1.59585141E-02   3.23726726E-03
   4650.5346266035685        1.95852742E-02   3.33608151E-03
   4652.0350929119049        2.24883240E-02   3.44692054E-03
   4653.5357221053082        1.84033383E-02   3.37110064E-03
   4655.0365140446820        1.85608622E-02   3.31296842E-03
   4656.5374685909319        1.82085037E-02   3.34254117E-03
   4658.0385856049625        2.38475427E-02   3.47764534E-03
   4659.5398649476783        2.37371102E-02   3.49848950E-03
   4661.0413064799850        1.97586436E-02   3.43450485E-03
   4662.5429100627862        2.34861560E-02   3.45860445E-03
   4664.0446755569883        2.16145236E-02   3.40346992E-03
   4665.5466028234941        1.99668240E-02   3.32690775E-03
   4667.0486917232101        2.42779944E-02   3.36171919E-03
   4668.5509421170409        2.34107338E-02   3.34317540E-03
   4670.0533538658901        2.11774595E-02   3.36569431E-03
   4671.5559268306633        1.93969216E-02   3.31503223E-03
   4673.0586608722660        2.20763274E-02   3.42011754E-03
   4674.5615558516010        1.97919365E-02   3.36974789E-03
   4676.0646116295757        2.15872768E-02   3.43677937E-03
   4677.5678280670927        2.29837578E-02   3.47231072E-03
   4679.0712050250586        2.07335521E-02   3.41008534E-03
   4680.5747423643770        1.88005138E-02   3.30098975E-03
   4682.0784399459526        2.55173147E-02   3.48320929E-03
   4683.5822976306908        2.15175133E-02   3.39121139E-03
   4685.0863152794955        2.86376365E-02   3.55224637E-03
   4686.5904927532738        2.29406469E-02   3.47361038E-03
   4688.0948299129277        2.37401314E-02   3.46002798E-03
   4689.5993266193645        1.97230149E-02   3.37680429E-03
   4691.1039827334862        2.86281332E-02   3.56588722E-03
   4692.6087981162000        2.16523893E-02   3.36583075E-03
   4694.1137726284105        2.40613297E-02   3.49337840E-03
   4695.6189061310206        2.04993822E-02   3.39022931E-03
   4697.1241984849366        2.05888208E-02   3.43882013E-03
   4698.6296495510633        2.49790680E-02   3.44434916E-03
   4700.1352591903051        2.50545591E-02   3.46440892E-03
   4701.6410272635667        2.64496524E-02   3.48902051E-03
   4703.1469536317536        2.72449143E-02   3.48497136E-03
   4704.6530381557695        2.44760197E-02   3.43653001E-03
   4706.1592806965209        2.37197988E-02   3.41352192E-03
   4707.6656811149105        2.01801043E-02   3.31529486E-03
   4709.1722392718457        1.63978562E-02   3.28121544E-03
   4710.6789550282283        2.00773161E-02   3.34621919E-03
   4712.1858282449657        1.81114841E-02   3.33874137E-03
   4713.6928587829607        1.72724277E-02   3.31763481E-03
   4715.2000465031197        2.05584858E-02   3.38264741E-03
   4716.7073912663463        1.56312305E-02   3.28689092E-03
   4718.2148929335463        1.82550382E-02   3.39813135E-03
   4719.7225513656231        1.71490554E-02   3.35083622E-03
   4721.2303664234832        1.76383816E-02   3.40287946E-03
   4722.7383379680305        1.97798628E-02   3.45689501E-03
   4724.2464658601693        2.19405163E-02   3.50394240E-03
   4725.7547499608063        1.74341537E-02   3.38438945E-03
   4727.2631901308432        1.74707528E-02   3.35306139E-03
   4728.7717862311883        2.66534984E-02   3.50831472E-03
   4730.2805381227436        2.06821468E-02   3.37596773E-03
   4731.7894456664153        2.05815677E-02   3.34730092E-03
   4733.2985087231082        2.99945660E-02   3.61168501E-03
   4734.8077271537268        1.72625296E-02   3.35402996E-03
   4736.3171008191757        1.66174136E-02   3.29479249E-03
   4737.8266295803605        1.50692994E-02   3.31139681E-03
   4739.3363132981849        1.58294048E-02   3.33083607E-03
   4740.8461518335553        2.36046296E-02   3.50903138E-03
   4742.3561450473744        1.93053111E-02   3.42918956E-03
   4743.8662928005479        1.86546445E-02   3.38725373E-03
   4745.3765949539820        2.00902577E-02   3.45181278E-03
   4746.8870513685788        1.37371887E-02   3.28505854E-03
   4748.3976619052446        2.07224879E-02   3.47200129E-03
   4749.9084264248850        2.02015452E-02   3.43414210E-03
   4751.4193447884036        1.47608034E-02   3.30743287E-03
   4752.9304168567060        2.56913621E-02   3.52637237E-03
   4754.4416424906958        1.72646493E-02   3.35531752E-03
   4755.9530215512805        2.06252318E-02   3.37930024E-03
   4757.4645538993609        1.92833971E-02   3.37930094E-03
   4758.9762393958445        2.32595038E-02   3.50751705E-03
   4760.4880779016348        1.81512814E-02   3.37691745E-03
   4762.0000692776393        2.12818589E-02   3.41711263E-03
   4763.5122133847590        2.04053540E-02   3.36989784E-03
   4765.0245100839011        2.48146150E-02   3.46388668E-03
   4766.5369592359702        1.91301648E-02   3.35790589E-03
   4768.0495607018702        2.28918996E-02   3.47546116E-03
   4769.5623143425073        2.08260380E-02   3.41317127E-03
   4771.0752200187844        1.50912963E-02   3.27609573E-03
   4772.5882775916070        1.72863957E-02   3.37207806E-03
   4774.1014869218816        1.25935432E-02   3.27052549E-03
   4775.6148478705109        1.75206065E-02   3.39460955E-03
   4777.1283602984004        1.65980402E-02   3.37279402E-03
   4778.6420240664547        2.36697905E-02   3.57058318E-03
   4780.1558390355794        2.03011949E-02   3.47318663E-03
   4781.6698050666782        1.82738937E-02   3.41102248E-03
   4783.1839220206575        2.01080050E-02   3.42809083E-03
   4784.6981897584201        1.77467968E-02   3.38433892E-03
   4786.2126081408724        1.85086578E-02   3.37643479E-03
   4787.7271770289180        1.80047713E-02   3.35710845E-03
   4789.2418962834627        1.54927569E-02   3.32461903E-03
   4790.7567657654099        1.53260818E-02   3.29801347E-03
   4792.2717853356671        1.36077153E-02   3.30982707E-03
   4793.7869548551362        1.31958127E-02   3.33097996E-03
   4795.3022741847235        1.54403402E-02   3.37541569E-03
   4796.8177431853328        1.71071347E-02   3.37107945E-03
   4798.3333617178705        2.04417035E-02   3.48301418E-03
   4799.8491296432403        2.68833432E-02   3.59335192E-03
   4801.3650468223468        1.69460885E-02   3.37495608E-03
   4802.8811131160955        2.30088998E-02   3.50088952E-03
   4804.3973283853911        1.83081217E-02   3.39201046E-03
   4805.9136924911381        2.22192835E-02   3.47266207E-03
   4807.4302052942412        1.80614982E-02   3.37708695E-03
   4808.9468666556058        1.57663301E-02   3.29376408E-03
   4810.4636764361358        1.13690170E-02   3.21468781E-03
   4811.9806344967374        1.90039072E-02   3.46103660E-03
   4813.4977406983144        1.60176959E-02   3.36553948E-03
   4815.0149949017705        1.77013762E-02   3.41067580E-03
   4816.5323969680130        1.48626082E-02   3.35645699E-03
   4818.0499467579439        1.03306035E-02   3.26599879E-03
   4819.5676441324713        1.69086047E-02   3.40324873E-03
   4821.0854889524981        2.01303437E-02   3.47495521E-03
   4822.6034810789288        1.76461954E-02   3.43245827E-03
   4824.1216203726681        1.97934303E-02   3.43196280E-03
   4825.6399066946215        1.68161038E-02   3.39430268E-03
   4827.1583399056944        1.71591826E-02   3.37361544E-03
   4828.6769198667907        1.61680076E-02   3.36118555E-03
   4830.1956464388149        1.56902857E-02   3.38342087E-03
   4831.7145194826726        1.38438120E-02   3.30798933E-03
   4833.2335388592683        1.61168836E-02   3.35045555E-03
   4834.7527044295066        2.13891268E-02   3.46750580E-03
   4836.2720160542931        2.63643414E-02   3.58517142E-03
   4837.7914735945305        1.36457784E-02   3.34085990E-03
   4839.3110769111272        2.29281969E-02   3.47854989E-03
   4840.8308258649840        2.70589199E-02   3.55522847E-03
   4842.3507203170093        3.00930850E-02   3.66046419E-03
   4843.8707601281048        3.26406509E-02   3.66621930E-03
   4845.3909451591771        2.34741960E-02   3.48190591E-03
   4846.9112752711308        2.21105237E-02   3.48492758E-03
   4848.4317503248703        2.19355747E-02   3.43389413E-03
   4849.9523701813014        2.85158530E-02   3.57449660E-03
   4851.4731347013276        3.44288573E-02   3.70601285E-03
   4852.9940437458536        2.64544524E-02   3.53653892E-03
   4854.5150971757857        2.29105502E-02   3.40023101E-03
   4856.0362948520278        2.03585345E-02   3.30238882E-03
   4857.5576366354835        2.80594602E-02   3.41936410E-03
   4859.0791223870601        2.71986201E-02   3.35584604E-03
   4860.6007519676614        2.47854572E-02   3.21334763E-03
   4862.1225252381910        2.92005111E-02   3.25489137E-03
   4863.6444420595553        2.16040127E-02   3.14840092E-03
   4865.1665022926582        2.27604676E-02   3.26097291E-03
   4866.6887057984040        2.15857346E-02   3.32122878E-03
   4868.2110524376994        2.44241189E-02   3.40029923E-03
   4869.7335420714480        2.23412886E-02   3.32453381E-03
   4871.2561745605535        2.66859792E-02   3.41385463E-03
   4872.7789497659232        2.83597317E-02   3.40193301E-03
   4874.3018675484609        2.46872697E-02   3.37578100E-03
   4875.8249277690693        2.62739751E-02   3.47605255E-03
   4877.3481302886566        2.95372251E-02   3.56218871E-03
   4878.8714749681249        2.20983587E-02   3.41384159E-03
   4880.3949616683813        2.27228459E-02   3.44864139E-03
   4881.9185902503286        2.87671685E-02   3.56394867E-03
   4883.4423605748725        2.54652482E-02   3.48605728E-03
   4884.9662725029175        2.05299761E-02   3.37892794E-03
   4886.4903258953691        2.55908594E-02   3.43036465E-03
   4888.0145206131310        1.96037386E-02   3.24882241E-03
   4889.5388565171088        2.22005956E-02   3.34500335E-03
   4891.0633334682070        1.71902291E-02   3.21340724E-03
   4892.5879513273312        1.60936192E-02   3.23452824E-03
   4894.1127099553851        2.05094554E-02   3.35571240E-03
   4895.6376092132741        2.85170991E-02   3.60130402E-03
   4897.1626489619030        1.79893356E-02   3.35145439E-03
   4898.6878290621762        2.03504935E-02   3.44569189E-03
   4900.2131493749994        2.38557104E-02   3.48869944E-03
   4901.7386097612753        2.36201454E-02   3.50331375E-03
   4903.2642100819112        1.99442059E-02   3.36784800E-03
   4904.7899501978100        1.45658189E-02   3.30691668E-03
   4906.3158299698780        1.97774246E-02   3.42034828E-03
   4907.8418492590190        2.29270421E-02   3.45599232E-03
   4909.3680079261385        2.43970025E-02   3.44966887E-03
   4910.8943058321411        2.42383815E-02   3.44993430E-03
   4912.4207428379314        1.74830258E-02   3.29071563E-03
   4913.9473188044130        2.12231372E-02   3.42089846E-03
   4915.4740335924935        2.65531857E-02   3.50891636E-03
   4917.0008870630763        2.96450853E-02   3.59905791E-03
   4918.5278790770662        1.95596516E-02   3.24031711E-03
   4920.0550094953669        2.29083225E-02   3.27765057E-03
   4921.5822781788847        1.92828700E-02   3.20785376E-03
   4923.1096849885234        2.44489182E-02   3.35773849E-03
   4924.6372297851894        2.11666469E-02   3.34005500E-03
   4926.1649124297846        2.25199722E-02   3.36861005E-03
   4927.6927327832173        1.70144625E-02   3.30786337E-03
   4929.2206907063901        2.08321810E-02   3.40647879E-03
   4930.7487860602087        1.99675746E-02   3.39867640E-03
   4932.2770187055767        1.84064824E-02   3.33869876E-03
   4933.8053885033996        1.81092210E-02   3.34075047E-03
   4935.3338953145831        2.01949831E-02   3.34288389E-03
   4936.8625390000316        1.78000107E-02   3.27292108E-03
   4938.3913194206489        2.11369190E-02   3.32446280E-03
   4939.9202364373405        1.16271051E-02   3.08683747E-03
   4941.4492899110110        1.92524977E-02   3.34833283E-03
   4942.9784797025650        2.31934916E-02   3.45837371E-03
   4944.5078056729080        1.63171440E-02   3.27219535E-03
   4946.0372676829447        2.10325737E-02   3.39779374E-03
   4947.5668655935797        1.99853349E-02   3.38183553E-03
   4949.0965992657175        1.53822945E-02   3.25785903E-03
   4950.6264685602628        1.80378966E-02   3.35573312E-03
   4952.1564733381219        2.29243413E-02   3.45013617E-03
   4953.6866134601978        1.98625885E-02   3.38769681E-03
   4955.2168887873950        2.57417448E-02   3.42221837E-03
   4956.7472991806208        2.51610521E-02   3.42878816E-03
   4958.2778445007780        1.49499308E-02   3.13107786E-03
   4959.8085246087712        1.83498040E-02   3.28217261E-03
   4961.3393393655069        1.42581947E-02   3.25236190E-03
   4962.8702886318879        2.07444355E-02   3.44603928E-03
   4964.4013722688205        1.62330884E-02   3.29961977E-03
   4965.9325901372104        2.52743494E-02   3.51381628E-03
   4967.4639420979593        1.84502956E-02   3.28853331E-03
   4968.9954280119746        1.75486505E-02   3.27220070E-03
   4970.5270477401591        2.13460885E-02   3.39438906E-03
   4972.0588011434202        1.89733710E-02   3.34308599E-03
   4973.5906880826597        2.05007624E-02   3.36603844E-03
   4975.1227084187849        1.76420473E-02   3.35276173E-03
   4976.6548620126987        2.21095737E-02   3.43532907E-03
   4978.1871487253075        1.78310163E-02   3.29238269E-03
   4979.7195684175158        2.34584790E-02   3.39901680E-03
   4981.2521209502274        2.92233825E-02   3.47141176E-03
   4982.7848061843488        1.50510725E-02   3.10722692E-03
   4984.3176239807826        1.59128960E-02   3.13774263E-03
   4985.8505742004354        1.94795579E-02   3.27397510E-03
   4987.3836567042108        2.43879277E-02   3.44598526E-03
   4988.9168713530144        2.39352658E-02   3.50626954E-03
   4990.4502180077507        1.65847372E-02   3.30018019E-03
   4991.9836965293243        1.96193457E-02   3.32615431E-03
   4993.5173067786400        2.28395816E-02   3.38285556E-03
   4995.0510486166040        2.76300143E-02   3.55731766E-03
   4996.5849219041193        2.55446695E-02   3.51341465E-03
   4998.1189265020921        2.18111910E-02   3.37876892E-03
   4999.6530622714254        2.64392719E-02   3.49945575E-03
   5001.1873290730264        1.81925427E-02   3.26778623E-03
   5002.7217267677970        2.79206727E-02   3.48705356E-03
   5004.2562552166446        3.15971635E-02   3.56435659E-03
   5005.7909142804729        2.24489365E-02   3.32265301E-03
   5007.3257038201864        1.60452891E-02   3.21011897E-03
   5008.8606236966907        2.20453870E-02   3.36252805E-03
   5010.3956737708904        2.04673558E-02   3.34513164E-03
   5011.9308539036901        2.47443244E-02   3.39279557E-03
   5013.4661639559945        2.04378851E-02   3.30322981E-03
   5015.0016037887081        1.95495095E-02   3.26683768E-03
   5016.5371732627364        2.10411623E-02   3.31243733E-03
   5018.0728722389840        3.19346301E-02   3.58021981E-03
   5019.6087005783556        2.64381748E-02   3.43334721E-03
   5021.1446581417558        2.97033861E-02   3.55090504E-03
   5022.6807447900901        2.57644486E-02   3.43796471E-03
   5024.2169603842622        2.15020683E-02   3.33637348E-03
   5025.7533047851775        3.08061615E-02   3.58324707E-03
   5027.2897778537417        2.82261390E-02   3.52941360E-03
   5028.8263794508584        2.55322605E-02   3.46403313E-03
   5030.3631094374323        2.76769456E-02   3.54471500E-03
   5031.8999676743688        3.22860852E-02   3.70691903E-03
   5033.4369540225734        2.51998901E-02   3.51174013E-03
   5034.9740683429500        2.86528021E-02   3.54226981E-03
   5036.5113104964030        2.37044264E-02   3.45167075E-03
   5038.0486803438371        2.62889601E-02   3.47426697E-03
   5039.5861777461587        2.36918181E-02   3.36232944E-03
   5041.1238025642706        1.97726842E-02   3.29482835E-03
   5042.6615546590792        2.64439508E-02   3.46674747E-03
   5044.1994338914883        2.60527302E-02   3.48974788E-03
   5045.7374401224042        1.99496076E-02   3.39529850E-03
   5047.2755732127298        2.31809486E-02   3.46757728E-03
   5048.8138330233705        2.08370648E-02   3.40410462E-03
   5050.3522194152320        2.32830700E-02   3.40407202E-03
   5051.8907322492178        1.98787078E-02   3.34555982E-03
   5053.4293713862335        2.19836608E-02   3.45061463E-03
   5054.9681366871828        1.06085856E-02   3.17892921E-03
   5056.5070280129721        2.49716341E-02   3.55425454E-03
   5058.0460452245061        2.21743174E-02   3.51749407E-03
   5059.5851881826884        2.36639492E-02   3.54413386E-03
   5061.1244567484255        1.73602998E-02   3.41184880E-03
   5062.6638507826201        1.71082076E-02   3.35178338E-03
   5064.2033701461778        1.95060205E-02   3.39924055E-03
   5065.7430147000041        1.94237772E-02   3.40952980E-03
   5067.2827843050036        2.39313673E-02   3.49210063E-03
   5068.8226788220809        1.50455385E-02   3.29959043E-03
   5070.3626981121397        1.97859202E-02   3.43038095E-03
   5071.9028420360873        2.53522284E-02   3.54010891E-03
   5073.4431104548257        2.18130667E-02   3.44984024E-03
   5074.9835032292622        2.49558445E-02   3.50609934E-03
   5076.5240202202995        2.82649640E-02   3.60757555E-03
   5078.0646612888449        2.49136332E-02   3.48734064E-03
   5079.6054262958005        1.79504640E-02   3.33802053E-03
   5081.1463151020716        1.70217529E-02   3.27992160E-03
   5082.6873275685648        2.04403978E-02   3.36431153E-03
   5084.2284635561846        2.05093306E-02   3.40986345E-03
   5085.7697229258338        1.69199165E-02   3.34383710E-03
   5087.3111055384170        2.53937244E-02   3.56577220E-03
   5088.8526112548425        1.68609098E-02   3.38193681E-03
   5090.3942399360121        2.24195607E-02   3.49359401E-03
   5091.9359914428314        1.65383425E-02   3.39146168E-03
   5093.4778656362068        2.31316946E-02   3.53514124E-03
   5095.0198623770402        2.53946409E-02   3.56954150E-03
   5096.5619815262380        2.54465323E-02   3.56613798E-03
   5098.1042229447048        2.14583669E-02   3.45727196E-03
   5099.6465864933461        2.28769965E-02   3.46047967E-03
   5101.1890720330657        2.33538076E-02   3.47023830E-03
   5102.7316794247681        1.81117244E-02   3.38028232E-03
   5104.2744085293598        1.97353419E-02   3.43671045E-03
   5105.8172592077435        2.82736849E-02   3.60607146E-03
   5107.3602313208257        2.18063872E-02   3.43836099E-03
   5108.9033247295101        1.95461866E-02   3.41601600E-03
   5110.4465392947022        1.98292769E-02   3.38334613E-03
   5111.9898748773066        2.63471007E-02   3.54459649E-03
   5113.5333313382271        2.18447000E-02   3.51306750E-03
   5115.0769085383708        2.62462851E-02   3.62786069E-03
   5116.6206063386408        2.21704002E-02   3.49038467E-03
   5118.1644245999432        2.43407264E-02   3.59156635E-03
   5119.7083631831802        2.21565794E-02   3.49155790E-03
   5121.2524219492598        1.82645861E-02   3.39540979E-03
   5122.7966007590840        2.16441955E-02   3.44594428E-03
   5124.3408994735591        2.09249128E-02   3.42627661E-03
   5125.8853179535899        2.40318235E-02   3.44874756E-03
   5127.4298560600810        1.74594354E-02   3.34244361E-03
   5128.9745136539377        2.25382149E-02   3.43008223E-03
   5130.5192905960639        1.70020107E-02   3.34140635E-03
   5132.0641867473641        1.76449958E-02   3.34361172E-03
   5133.6092019687439        2.21451987E-02   3.47174099E-03
   5135.1543361211088        2.62919571E-02   3.55800334E-03
   5136.6995890653625        2.60611419E-02   3.59496567E-03
   5138.2449606624104        1.68897994E-02   3.27345263E-03
   5139.7904507731573        1.94153879E-02   3.32991080E-03
   5141.3360592585068        1.78473648E-02   3.33960075E-03
   5142.8817859793653        1.84871685E-02   3.37560009E-03
   5144.4276307966356        2.53877919E-02   3.50852055E-03
   5145.9735935712251        2.15792339E-02   3.43461428E-03
   5147.5196741640375        1.82653479E-02   3.40367551E-03
   5149.0658724359773        2.23857313E-02   3.44400015E-03
   5150.6121882479492        1.29867475E-02   3.22452630E-03
   5152.1586214608587        2.36760285E-02   3.55528970E-03
   5153.7051719356095        1.73280519E-02   3.33027658E-03
   5155.2518395331072        2.53612101E-02   3.56847304E-03
   5156.7986241142562        2.44933963E-02   3.57141695E-03
   5158.3455255399622        2.95414869E-02   3.68063082E-03
   5159.8925436711297        2.71610618E-02   3.62427253E-03
   5161.4396783686625        2.58520115E-02   3.55839753E-03
   5162.9869294934661        3.10596302E-02   3.68710677E-03
   5164.5342969064450        2.43725814E-02   3.46485339E-03
   5166.0817804685039        2.18241997E-02   3.30271921E-03
   5167.6293800405501        2.76814457E-02   3.40433046E-03
   5169.1770954834847        2.89520305E-02   3.42476903E-03
   5170.7249266582139        2.45775934E-02   3.31590371E-03
   5172.2728734256425        2.64271833E-02   3.34728090E-03
   5173.8209356466768        2.34145708E-02   3.29414778E-03
   5175.3691131822197        2.44292729E-02   3.44317034E-03
   5176.9174058931767        1.38505241E-02   3.28794471E-03
   5178.4658136404523        2.19218303E-02   3.48637672E-03
   5180.0143362849522        2.03583799E-02   3.49241868E-03
   5181.5629736875790        2.50482094E-02   3.44816479E-03
   5183.1117257092401        3.13239135E-02   3.52055207E-03
   5184.6605922108383        2.25337632E-02   3.26472102E-03
   5186.2095730532801        2.55559478E-02   3.41021898E-03
   5187.7586680974700        2.13110968E-02   3.41969053E-03
   5189.3078772043118        2.15372797E-02   3.46030062E-03
   5190.8572002347119        2.38727927E-02   3.48583632E-03
   5192.4066370495721        1.84203200E-02   3.40848695E-03
   5193.9561875097997        2.33202111E-02   3.46260052E-03
   5195.5058514763004        2.41099577E-02   3.57875368E-03
   5197.0556288099760        3.03667132E-02   3.77590768E-03
   5198.6055193717330        2.10859831E-02   3.66711756E-03
   5200.1555230224767        1.79856755E-02   3.58746527E-03
   5201.7056396231119        2.74232738E-02   3.72177712E-03
   5203.2558690345404        1.99966263E-02   3.48786521E-03
   5204.8062111176714        1.47582637E-02   3.31760105E-03
   5206.3566657334077        2.18878370E-02   3.46137420E-03
   5207.9072327426538        2.01386288E-02   3.37744900E-03
   5209.4579120063145        1.65726580E-02   3.34994239E-03
   5211.0087033852933        1.98421571E-02   3.45405401E-03
   5212.5596067404995        2.30640601E-02   3.55096022E-03
   5214.1106219328331        1.90890282E-02   3.46542126E-03
   5215.6617488232023        2.11715177E-02   3.52920662E-03
   5217.2129872725081        2.29319017E-02   3.50466929E-03
   5218.7643371416598        2.36975122E-02   3.51832830E-03
   5220.3157982915591        1.26041630E-02   3.34892888E-03
   5221.8673705831116        1.93954296E-02   3.48089775E-03
   5223.4190538772236        2.06105579E-02   3.51011613E-03
   5224.9708480347972        2.42755897E-02   3.52606643E-03
   5226.5227529167387        2.56879851E-02   3.51919676E-03
   5228.0747683839527        2.34246477E-02   3.46421823E-03
   5229.6268942973438        2.21246667E-02   3.47849401E-03
   5231.1791305178176        2.01885719E-02   3.43904924E-03
   5232.7314769062777        2.16673482E-02   3.45750316E-03
   5234.2839333236298        1.64418127E-02   3.32407467E-03
   5235.8364996307791        1.93636995E-02   3.44444346E-03
   5237.3891756886296        1.77850556E-02   3.47020919E-03
   5238.9419613580858        1.92066636E-02   3.48179950E-03
   5240.4948565000532        2.12447718E-02   3.53783206E-03
   5242.0478609754364        1.52774788E-02   3.40099400E-03
   5243.6009746451391        2.04664748E-02   3.50103574E-03
   5245.1541973700687        2.40077060E-02   3.57116479E-03
   5246.7075290111270        1.93327013E-02   3.50748259E-03
   5248.2609694292214        2.11414024E-02   3.53551353E-03
   5249.8145184852556        2.14025266E-02   3.53310932E-03
   5251.3681760401341        2.31270082E-02   3.57922213E-03
   5252.9219419547626        2.07280237E-02   3.52653395E-03
   5254.4758160900437        1.24708153E-02   3.28246527E-03
   5256.0297983068858        2.20088828E-02   3.54848453E-03
   5257.5838884661898        2.71570329E-02   3.70596512E-03
   5259.1380864288640        2.62745135E-02   3.68550676E-03
   5260.6923920558120        1.74807962E-02   3.43830790E-03
   5262.2468052079366        2.59979963E-02   3.58097255E-03
   5263.8013257461444        2.29692198E-02   3.44449328E-03
   5265.3559535313398        2.59783193E-02   3.48828267E-03
   5266.9106884244284        2.97864415E-02   3.55227385E-03
   5268.4655302863148        1.52558964E-02   3.22474213E-03
   5270.0204789779027        1.53017174E-02   3.20506142E-03
   5271.5755343600977        2.52737459E-02   3.51476902E-03
   5273.1306962938061        2.66018771E-02   3.59825720E-03
   5274.6859646399298        2.42798217E-02   3.57010053E-03
   5276.2413392593753        2.03893203E-02   3.48667172E-03
   5277.7968200130463        1.73657164E-02   3.44337989E-03
   5279.3524067618491        2.31336448E-02   3.56986094E-03
   5280.9080993666876        2.26352606E-02   3.56311142E-03
   5282.4638976884662        1.67183094E-02   3.40486364E-03
   5284.0198015880915        2.36481614E-02   3.54747428E-03
   5285.5758109264661        1.49138644E-02   3.40127014E-03
   5287.1319255644958        2.61400584E-02   3.67859518E-03
   5288.6881453630858        2.21303944E-02   3.62291560E-03
   5290.2444701831400        1.34093836E-02   3.42969573E-03
   5291.8008998855630        2.28559002E-02   3.61024099E-03
   5293.3574343312630        2.24307794E-02   3.62583902E-03
   5294.9140733811391        2.33110059E-02   3.64688667E-03
   5296.4708168961006        2.41957884E-02   3.60519066E-03
   5298.0276647370501        1.98545530E-02   3.50750703E-03
   5299.5846167648942        2.27045026E-02   3.54440277E-03
   5301.1416728405356        2.18397267E-02   3.59961344E-03
   5302.6988328248808        1.77604388E-02   3.49301938E-03
   5304.2560965788334        1.44254230E-02   3.40362405E-03
   5305.8134639632990        1.69932172E-02   3.51749570E-03
   5307.3709348391822        1.95031799E-02   3.52029293E-03
   5308.9285090673875        1.58869643E-02   3.47466790E-03
   5310.4861865088196        1.67075880E-02   3.55556211E-03
   5312.0439670243841        2.44680084E-02   3.71349812E-03
   5313.6018504749854        2.31710281E-02   3.66264116E-03
   5315.1598367215283        2.51147468E-02   3.65112280E-03
   5316.7179256249174        1.91299655E-02   3.52648320E-03
   5318.2761170460572        2.38291621E-02   3.65627836E-03
   5319.8344108458532        2.05204580E-02   3.59878107E-03
   5321.3928068852092        1.77563578E-02   3.55800590E-03
   5322.9513050250325        2.39643734E-02   3.64165544E-03
   5324.5099051262250        2.43991297E-02   3.66146606E-03
   5326.0686070496931        2.04565860E-02   3.51120788E-03
   5327.6274106563405        2.25682650E-02   3.53331259E-03
   5329.1863158070746        2.75199264E-02   3.62761575E-03
   5330.7453223627963        2.01230515E-02   3.53120454E-03
   5332.3044301844129        2.23462619E-02   3.66657716E-03
   5333.8636391328291        2.59197876E-02   3.70450295E-03
   5335.4229490689486        2.00643260E-02   3.59981391E-03
   5336.9823598536768        1.94082931E-02   3.61571368E-03
   5338.5418713479194        2.59795953E-02   3.70679167E-03
   5340.1014834125799        1.64645184E-02   3.45836813E-03
   5341.6611959085640        2.42482666E-02   3.63037502E-03
   5343.2210086967752        2.04185769E-02   3.50334379E-03
   5344.7809216381211        2.19215509E-02   3.62494471E-03
   5346.3409345935024        1.39468983E-02   3.43602756E-03
   5347.9010474238275        2.35729367E-02   3.64631973E-03
   5349.4612599899992        1.87704191E-02   3.54739185E-03
   5351.0215721529230        2.55484525E-02   3.68530583E-03
   5352.5819837735035        2.49433350E-02   3.71211418E-03
   5354.1424947126461        1.92336906E-02   3.57357599E-03
   5355.7031048312556        2.48315223E-02   3.75549542E-03
   5357.2638139902356        2.44925357E-02   3.70571576E-03
   5358.8246220504916        1.75246410E-02   3.62829701E-03
   5360.3855288729283        2.12098602E-02   3.65815731E-03
   5361.9465343184502        1.41620310E-02   3.47366068E-03
   5363.5076382479638        2.01001614E-02   3.56723485E-03
   5365.0688405223727        1.77193005E-02   3.53561668E-03
   5366.6301410025817        2.20448915E-02   3.60306981E-03
   5368.1915395494943        1.61388591E-02   3.43401637E-03
   5369.7530360240171        2.56446209E-02   3.67842498E-03
   5371.3146302870546        1.67719573E-02   3.44659132E-03
   5372.8763221995114        1.82761773E-02   3.48754320E-03
   5374.4381116222921        2.52806041E-02   3.72715807E-03
   5375.9999984163014        2.03982890E-02   3.62317916E-03
   5377.5619824424448        2.43133530E-02   3.73925408E-03
   5379.1240635616268        2.15992667E-02   3.64972721E-03
   5380.6862416347522        1.96696296E-02   3.60856112E-03
   5382.2485165227254        1.93310883E-02   3.56941647E-03
   5383.8108880864520        2.51806751E-02   3.72568495E-03
   5385.3733561868348        1.70766544E-02   3.55751836E-03
   5386.9359206847821        1.78583935E-02   3.55711253E-03
   5388.4985814411948        1.83639210E-02   3.58178699E-03
   5390.0613383169812        2.88097374E-02   3.82081326E-03
   5391.6241911730440        2.12898105E-02   3.61783546E-03
   5393.1871398702888        1.83279831E-02   3.52417026E-03
   5394.7501842696192        2.28089001E-02   3.64000420E-03
   5396.3133242319418        1.93303339E-02   3.51962401E-03
   5397.8765596181602        2.70250980E-02   3.73864756E-03
   5399.4398902891799        2.53067017E-02   3.67897376E-03
   5401.0033161059046        1.68741047E-02   3.46933608E-03
   5402.5668369292407        1.92132909E-02   3.53041850E-03
   5404.1304526200920        2.30062082E-02   3.57492315E-03
   5405.6941630393630        2.40177289E-02   3.59638105E-03
   5407.2579680479594        2.44040731E-02   3.62066762E-03
   5408.8218675067847        1.80103667E-02   3.49927507E-03
   5410.3858612767453        1.61923226E-02   3.47051909E-03
   5411.9499492187451        1.77338570E-02   3.56993754E-03
   5413.5141311936886        2.47142930E-02   3.69028398E-03
   5415.0784070624823        1.82056390E-02   3.53036122E-03
   5416.6427766860288        1.41980797E-02   3.44940508E-03
   5418.2072399252347        1.72135122E-02   3.57240881E-03
   5419.7717966410028        2.58459933E-02   3.71717592E-03
   5421.3364466942394        1.99784227E-02   3.58182658E-03
   5422.9011899458492        1.47991497E-02   3.45030800E-03
   5424.4660262567377        2.06290614E-02   3.60303372E-03
   5426.0309554878077        1.86838284E-02   3.58312554E-03
   5427.5959774999656        2.68605072E-02   3.74061498E-03
   5429.1610921541160        2.56437548E-02   3.73919168E-03
   5430.7262993111626        3.04096397E-02   3.79821984E-03
   5432.2915988320119        1.41213601E-02   3.40642571E-03
   5433.8569905775666        1.64332762E-02   3.53394425E-03
   5435.4224744087342        2.50714459E-02   3.67444498E-03
   5436.9880501864172        3.02804224E-02   3.86398798E-03
   5438.5537177715214        2.13279165E-02   3.68760922E-03
   5440.1194770249513        2.34046523E-02   3.76315345E-03
   5441.6853278076123        1.94801446E-02   3.67758051E-03
   5443.2512699804074        1.73535980E-02   3.57609824E-03
   5444.8173034042438        2.08892953E-02   3.64015740E-03
   5446.3834279400253        2.62128804E-02   3.72941350E-03
   5447.9496434486564        2.14498993E-02   3.61054461E-03
   5449.5159497910427        1.60987377E-02   3.51243932E-03
   5451.0823468280878        1.97325852E-02   3.64643801E-03
   5452.6488344206973        1.79500449E-02   3.61743988E-03
   5454.2154124297758        1.54151302E-02   3.51750851E-03
   5455.7820807162288        1.79007184E-02   3.56160593E-03
   5457.3488391409601        1.74656082E-02   3.53861088E-03
   5458.9156875648750        1.80638861E-02   3.59347998E-03
   5460.4826258488774        1.69552434E-02   3.56718083E-03
   5462.0496538538737        1.91907976E-02   3.64700239E-03
   5463.6167714407675        1.13856560E-02   3.40415537E-03
   5465.1839784704634        1.51153682E-02   3.48707521E-03
   5466.7512748038680        1.47408815E-02   3.52819846E-03
   5468.3186603018848        1.62606351E-02   3.55388131E-03
   5469.8861348254177        2.15885304E-02   3.69903282E-03
   5471.4536982353729        1.79284308E-02   3.62257310E-03
   5473.0213503926561        2.43630819E-02   3.74907348E-03
   5474.5890911581700        1.62506122E-02   3.52626550E-03
   5476.1569203928202        1.69219729E-02   3.51768872E-03
   5477.7248379575103        1.49309048E-02   3.43615958E-03
   5479.2928437131477        1.16000101E-02   3.38434428E-03
   5480.8609375206361        1.65115204E-02   3.55105265E-03
   5482.4291192408791        2.23946758E-02   3.70671600E-03
   5483.9973887347833        1.89590976E-02   3.61833372E-03
   5485.5657458632513        1.82887185E-02   3.62542225E-03
   5487.1341904871906        2.06492580E-02   3.69422766E-03
   5488.7027224675039        1.89047270E-02   3.62333003E-03
   5490.2713416650977        2.16607712E-02   3.71141592E-03
   5491.8400479408747        2.47134175E-02   3.75531404E-03
   5493.4088411557414        1.79546922E-02   3.62747884E-03
   5494.9777211706023        2.08589025E-02   3.70001583E-03
   5496.5466878463612        2.37491541E-02   3.72983725E-03
   5498.1157410439246        2.79611219E-02   3.87561205E-03
   5499.6848806241960        1.60635225E-02   3.57161532E-03
   5501.2541064480802        2.35993490E-02   3.74705135E-03
   5502.8234183764826        2.20404845E-02   3.71269067E-03
   5504.3928162703087        1.66336298E-02   3.58052226E-03
   5505.9622999904605        2.13385224E-02   3.72201484E-03
   5507.5318693978461        2.31505092E-02   3.73532297E-03
   5509.1015243533693        1.91292316E-02   3.66933946E-03
   5510.6712647179329        2.47313026E-02   3.77418660E-03
   5512.2410903524451        1.88639350E-02   3.63474176E-03
   5513.8110011178069        1.95086375E-02   3.61361378E-03
   5515.3809968749265        1.99957788E-02   3.65741854E-03
   5516.9510774847076        1.69858225E-02   3.60589079E-03
   5518.5212428080540        2.12838016E-02   3.74956266E-03
   5520.0914927058711        1.20449848E-02   3.47761600E-03
   5521.6618270390636        1.66968592E-02   3.67156463E-03
   5523.2322456685379        1.65279321E-02   3.63486120E-03
   5524.8027484551967        1.84854008E-02   3.67556280E-03
   5526.3733352599456        2.10120510E-02   3.64304124E-03
   5527.9440059436893        2.61833612E-02   3.82313342E-03
   5529.5147603673313        1.99956894E-02   3.66467843E-03
   5531.0855983917791        2.04141252E-02   3.70486872E-03
   5532.6565198779363        2.40618978E-02   3.79519491E-03
   5534.2275246867075        1.97192822E-02   3.70981405E-03
   5535.7986126789965        1.87969916E-02   3.66601860E-03
   5537.3697837157106        1.63061265E-02   3.61731998E-03
   5538.9410376577525        2.54667606E-02   3.86847998E-03
   5540.5123743660279        2.02798545E-02   3.69941536E-03
   5542.0837937014412        1.52620329E-02   3.62956920E-03
   5543.6552955248972        1.53833078E-02   3.61503707E-03
   5545.2268796973021        2.15842705E-02   3.79440025E-03
   5546.7985460795580        1.70435831E-02   3.68285459E-03
   5548.3702945325713        1.90353673E-02   3.74987698E-03
   5549.9421249172474        1.47769889E-02   3.63419927E-03
   5551.5140370944900        1.97483525E-02   3.78032005E-03
   5553.0860309252048        1.83822718E-02   3.73463333E-03
   5554.6581062702953        2.02414356E-02   3.76221281E-03
   5556.2302629906681        1.93716194E-02   3.72948591E-03
   5557.8025009472258        2.28260737E-02   3.82085308E-03
   5559.3748200008749        1.96732674E-02   3.70833883E-03
   5560.9472200125192        2.38970648E-02   3.83305573E-03
   5562.5197008430650        1.60485059E-02   3.66915832E-03
   5564.0922623534170        1.75304711E-02   3.66355176E-03
   5565.6649044044771        2.11260114E-02   3.79065890E-03
   5567.2376268571525        2.69406848E-02   3.87138291E-03
   5568.8104295723488        1.86807476E-02   3.67816025E-03
   5570.3833124109688        1.89090017E-02   3.67751229E-03
   5571.9562752339179        2.09604148E-02   3.75106139E-03
   5573.5293179021028        2.03181654E-02   3.96339828E-03
   5575.1024402764251        1.81701481E-02   7.00521329E-03
   5576.6756422177914        1.51675334E-03   8.67129676E-03
   5578.2489235871053        1.56669207E-02   9.00339987E-03
   5579.8222842452742        2.55607571E-02   8.04230571E-03
   5581.3957240532009        2.39388291E-02   4.96226829E-03
   5582.9692428717908        1.72815006E-02   3.82860657E-03
   5584.5428405619477        1.80668775E-02   3.69647704E-03
   5586.1165169845772        2.52915993E-02   3.85920471E-03
   5587.6902720005846        1.94800608E-02   3.70622263E-03
   5589.2641054708738        2.21149605E-02   3.70822172E-03
   5590.8380172563511        1.58353001E-02   3.56959249E-03
   5592.4120072179185        1.55131705E-02   3.59388674E-03
   5593.9860752164832        2.18655616E-02   3.77841992E-03
   5595.5602211129499        1.72270145E-02   3.71373491E-03
   5597.1344447682222        1.31632481E-02   3.59838502E-03
   5598.7087460432058        2.38814484E-02   3.85404681E-03
   5600.2831247988051        1.84820052E-02   3.70229804E-03
   5601.8575808959249        1.42650828E-02   3.51588614E-03
   5603.4321141954706        1.96692739E-02   3.75630730E-03
   5605.0067245583459        1.30680604E-02   3.67086916E-03
   5606.5814118454573        2.14414559E-02   3.86408227E-03
   5608.1561759177057        2.29647867E-02   3.92677169E-03
   5609.7310166360021        2.33347937E-02   3.90559784E-03
   5611.3059338612466        2.05538291E-02   3.83559684E-03
   5612.8809274543446        1.48773678E-02   3.67758027E-03
   5614.4559972762017        2.37482861E-02   3.81946075E-03
   5616.0311431877235        2.09374167E-02   3.74988327E-03
   5617.6063650498136        1.82270799E-02   3.69702070E-03
   5619.1816627233775        1.33677516E-02   3.65860970E-03
   5620.7570360693198        1.11317765E-02   3.54189100E-03
   5622.3324849485443        2.59176455E-02   3.98325967E-03
   5623.9080092219574        2.51243673E-02   3.92379006E-03
   5625.4836087504636        2.31187008E-02   3.88362538E-03
   5627.0592833949659        2.57103797E-02   3.94860795E-03
   5628.6350330163723        2.05282085E-02   3.84278898E-03
   5630.2108574755839        2.28135716E-02   3.94338043E-03
   5631.7867566335090        2.23941561E-02   3.91370617E-03
   5633.3627303510493        2.73538418E-02   3.97960283E-03
   5634.9387784891123        2.03704406E-02   3.84789752E-03
   5636.5149009086008        1.93636399E-02   3.79711506E-03
   5638.0910974704202        2.19587442E-02   3.86707298E-03
   5639.6673680354770        2.30312515E-02   3.90681764E-03
   5641.2437124646740        1.83250438E-02   3.81861161E-03
   5642.8201306189158        2.04795524E-02   3.84112261E-03
   5644.3966223591078        1.57944113E-02   3.72564909E-03
   5645.9731875461548        2.40729991E-02   3.96489305E-03
   5647.5498260409622        1.86170433E-02   3.86937917E-03
   5649.1265377044347        2.73138396E-02   4.04474093E-03
   5650.7033223974768        2.08728444E-02   3.88313597E-03
   5652.2801799809922        2.85552368E-02   4.06042626E-03
   5653.8571103158874        2.07659975E-02   3.87949659E-03
   5655.4341132630661        2.62291785E-02   3.94957513E-03
   5657.0111886834338        2.18773391E-02   3.85824475E-03
   5658.5883364378960        1.69406403E-02   3.74542410E-03
   5660.1655563873555        1.81459114E-02   3.73021490E-03
   5661.7428483927179        1.53550599E-02   3.72033217E-03
   5663.3202123148894        2.05511656E-02   3.85680306E-03
   5664.8976480147730        1.74573101E-02   3.78146512E-03
   5666.4751553532742        1.61043517E-02   3.81218712E-03
   5668.0527341912984        1.63419601E-02   3.78217897E-03
   5669.6303843897495        1.75612736E-02   3.80452629E-03
   5671.2081058095318        2.72467304E-02   4.09423793E-03
   5672.7858983115511        1.79838799E-02   3.86765110E-03
   5674.3637617567128        2.67545264E-02   4.06886404E-03
   5675.9416960059207        2.49200966E-02   4.05639969E-03
   5677.5197009200783        2.58513819E-02   4.05810121E-03
   5679.0977763600931        1.94335710E-02   3.90538434E-03
   5680.6759221868688        2.72924993E-02   4.07613022E-03
   5682.2541382613099        2.37523559E-02   4.03211592E-03
   5683.8324244443211        1.99043751E-02   3.88941239E-03
   5685.4107805968079        1.50870932E-02   3.75557854E-03
   5686.9892065796757        1.75629016E-02   3.85542260E-03
   5688.5677022538266        2.03497224E-02   3.87307326E-03
   5690.1462674801678        1.89316571E-02   3.83228017E-03
   5691.7249021196030        2.12753415E-02   3.92190646E-03
   5693.3036060330378        2.74684187E-02   4.08434216E-03
   5694.8823790813776        1.74781606E-02   3.94029357E-03
   5696.4612211255253        1.76003687E-02   3.86962807E-03
   5698.0401320263863        1.91957764E-02   3.90963163E-03
   5699.6191116448663        1.75769720E-02   3.85732250E-03
   5701.1981598418697        1.98430680E-02   3.91646335E-03
   5702.7772764783003        1.78759489E-02   3.88748664E-03
   5704.3564614150646        2.24361364E-02   4.00379067E-03
   5705.9357145130662        2.29430515E-02   3.96156171E-03
   5707.5150356332106        1.19733568E-02   3.68337566E-03
   5709.0944246364015        2.80842539E-02   4.05655289E-03
   5710.6738813835445        2.11241189E-02   3.90329328E-03
   5712.2534057355460        1.32072531E-02   3.72276944E-03
   5713.8329975533079        2.37157270E-02   4.00433876E-03
   5715.4126566977366        1.98856816E-02   3.92001541E-03
   5716.9923830297366        1.31161325E-02   3.81177571E-03
   5718.5721764102127        2.05593836E-02   3.96315614E-03
   5720.1520367000694        2.56317891E-02   4.11289837E-03
   5721.7319637602122        1.97371524E-02   4.00959142E-03
   5723.3119574515440        1.85395870E-02   4.00192803E-03
   5724.8920176349729        1.90735627E-02   4.00852319E-03
   5726.4721441714019        1.82619002E-02   3.96158081E-03
   5728.0523369217344        1.99852753E-02   4.02498059E-03
   5729.6325957468789        2.28147246E-02   4.07348806E-03
   5731.2129205077363        2.71295495E-02   4.15196316E-03
   5732.7933110652129        2.03385130E-02   3.97456344E-03
   5734.3737672802135        1.79847684E-02   3.95162776E-03
   5735.9542890136436        2.24301852E-02   4.07455489E-03
   5737.5348761264077        1.60696544E-02   3.95953748E-03
   5739.1155284794104        2.18958333E-02   4.04379610E-03
   5740.6962459335555        2.31449902E-02   4.05367883E-03
   5742.2770283497484        1.81396920E-02   3.97418858E-03
   5743.8578755888966        1.48496097E-02   3.90060782E-03
   5745.4387875119010        2.50614155E-02   4.10784828E-03
   5747.0197639796679        2.56577674E-02   4.11754427E-03
   5748.6008048531021        2.12912392E-02   4.02321247E-03
   5750.1819099931090        1.65414885E-02   3.90336826E-03
   5751.7630792605914        1.49457045E-02   3.80582782E-03
   5753.3443125164576        1.39872646E-02   3.79685266E-03
   5754.9256096216095        2.15970166E-02   4.01378423E-03
   5756.5069704369535        2.11486444E-02   4.01053531E-03
   5758.0883948233923        1.21820997E-02   3.83068086E-03
   5759.6698826418333        2.37499364E-02   4.07884782E-03
   5761.2514337531793        2.43690778E-02   4.10826923E-03
   5762.8330480183358        2.16277111E-02   3.95021308E-03
   5764.4147252982075        2.25490518E-02   4.05655522E-03
   5765.9964654537007        2.16909088E-02   4.08813730E-03
   5767.5782683457182        2.41101868E-02   4.12889151E-03
   5769.1601338351657        2.57750992E-02   4.19451995E-03
   5770.7420617829475        1.91694684E-02   4.00855253E-03
   5772.3240520499685        1.46240965E-02   3.97101697E-03
   5773.9061044971340        1.41715175E-02   3.86134675E-03
   5775.4882189853488        2.58735139E-02   4.18138970E-03
   5777.0703953755174        1.47213722E-02   3.87843396E-03
   5778.6526335285434        1.34574799E-02   3.80314048E-03
   5780.2349333053353        1.93541273E-02   3.97593621E-03
   5781.8172945667930        1.73679534E-02   3.92199634E-03
   5783.3997171738247        2.08182540E-02   3.95969162E-03
   5784.9822009873342        1.91544518E-02   3.96868074E-03
   5786.5647458682270        2.24850457E-02   4.05895151E-03
   5788.1473516774067        1.81943700E-02   4.03571595E-03
   5789.7300182757781        2.09344458E-02   4.01034532E-03
   5791.3127455242484        2.00887080E-02   4.00791084E-03
   5792.8955332837186        2.71866377E-02   4.19362588E-03
   5794.4783814150960        1.63556021E-02   3.95293580E-03
   5796.0612897792853        2.19071377E-02   4.07317420E-03
   5797.6442582371901        2.40197144E-02   4.17277543E-03
   5799.2272866497178        1.88333802E-02   3.98678938E-03
   5800.8103748777685        1.99076142E-02   4.07028385E-03
   5802.3935227822521        1.97891258E-02   4.04993212E-03
   5803.9767302240707        3.25246044E-02   4.34076879E-03
   5805.5599970641288        2.19587386E-02   4.09504585E-03
   5807.1433231633337        1.87852513E-02   3.95947509E-03
   5808.7267083825864        1.58392880E-02   3.94946570E-03
   5810.3101525827960        2.07391325E-02   4.07361891E-03
   5811.8936556248636        1.58543829E-02   3.96029186E-03
   5813.4772173696965        2.91798953E-02   4.28287778E-03
   5815.0608376781984        2.56692041E-02   4.16857377E-03
   5816.6445164112729        1.86479036E-02   4.01885202E-03
   5818.2282534298274        1.92216858E-02   4.07784805E-03
   5819.8120485947647        2.07438450E-02   4.09986824E-03
   5821.3959017669904        1.82831883E-02   4.05963510E-03
   5822.9798128074090        2.39159837E-02   4.18443885E-03
   5824.5637815769260        9.50303301E-03   3.78566096E-03
   5826.1478079364460        2.11178139E-02   4.08492470E-03
   5827.7318917468729        1.90084074E-02   4.07622196E-03
   5829.3160328691138        1.85372420E-02   4.07816051E-03
   5830.9002311640697        1.74285956E-02   4.01280774E-03
   5832.4844864926490        1.62198525E-02   3.98864225E-03
   5834.0687987157544        1.14636123E-02   3.91866872E-03
   5835.6531676942914        2.00018231E-02   4.12157178E-03
   5837.2375932891646        1.76212769E-02   4.06774133E-03
   5838.8220753612795        2.44570430E-02   4.22579516E-03
   5840.4066137715399        1.80569254E-02   4.04327922E-03
   5841.9912083808522        2.46887021E-02   4.25871927E-03
   5843.5758590501191        2.66374201E-02   4.28791670E-03
   5845.1605656402462        1.45443464E-02   3.94567195E-03
   5846.7453280121390        3.05966549E-02   4.35245875E-03
   5848.3301460267021        2.96283420E-02   4.32784716E-03
   5849.9150195448383        2.31302772E-02   4.14295122E-03
   5851.4999484274558        2.75478959E-02   4.27876879E-03
   5853.0849325354584        2.50538290E-02   4.23219055E-03
   5854.6699717297479        2.51939464E-02   4.21351288E-03
   5856.2550658712325        3.26232500E-02   4.37248684E-03
   5857.8402148208161        3.17086726E-02   4.30274662E-03
   5859.4254184394022        3.24398652E-02   4.37478162E-03
   5861.0106765878991        3.27344351E-02   4.37810691E-03
   5862.5959891272068        4.26828489E-02   4.68580611E-03
   5864.1813559182337        3.09948213E-02   4.36009280E-03
   5865.7667768218844        2.97069941E-02   4.42859903E-03
   5867.3522516990606        2.77418066E-02   4.41114930E-03
   5868.9377804106707        2.60879472E-02   4.32729255E-03
   5870.5233628176175        2.53451411E-02   4.35180310E-03
   5872.1089987808073        2.50541344E-02   4.32114443E-03
   5873.6946881611420        3.79538350E-02   4.59331786E-03
   5875.2804308195300        3.17587294E-02   4.44021681E-03
   5876.8662266168731        2.95813046E-02   4.38585831E-03
   5878.4520754140794        3.35261263E-02   4.50170692E-03
   5880.0379770720501        2.44842283E-02   4.26892424E-03
   5881.6239314516934        3.19888666E-02   4.43151314E-03
   5883.2099384139101        3.76966782E-02   4.54790983E-03
   5884.7959978196095        3.76597866E-02   4.55803191E-03
   5886.3821095296917        3.94449048E-02   4.69322642E-03
   5887.9682734050666        3.53703201E-02   4.85823024E-03
   5889.5544893066353        4.36420217E-02   5.18863508E-03
   5891.1407570953024        3.26764211E-02   4.93392861E-03
   5892.7270766319753        3.51360813E-02   4.78252443E-03
   5894.3134477775584        3.44745629E-02   4.75560175E-03
   5895.8998703929537        3.15357521E-02   4.71784780E-03
   5897.4863443390695        2.85179019E-02   4.63094143E-03
   5899.0728694768086        4.09220383E-02   4.71389946E-03
   5900.6594456670755        3.50935906E-02   4.50574514E-03
   5902.2460727707758        2.70482004E-02   4.36000992E-03
   5903.8327506488149        2.21151896E-02   4.29077120E-03
   5905.4194791620966        3.20327803E-02   4.48212214E-03
   5907.0062581715265        3.20623331E-02   4.46594507E-03
   5908.5930875380081        3.16569135E-02   4.50346200E-03
   5910.1799671224480        2.29502544E-02   4.29556100E-03
   5911.7668967857489        3.47952545E-02   4.49707732E-03
   5913.3538763888173        3.14346664E-02   4.44867089E-03
   5914.9409057925586        1.77413635E-02   4.15864168E-03
   5916.5279848578748        1.38528589E-02   4.06459300E-03
   5918.1151134456732        2.10764110E-02   4.23516100E-03
   5919.7022914168574        2.19186973E-02   4.20255680E-03
   5921.2895186323331        2.94207931E-02   4.43844311E-03
   5922.8767949530038        2.22849678E-02   4.24577249E-03
   5924.4641202397743        2.06075199E-02   4.16440750E-03
   5926.0514943535518        2.13594362E-02   4.27196175E-03
   5927.6389171552391        2.14732774E-02   4.22225893E-03
   5929.2263885057419        2.21471954E-02   4.27194638E-03
   5930.8139082659636        2.27224026E-02   4.28671017E-03
   5932.4014762968100        2.94929817E-02   4.44874028E-03
   5933.9890924591855        1.69974267E-02   4.17838711E-03
   5935.5767566139957        1.81357637E-02   4.20903135E-03
   5937.1644686221462        2.18957160E-02   4.28991113E-03
   5938.7522283445378        1.64639503E-02   4.09478135E-03
   5940.3400356420798        2.46086270E-02   4.37154062E-03
   5941.9278903756749        1.60832126E-02   4.14520362E-03
   5943.5157924062278        1.71284266E-02   4.11280431E-03
   5945.1037415946439        1.44109251E-02   4.11906373E-03
   5946.6917378018270        2.03879774E-02   4.20504762E-03
   5948.2797808886844        1.60649922E-02   4.10090946E-03
   5949.8678707161180        1.87774822E-02   4.17594844E-03
   5951.4560071450360        1.81228444E-02   4.19316720E-03
   5953.0441900363385        1.34739047E-02   4.12003184E-03
   5954.6324192509337        2.29730643E-02   4.33976715E-03
   5956.2206946497245        1.43176150E-02   4.08347603E-03
   5957.8090160936190        2.24660654E-02   4.31844592E-03
   5959.3973834435183        7.01318029E-03   3.83576471E-03
   5960.9857965603296        2.49297135E-02   4.33802838E-03
   5962.5742553049558        2.17195079E-02   4.26464248E-03
   5964.1627595383034        1.93465501E-02   4.20939084E-03
   5965.7513091212759        2.24124528E-02   4.26638173E-03
   5967.3399039147780        1.86563786E-02   4.18230006E-03
   5968.9285437797171        2.38023754E-02   4.37575858E-03
   5970.5172285769941        1.58594791E-02   4.21625376E-03
   5972.1059581675163        2.06890479E-02   4.30559274E-03
   5973.6947324121893        2.36476008E-02   4.35125688E-03
   5975.2835511719159        1.98817123E-02   4.26009716E-03
   5976.8724143076006        2.05284264E-02   4.30876063E-03
   5978.4613216801508        2.43197288E-02   4.39081946E-03
   5980.0502731504685        1.16289426E-02   4.12420323E-03
   5981.6392685794599        2.16067694E-02   4.22147708E-03
   5983.2283078280298        1.80185791E-02   4.19863872E-03
   5984.8173907570826        1.32842232E-02   4.04970860E-03
   5986.4065172275241        2.36466080E-02   4.32554260E-03
   5987.9956871002578        1.53520061E-02   4.12212498E-03
   5989.5849002361883        1.29496539E-02   4.06481465E-03
   5991.1741564962222        1.37219140E-02   4.14974988E-03
   5992.7634557412621        2.29458287E-02   4.31610877E-03
   5994.3527978322145        1.18752979E-02   4.07109037E-03
   5995.9421826299840        2.18463186E-02   4.29370021E-03
   5997.5316099954744        2.61038188E-02   4.44251904E-03
   5999.1210797895919        2.27388572E-02   4.30376269E-03
   6000.7105918732414        1.33536737E-02   4.04749811E-03
   6002.3001461073254        1.67056415E-02   4.17509116E-03
   6003.8897423527505        1.36292502E-02   4.17908840E-03
   6005.4793804704213        2.09244862E-02   4.29994799E-03
   6007.0690603212415        1.89096965E-02   4.20730328E-03
   6008.6587817661184        2.26170514E-02   4.26878687E-03
   6010.2485446659548        1.60508752E-02   4.14818432E-03
   6011.8383488816553        2.06570495E-02   4.26892471E-03
   6013.4281942741254        1.91536862E-02   4.20358265E-03
   6015.0180807042707        1.99761409E-02   4.21983749E-03
   6016.6080080329948        1.94541682E-02   4.20426112E-03
   6018.1979761212033        1.00731589E-02   3.96685302E-03
   6019.7879848297998        2.41270177E-02   4.34286939E-03
   6021.3780340196899        8.40145722E-03   3.95410508E-03
   6022.9681235517792        2.42871456E-02   4.34381515E-03
   6024.5582532869712        2.08195224E-02   4.20574239E-03
   6026.1484230861715        2.22524833E-02   4.28746082E-03
   6027.7386328102830        2.06164569E-02   4.31269873E-03
   6029.3288823202138        1.48694487E-02   4.22850577E-03
   6030.9191714768667        1.51654789E-02   4.15474409E-03
   6032.5095001411473        1.86209455E-02   4.22853045E-03
   6034.0998681739593        2.94734333E-02   4.48924862E-03
   6035.6902754362090        1.82798859E-02   4.27900860E-03
   6037.2807217887994        1.23969000E-02   4.12329612E-03
   6038.8712070926367        3.80370207E-02   4.69621457E-03
   6040.4617312086257        2.16834825E-02   4.31521796E-03
   6042.0522939976690        1.83043871E-02   4.25151782E-03
   6043.6428953206751        1.95663031E-02   4.25810087E-03
   6045.2335350385465        1.71084683E-02   4.23590420E-03
   6046.8242130121871        2.13223211E-02   4.33144998E-03
   6048.4149291025051        1.50049664E-02   4.21216059E-03
   6050.0056831704014        2.47940999E-02   4.44884133E-03
   6051.5964750767826        2.05088854E-02   4.28358838E-03
   6053.1873046825531        2.84421183E-02   4.53884201E-03
   6054.7781718486185        1.96640119E-02   4.27414756E-03
   6056.3690764358844        2.09275652E-02   4.27314732E-03
   6057.9600183052544        1.96604189E-02   4.28905105E-03
   6059.5509973176313        1.21357879E-02   4.16996796E-03
   6061.1420133339225        1.73453372E-02   4.24760301E-03
   6062.7330662150343        2.28211973E-02   4.33908217E-03
   6064.3241558218670        1.50632747E-02   4.20626625E-03
   6065.9152820153286        1.77541748E-02   4.25035786E-03
   6067.5064446563229        2.17504110E-02   4.36457712E-03
   6069.0976436057554        2.48033870E-02   4.44615958E-03
   6070.6888787245298        2.51419470E-02   4.46468499E-03
   6072.2801498735525        1.32147735E-02   4.16961499E-03
   6073.8714569137255        1.36988927E-02   4.19053761E-03
   6075.4627997059570        1.96430851E-02   4.29056305E-03
   6077.0541781111497        1.64624248E-02   4.25584801E-03
   6078.6455919902091        2.28888039E-02   4.36502695E-03
   6080.2370412040409        2.34175716E-02   4.41778358E-03
   6081.8285256135468        1.34333679E-02   4.15365491E-03
   6083.4200450796343        2.55029611E-02   4.42231167E-03
   6085.0115994632079        1.43947806E-02   4.19732556E-03
   6086.6031886251722        1.47205032E-02   4.14647814E-03
   6088.1948124264318        1.51595315E-02   4.18600533E-03
   6089.7864707278923        2.13882104E-02   4.34767734E-03
   6091.3781633904564        1.63024273E-02   4.17648023E-03
   6092.9698902750306        1.86334606E-02   4.26911144E-03
   6094.5616512425195        1.32569075E-02   4.13951743E-03
   6096.1534461538286        1.79409739E-02   4.28047543E-03
   6097.7452748698606        1.74966268E-02   4.23636707E-03
   6099.3371372515221        2.67967377E-02   4.46341513E-03
   6100.9290331597167        1.64650157E-02   4.17945022E-03
   6102.5209624553509        1.68208759E-02   4.24529100E-03
   6104.1129249993273        1.85218193E-02   4.25283192E-03
   6105.7049206525535        1.58759933E-02   4.16538725E-03
   6107.2969492759312        2.12502573E-02   4.33299551E-03
   6108.8890107303687        2.27387697E-02   4.44646738E-03
   6110.4811048767669        2.09146030E-02   4.37963102E-03
   6112.0732315760324        1.63904615E-02   4.24155826E-03
   6113.6653906890715        1.86423007E-02   4.32353700E-03
   6115.2575820767870        1.54133895E-02   4.19303169E-03
   6116.8498056000835        2.10096035E-02   4.36223624E-03
   6118.4420611198684        2.37505715E-02   4.42992197E-03
   6120.0343484970435        1.86661892E-02   4.29134537E-03
   6121.6266675925144        1.46160554E-02   4.13290784E-03
   6123.2190182671875        2.14499794E-02   4.35107667E-03
   6124.8114003819674        2.11387165E-02   4.30367468E-03
   6126.4038137977559        1.51138203E-02   4.24059294E-03
   6127.9962583754605        1.94182768E-02   4.31707967E-03
   6129.5887339759856        1.64034311E-02   4.25541634E-03
   6131.1812404602351        2.08299737E-02   4.40186262E-03
   6132.7737776891145        1.84636004E-02   4.32005152E-03
   6134.3663455235292        2.24718954E-02   4.39985050E-03
   6135.9589438243829        1.49626741E-02   4.22388595E-03
   6137.5515724525803        1.60950180E-02   4.22417605E-03
   6139.1442312690288        1.94833297E-02   4.32467554E-03
   6140.7369201346291        1.91760510E-02   4.36765049E-03
   6142.3296389102898        1.58577189E-02   4.28016344E-03
   6143.9223874569125        2.00476348E-02   4.39360784E-03
   6145.5151656354037        2.68978458E-02   4.54738410E-03
   6147.1079733066690        1.58325210E-02   4.26901318E-03
   6148.7008103316111        2.26367079E-02   4.48996527E-03
   6150.2936765711365        9.39617306E-03   4.12977440E-03
   6151.8865718861489        1.17578311E-02   4.18122113E-03
   6153.4794961375546        1.87896024E-02   4.35062358E-03
   6155.0724491862557        2.28056926E-02   4.47373278E-03
   6156.6654308931602        1.96677186E-02   4.38403012E-03
   6158.2584411191710        2.26741340E-02   4.43391316E-03
   6159.8514797251937        2.06445735E-02   4.35811235E-03
   6161.4445465721319        1.71246268E-02   4.20513609E-03
   6163.0376415208912        1.99551415E-02   4.35634470E-03
   6164.6307644323779        1.45678455E-02   4.20282641E-03
   6166.2239151674949        1.40922880E-02   4.25870065E-03
   6167.8170935871458        2.00414825E-02   4.43037739E-03
   6169.4102995522389        1.78528447E-02   4.27820068E-03
   6171.0035329236762        1.45319458E-02   4.22816351E-03
   6172.5967935623639        2.50495505E-02   4.52561351E-03
   6174.1900813292059        3.00697554E-02   4.64706169E-03
   6175.7833960851085        1.29373362E-02   4.25187545E-03
   6177.3767376909746        2.51391344E-02   4.53922572E-03
   6178.9701060077095        9.92869027E-03   4.16765828E-03
   6180.5635008962181        2.19140537E-02   4.52307891E-03
   6182.1569222174057        1.91846695E-02   4.47464408E-03
   6183.7503698321780        2.43339427E-02   4.54720063E-03
   6185.3438436014385        2.48217918E-02   4.56197793E-03
   6186.9373433860910        2.01330613E-02   4.39456571E-03
   6188.5308690470420        1.78875700E-02   4.42346931E-03
   6190.1244204451959        2.40037348E-02   4.58027609E-03
   6191.7179974414576        1.71005055E-02   4.41791397E-03
   6193.3115998967314        2.25794055E-02   4.49436670E-03
   6194.9052276719231        1.56905670E-02   4.41216165E-03
   6196.4988806279362        2.50165183E-02   4.64320043E-03
   6198.0925586256762        2.61004344E-02   4.63773962E-03
   6199.6862615260479        1.80163775E-02   4.48529795E-03
   6201.2799891899567        9.99748427E-03   4.29249834E-03
   6202.8737414783045        2.26869546E-02   4.58423235E-03
   6204.4675182520004        1.30265886E-02   4.36592195E-03
   6206.0613193719464        1.82879474E-02   4.52465611E-03
   6207.6551446990479        1.95249543E-02   4.55126632E-03
   6209.2489940942105        1.85763612E-02   4.52114595E-03
   6210.8428674183388        1.74832810E-02   4.45591891E-03
   6212.4367645323355        1.79486256E-02   4.46202187E-03
   6214.0306852971071        1.64052602E-02   4.44468996E-03
   6215.6246295735600        2.02003885E-02   4.50006081E-03
   6217.2185972225961        2.54320167E-02   4.66116844E-03
   6218.8125881051219        2.49126963E-02   4.65980219E-03
   6220.4066020820419        1.78180113E-02   4.57122177E-03
   6222.0006390142598        3.34467553E-02   4.91928356E-03
   6223.5946987626821        2.31179800E-02   4.69885813E-03
   6225.1887811882134        1.92976780E-02   4.55365283E-03
   6226.7828861517573        1.93556473E-02   4.57496848E-03
   6228.3770135142195        2.03724056E-02   4.47516190E-03
   6229.9711631365044        1.96450446E-02   4.55327425E-03
   6231.5653348795167        1.70705691E-02   4.53848206E-03
   6233.1595286041620        1.58605091E-02   4.62372554E-03
   6234.7537441713448        1.64643247E-02   4.71064821E-03
   6236.3479814419698        2.18646452E-02   4.81322128E-03
   6237.9422402769405        2.61334274E-02   4.87007666E-03
   6239.5365205371636        2.95103882E-02   4.91154240E-03
   6241.1308220835444        2.27477010E-02   4.71172202E-03
   6242.7251447769841        2.55580917E-02   4.81868535E-03
   6244.3194884783925        1.75105371E-02   4.57626488E-03
   6245.9138530486707        1.40151670E-02   4.47612768E-03
   6247.5082383487243        2.54216213E-02   4.71533183E-03
   6249.1026442394586        2.39871908E-02   4.71347757E-03
   6250.6970705817776        2.65057217E-02   4.78880154E-03
   6252.2915172365883        1.81852188E-02   4.60964488E-03
   6253.8859840647929        2.13952363E-02   4.64080879E-03
   6255.4804709272976        1.71889588E-02   4.69249394E-03
   6257.0749776850062        1.77948680E-02   4.73952480E-03
   6258.6695041988251        2.26598438E-02   4.87544853E-03
   6260.2640503296561        2.16252394E-02   4.84119728E-03
   6261.8586159384095        1.54229617E-02   4.62733582E-03
   6263.4532008859842        1.90188177E-02   4.71368991E-03
   6265.0478050332877        1.96778793E-02   4.76612989E-03
   6266.6424282412254        1.36785749E-02   4.62855445E-03
   6268.2370703707011        2.58015785E-02   4.84675076E-03
   6269.8317312826184        2.01326422E-02   4.72619431E-03
   6271.4264108378848        1.54174641E-02   4.67122858E-03
   6273.0211088974047        1.60342064E-02   4.68308339E-03
   6274.6158253220801        1.23614119E-02   4.61906334E-03
   6276.2105599728184        2.29420923E-02   4.79634898E-03
   6277.8053127105231        1.98511723E-02   4.67369054E-03
   6279.4000833961009        1.29708117E-02   4.51641576E-03
   6280.9948718904534        1.91983264E-02   4.69548395E-03
   6282.5896780544890        1.82201900E-02   4.74502845E-03
   6284.1845017491114        6.32317504E-03   4.49125515E-03
   6285.7793428352243        1.10046025E-02   4.70467517E-03
   6287.3742011737313        1.98388193E-02   5.00598969E-03
   6288.9690766255399        2.22227927E-02   4.95072315E-03
   6290.5639690515545        2.21354999E-02   4.91899718E-03
