   3855.2275573872980        1.32188564E-02   5.12350304E-03
   3856.6176000339801        2.08153576E-02   5.16666286E-03
   3858.0078819290143        2.99387593E-02   5.32660633E-03
   3859.3984029333069        1.98044851E-02   4.96655144E-03
   3860.7891629077612        1.09924693E-02   4.72750049E-03
   3862.1801617132824        1.61892138E-02   5.08946832E-03
   3863.5713992107762        1.84811763E-02   5.29497210E-03
   3864.9628752611461        2.54088286E-02   5.48137724E-03
   3866.3545897252970        1.64388474E-02   5.10749081E-03
   3867.7465424641350        2.16992609E-02   5.23434440E-03
   3869.1387333385637        1.59714278E-02   4.87427367E-03
   3870.5311622094878        1.21036014E-02   4.57795803E-03
   3871.9238289378127        2.29260214E-02   5.00497641E-03
   3873.3167333844435        9.50154942E-03   4.61739814E-03
   3874.7098754102840        2.04098541E-02   5.25875995E-03
   3876.1032548762396        1.87106412E-02   5.09670097E-03
   3877.4968716432145        1.91089921E-02   5.05661592E-03
   3878.8907255721147        1.08249653E-02   4.63411491E-03
   3880.2848165238433        2.65671741E-02   5.00876876E-03
   3881.6791443593065        2.38926187E-02   5.03176032E-03
   3883.0737089394092        2.08913963E-02   4.83594462E-03
   3884.4685101250548        1.63599923E-02   4.65291273E-03
   3885.8635477771495        1.54937143E-02   4.68408549E-03
   3887.2588217565967        2.64506210E-02   4.91096685E-03
   3888.6543319243028        2.31178552E-02   4.75573726E-03
   3890.0500781411711        2.71271970E-02   4.97183576E-03
   3891.4460602681074        2.66621951E-02   5.07340720E-03
   3892.8422781660161        2.82004476E-02   5.22975950E-03
   3894.2387316958020        2.71722320E-02   5.10928500E-03
   3895.6354207183699        1.37305055E-02   4.71319538E-03
   3897.0323450946248        1.42770847E-02   4.78769792E-03
   3898.4295046854709        1.92365199E-02   4.91226697E-03
   3899.8268993518136        2.83067096E-02   5.14561357E-03
   3901.2245289545576        2.87945196E-02   5.09967748E-03
   3902.6223933546075        2.31016707E-02   4.94853687E-03
   3904.0204924128680        2.32494548E-02   4.81617870E-03
   3905.4188259902439        1.83814857E-02   4.67547821E-03
   3906.8173939476410        2.11825166E-02   4.81853494E-03
   3908.2161961459624        1.97595842E-02   4.85415151E-03
   3909.6152324461141        2.44229678E-02   5.01289172E-03
   3911.0145027090002        2.28814986E-02   5.03983768E-03
   3912.4140067955259        2.95584854E-02   5.15538873E-03
   3913.8137445665961        2.19249353E-02   5.00967959E-03
   3915.2137158831156        1.35316551E-02   4.61527379E-03
   3916.6139206059884        3.14408615E-02   5.11389226E-03
   3918.0143585961200        1.82813630E-02   4.72992379E-03
   3919.4150297144151        1.68048460E-02   4.47006524E-03
   3920.8159338217788        2.72573214E-02   4.67997696E-03
   3922.2170707791151        1.75506193E-02   4.34684474E-03
   3923.6184404473292        1.83941796E-02   4.40421468E-03
   3925.0200426873262        2.71254126E-02   4.63921344E-03
   3926.4218773600101        1.85556449E-02   4.22554184E-03
   3927.8239443262869        2.36462764E-02   4.16384265E-03
   3929.2262434470599        2.17158180E-02   3.92516656E-03
   3930.6287745832356        1.76814813E-02   3.56491050E-03
   3932.0315375957171        1.99556332E-02   3.55226197E-03
   3933.4345323454104        1.82782821E-02   3.35976807E-03
   3934.8377586932197        2.43244655E-02   3.63912527E-03
   3936.2412165000496        1.87895987E-02   3.58172273E-03
   3937.6449056268057        2.25348584E-02   3.86678032E-03
   3939.0488259343915        2.12311931E-02   4.06867452E-03
   3940.4529772837136        1.95491929E-02   4.09769081E-03
   3941.8573595356752        1.94161292E-02   4.17061010E-03
   3943.2619725511822        2.73936018E-02   4.39401530E-03
   3944.6668161911384        1.96922794E-02   4.25779726E-03
   3946.0718903164488        1.77754108E-02   4.34928387E-03
   3947.4771947880190        2.50717346E-02   4.54101991E-03
   3948.8827294667531        1.80538967E-02   4.47439076E-03
   3950.2884942135561        2.31890995E-02   4.59263846E-03
   3951.6944888893331        2.33570579E-02   4.57267929E-03
   3953.1007133549879        2.70537939E-02   4.68476349E-03
   3954.5071674714259        1.91885810E-02   4.46250243E-03
   3955.9138510995522        2.96085402E-02   4.67974925E-03
   3957.3207641002714        1.99454073E-02   4.43872344E-03
   3958.7279063344877        2.97301244E-02   4.72428650E-03
   3960.1352776631065        2.38125492E-02   4.42515314E-03
   3961.5428779470321        1.69719309E-02   4.04944550E-03
   3962.9507070471705        2.55462881E-02   4.20747511E-03
   3964.3587648244247        2.04610992E-02   3.83323943E-03
   3965.7670511397014        1.88946500E-02   3.70641146E-03
   3967.1755658539041        2.62289122E-02   3.69653269E-03
   3968.5843088279371        1.98897943E-02   3.42727872E-03
   3969.9932799227067        1.90296900E-02   3.41424532E-03
   3971.4024789991172        2.43397355E-02   3.73226847E-03
   3972.8119059180726        2.27658786E-02   3.85885010E-03
   3974.2215605404785        2.94646025E-02   4.21705237E-03
   3975.6314427272400        1.32839866E-02   3.92927835E-03
   3977.0415523392608        2.51532942E-02   4.39050933E-03
   3978.4518892374463        1.85032375E-02   4.39573638E-03
   3979.8624532827007        2.45753750E-02   4.61080531E-03
   3981.2732443359296        2.15696581E-02   4.56777168E-03
   3982.6842622580375        2.34754719E-02   4.60340548E-03
   3984.0955069099296        2.15248168E-02   4.46442841E-03
   3985.5069781525099        2.05615908E-02   4.48550517E-03
   3986.9186758466840        2.54781917E-02   4.62682266E-03
   3988.3305998533560        1.84100401E-02   4.46569687E-03
   3989.7427500334306        1.63784754E-02   4.42473777E-03
   3991.1551262478133        2.11703479E-02   4.60694963E-03
   3992.5677283574087        1.52994199E-02   4.47636796E-03
   3993.9805562231213        1.64454281E-02   4.50616376E-03
   3995.3936097058559        1.60051808E-02   4.47123451E-03
   3996.8068886665174        6.97612669E-03   4.14725067E-03
   3998.2203929660104        1.79238841E-02   4.50833142E-03
   3999.6341224652401        1.94493588E-02   4.53891512E-03
   4001.0480770251115        1.65041126E-02   4.51257033E-03
   4002.4622565065279        1.17157781E-02   4.46593901E-03
   4003.8766607703960        1.60284266E-02   4.47117537E-03
   4005.2912896776197        1.06487749E-02   4.22999728E-03
   4006.7061430891035        1.42943766E-02   4.25526965E-03
   4008.1212208657525        1.91065669E-02   4.49748803E-03
   4009.5365228684718        2.18564551E-02   4.63080965E-03
   4010.9520489581660        1.91230625E-02   4.59679542E-03
   4012.3677989957391        2.35730428E-02   4.68574837E-03
   4013.7837728420973        1.69284362E-02   4.55962261E-03
   4015.1999703581446        2.48113014E-02   4.76651546E-03
   4016.6163914047856        1.45443054E-02   4.47609043E-03
   4018.0330358429255        1.39205335E-02   4.40175645E-03
   4019.4499035334688        2.04663258E-02   4.62059770E-03
   4020.8669943373206        1.45349428E-02   4.46079066E-03
   4022.2843081153856        2.01610141E-02   4.60209791E-03
   4023.7018447285682        1.85601842E-02   4.58824821E-03
   4025.1196040377731        2.05906518E-02   4.57009580E-03
   4026.5375859039063        2.43943874E-02   4.70528426E-03
   4027.9557901878716        1.80150643E-02   4.54408349E-03
   4029.3742167505739        2.32871193E-02   4.65953071E-03
   4030.7928654529178        2.43587028E-02   4.59978264E-03
   4032.2117361558085        2.00756602E-02   4.30853106E-03
   4033.6308287201509        2.00317409E-02   4.34294948E-03
   4035.0501430068493        1.99657269E-02   4.37761657E-03
   4036.4696788768088        2.58237701E-02   4.67759836E-03
   4037.8894361909342        1.58345141E-02   4.48275078E-03
   4039.3094148101300        3.12423315E-02   4.87375772E-03
   4040.7296145953010        2.73048058E-02   4.81094839E-03
   4042.1500354073528        1.63610037E-02   4.44103871E-03
   4043.5706771071891        1.39792524E-02   4.30796761E-03
   4044.9915395557150        2.29400788E-02   4.34209360E-03
   4046.4126226138360        1.56471264E-02   4.13538096E-03
   4047.8339261424562        2.23818775E-02   4.37036855E-03
   4049.2554500024803        2.08593775E-02   4.53710882E-03
   4050.6771940548138        2.08623521E-02   4.57887957E-03
   4052.0991581603603        2.53754091E-02   4.67091100E-03
   4053.5213421800254        1.60982925E-02   4.36239410E-03
   4054.9437459747146        1.61148775E-02   4.34073247E-03
   4056.3663694053307        1.46469139E-02   4.22945432E-03
   4057.7892123327802        1.41720492E-02   4.15949430E-03
   4059.2122746179675        1.10386154E-02   4.24103159E-03
   4060.6355561217970        2.37058159E-02   4.46495553E-03
   4062.0590567051745        2.40707062E-02   4.45434125E-03
   4063.4827762290033        1.63093247E-02   4.19340562E-03
   4064.9067145541890        2.03037690E-02   4.22577886E-03
   4066.3308715416365        1.59618780E-02   4.21215314E-03
   4067.7552470522501        1.83179453E-02   4.42887330E-03
   4069.1798409469352        2.08355617E-02   4.42322763E-03
   4070.6046530865965        1.94747876E-02   4.38189972E-03
   4072.0296833321381        2.00235676E-02   4.36405791E-03
   4073.4549315444651        2.24023741E-02   4.40950412E-03
   4074.8803975844826        1.63699500E-02   4.28929599E-03
   4076.3060813130955        2.28520669E-02   4.41127457E-03
   4077.7319825912082        1.59578975E-02   4.17477544E-03
   4079.1581012797255        1.75242722E-02   4.23593773E-03
   4080.5844372395522        1.39097590E-02   4.21873899E-03
   4082.0109903315938        1.66113097E-02   4.33664164E-03
   4083.4377604167544        1.67640764E-02   4.32055164E-03
   4084.8647473559381        2.44037118E-02   4.47839173E-03
   4086.2919510100514        2.12922841E-02   4.47399262E-03
   4087.7193712399976        1.84144489E-02   4.48893989E-03
   4089.1470079066821        2.01981980E-02   4.53473255E-03
   4090.5748608710096        2.03350428E-02   4.52537648E-03
   4092.0029299938851        1.23527208E-02   4.27179737E-03
   4093.4312151362133        2.67680883E-02   4.59548458E-03
   4094.8597161588987        2.13753711E-02   4.41256911E-03
   4096.2884329228464        1.74978282E-02   4.28249128E-03
   4097.7173652889614        2.03932021E-02   4.25240118E-03
   4099.1465131181476        1.22615118E-02   3.96053772E-03
   4100.5758762713103        2.48246454E-02   4.15254710E-03
   4102.0054546093552        1.97816715E-02   4.01944946E-03
   4103.4352479931858        1.73902940E-02   3.95355280E-03
   4104.8652562837069        2.63873059E-02   4.30565979E-03
   4106.2954793418239        2.68931054E-02   4.42023342E-03
   4107.7259170284415        2.50016488E-02   4.43286635E-03
   4109.1565692044651        2.05138754E-02   4.37245797E-03
   4110.5874357307976        1.80666968E-02   4.26296424E-03
   4112.0185164683462        2.74076536E-02   4.48154891E-03
   4113.4498112780138        2.00339649E-02   4.41067526E-03
   4114.8813200207060        1.51433861E-02   4.29500407E-03
   4116.3130425573272        2.03875620E-02   4.52336948E-03
   4117.7449787487822        2.13062409E-02   4.38580150E-03
   4119.1771284559763        1.66629124E-02   4.25691996E-03
   4120.6094915398153        1.97322927E-02   4.28105891E-03
   4122.0420678612008        1.79251898E-02   4.29708604E-03
   4123.4748572810404        2.72228271E-02   4.54321876E-03
   4124.9078596602385        2.26237196E-02   4.37842449E-03
   4126.3410748596989        2.40481477E-02   4.41463385E-03
   4127.7745027403262        1.32365599E-02   4.15283442E-03
   4129.2081431630268        1.50321657E-02   4.21127444E-03
   4130.6419959887044        1.83295365E-02   4.18957090E-03
   4132.0760610782636        2.51648519E-02   4.31236858E-03
   4133.5103382926109        2.30543818E-02   4.23346227E-03
   4134.9448274926472        1.94125343E-02   4.21208562E-03
   4136.3795285392816        2.38572564E-02   4.41470975E-03
   4137.8144412934171        2.93229073E-02   4.55435412E-03
   4139.2495656159581        1.59885176E-02   4.36344650E-03
   4140.6849013678093        2.00199876E-02   4.35055327E-03
   4142.1204484098771        1.99637096E-02   4.25758213E-03
   4143.5562066030652        2.47823801E-02   4.26709326E-03
   4144.9921758082764        2.28013974E-02   4.22338815E-03
   4146.4283558864190        2.27820706E-02   4.26777452E-03
   4147.8647466983957        2.59138793E-02   4.38892795E-03
   4149.3013481051130        2.10920200E-02   4.27356316E-03
   4150.7381599674727        1.72988698E-02   4.16954374E-03
   4152.1751821463831        1.88953616E-02   4.18415945E-03
   4153.6124145027470        1.89833101E-02   4.18519694E-03
   4155.0498568974690        2.10176762E-02   4.18035174E-03
   4156.4875091914537        1.36476960E-02   4.04837774E-03
   4157.9253712456084        2.32069287E-02   4.23654122E-03
   4159.3634429208341        1.94126889E-02   4.20317845E-03
   4160.8017240780391        1.74762346E-02   4.14389558E-03
   4162.2402145781252        1.67547278E-02   4.21344535E-03
   4163.6789142819998        2.20319666E-02   4.34580166E-03
   4165.1178230505657        1.46469716E-02   4.21575597E-03
   4166.5569407447292        2.11624857E-02   4.29184688E-03
   4167.9962672253941        1.69940572E-02   4.17701760E-03
   4169.4358023534651        1.58467926E-02   4.12235036E-03
   4170.8755459898484        1.12853684E-02   4.01715003E-03
   4172.3154979954470        2.42159180E-02   4.21416247E-03
   4173.7556582311663        1.94309261E-02   4.11733799E-03
   4175.1960265579119        1.93526912E-02   4.08458151E-03
   4176.6366028365874        1.47224274E-02   4.00132546E-03
   4178.0773869280983        1.84010230E-02   4.07184754E-03
   4179.5183786933494        2.06505414E-02   4.14921250E-03
   4180.9595779932451        1.85077321E-02   4.14186344E-03
   4182.4009846886902        1.52286571E-02   4.02612705E-03
   4183.8425986405900        1.70634557E-02   4.04711021E-03
   4185.2844197098493        2.02516429E-02   4.12834482E-03
   4186.7264477573717        2.70551778E-02   4.28854441E-03
   4188.1686826440637        1.83287952E-02   4.01258003E-03
   4189.6111242308289        1.85207985E-02   4.04900964E-03
   4191.0537723785728        2.37720925E-02   4.24166024E-03
   4192.4966269481993        2.44644582E-02   4.26728837E-03
   4193.9396878006137        1.99493505E-02   4.22497885E-03
   4195.3829547967207        1.88670140E-02   4.14037332E-03
   4196.8264277974258        1.62017159E-02   3.93339060E-03
   4198.2701066636328        2.41760220E-02   4.05774778E-03
   4199.7139912562470        1.93856545E-02   3.94592062E-03
   4201.1580814361723        1.79179180E-02   3.91871668E-03
   4202.6023770643151        2.39990167E-02   4.07579169E-03
   4204.0468780015799        1.99241601E-02   4.02133586E-03
   4205.4915841088705        1.88828316E-02   4.05477686E-03
   4206.9364952470914        2.05768924E-02   4.20599617E-03
   4208.3816112771492        1.51704317E-02   4.03335737E-03
   4209.8269320599466        2.11036038E-02   4.17557266E-03
   4211.2724574563899        1.89298913E-02   4.12099436E-03
   4212.7181873273839        1.68128926E-02   4.04689601E-03
   4214.1641215338323        1.60287842E-02   4.04017977E-03
   4215.6102599366404        1.58126801E-02   3.95698752E-03
   4217.0566023967122        2.00312920E-02   4.01768507E-03
   4218.5031487749548        2.33895779E-02   4.13100608E-03
   4219.9498989322710        1.91742443E-02   4.09658486E-03
   4221.3968527295656        2.58891322E-02   4.26201243E-03
   4222.8440100277448        1.82451736E-02   4.02428675E-03
   4224.2913706877125        2.41462663E-02   4.04737238E-03
   4225.7389345703741        1.62489172E-02   3.58443405E-03
   4227.1867015366324        2.64845975E-02   3.90595500E-03
   4228.6346714473939        2.12061182E-02   3.83017864E-03
   4230.0828441635622        2.10762676E-02   4.03171871E-03
   4231.5312195460447        2.29263771E-02   4.16240841E-03
   4232.9797974557441        2.31164284E-02   4.11992008E-03
   4234.4285777535652        1.80852246E-02   3.94258276E-03
   4235.8775603004133        1.59199983E-02   3.80937336E-03
   4237.3267449571922        1.62020214E-02   3.82142537E-03
   4238.7761315848084        2.40136907E-02   3.93908331E-03
   4240.2257200441654        1.88637115E-02   3.91561212E-03
   4241.6755101961680        2.38287542E-02   4.02785791E-03
   4243.1255019017226        2.23035086E-02   4.05573379E-03
   4244.5756950217319        2.41039339E-02   4.07512533E-03
   4246.0260894171015        1.29402718E-02   3.80582176E-03
   4247.4766849487369        2.05930322E-02   3.92623851E-03
   4248.9274814775417        2.10821033E-02   3.88599839E-03
   4250.3784788644216        1.54253608E-02   3.73414229E-03
   4251.8296769702802        2.53725965E-02   3.96769401E-03
   4253.2810756560239        1.44922910E-02   3.75124463E-03
   4254.7326747825564        1.59656387E-02   3.82023351E-03
   4256.1844742107833        2.23053265E-02   3.92751303E-03
   4257.6364738016082        1.38889384E-02   3.72986961E-03
   4259.0886734159367        2.11600102E-02   3.86483199E-03
   4260.5410729146734        1.64929219E-02   3.66673642E-03
   4261.9936721587237        1.95377823E-02   3.73992766E-03
   4263.4464710089915        1.77216362E-02   3.82151594E-03
   4264.8994693263821        1.56809725E-02   3.85629316E-03
   4266.3526669717994        1.83788091E-02   3.91476927E-03
   4267.8060638061497        2.05497723E-02   3.92751489E-03
   4269.2596596903359        1.36923017E-02   3.66102019E-03
   4270.7134544852652        1.96299013E-02   3.71740060E-03
   4272.1674480518413        1.66996587E-02   3.58752813E-03
   4273.6216402509672        1.73970591E-02   3.57249775E-03
   4275.0760309435509        1.75692104E-02   3.69554362E-03
   4276.5306199904944        1.37251280E-02   3.65399849E-03
   4277.9854072527041        1.04363188E-02   3.62552400E-03
   4279.4403925910847        1.45223318E-02   3.75337363E-03
   4280.8955758665388        2.19057798E-02   3.89120053E-03
   4282.3509569399748        1.62853394E-02   3.71551351E-03
   4283.8065356722955        2.25306638E-02   3.89301544E-03
   4285.2623119244063        1.43147102E-02   3.65759386E-03
   4286.7182855572109        2.22972222E-02   3.81160039E-03
   4288.1744564316141        1.80612337E-02   3.64940194E-03
   4289.6308244085230        1.68949291E-02   3.62368627E-03
   4291.0873893488388        2.33640056E-02   3.78520181E-03
   4292.5441511134695        1.96780451E-02   3.68631002E-03
   4294.0011095633181        1.48504591E-02   3.63255478E-03
   4295.4582645592900        1.71360765E-02   3.67463334E-03
   4296.9156159622908        1.67969689E-02   3.54431965E-03
   4298.3731636332232        1.56508200E-02   3.43519147E-03
   4299.8309074329936        2.02658083E-02   3.44815152E-03
   4301.2888472225068        1.52866198E-02   3.22178053E-03
   4302.7469828626663        2.13783588E-02   3.44766048E-03
   4304.2053142143786        1.60843637E-02   3.36556905E-03
   4305.6638411385475        2.19591819E-02   3.42580979E-03
   4307.1225634960774        1.76278129E-02   3.32765211E-03
   4308.5814811478740        1.89974830E-02   3.28546786E-03
   4310.0405939548418        1.24488538E-02   3.09737539E-03
   4311.4999017778855        2.01316569E-02   3.41867213E-03
   4312.9594044779096        1.99654773E-02   3.52009549E-03
   4314.4191019158197        2.01762710E-02   3.68683552E-03
   4315.8789939525204        1.82885397E-02   3.85832950E-03
   4317.3390804489154        1.38469748E-02   3.84579692E-03
   4318.7993612659102        1.85844935E-02   3.97691689E-03
   4320.2598362644103        1.45957945E-02   3.85189569E-03
   4321.7205053053185        2.20352430E-02   3.88700538E-03
   4323.1813682495422        3.13664638E-02   3.96411214E-03
   4324.6424249579850        2.52289008E-02   3.66710662E-03
   4326.1036752915506        1.57482568E-02   3.42078484E-03
   4327.5651191111456        1.86513551E-02   3.63955181E-03
   4329.0267562776744        1.64146144E-02   3.71953030E-03
   4330.4885866520399        1.06931953E-02   3.69899650E-03
   4331.9506100951494        1.45782717E-02   3.74608533E-03
   4333.4128264679066        1.93809569E-02   3.87621578E-03
   4334.8752356312161        2.07965225E-02   3.84445605E-03
   4336.3378374459835        2.11997367E-02   3.80141218E-03
   4337.8006317731115        1.40934465E-02   3.49942478E-03
   4339.2636184735084        1.91793963E-02   3.40915495E-03
   4340.7267974080760        1.79321337E-02   3.37387249E-03
   4342.1901684377199        1.68612897E-02   3.41126043E-03
   4343.6537314233456        2.69092526E-02   3.76573647E-03
   4345.1174862258576        2.00951137E-02   3.70733067E-03
   4346.5814327061589        1.76028814E-02   3.72706074E-03
   4348.0455707251576        1.63889192E-02   3.75829358E-03
   4349.5099001437557        1.33961737E-02   3.65779060E-03
   4350.9744208228603        1.70566868E-02   3.61208851E-03
   4352.4391326233745        2.05103606E-02   3.67094576E-03
   4353.9040354062026        2.11497340E-02   3.69594223E-03
   4355.3691290322513        2.16865037E-02   3.78100644E-03
   4356.8344133624232        2.14071106E-02   3.81479645E-03
   4358.2998882576258        2.18120012E-02   3.78304510E-03
   4359.7655535787608        2.24436782E-02   3.83059168E-03
   4361.2314091867356        1.70400739E-02   3.70784895E-03
   4362.6974549424531        1.52966622E-02   3.71779618E-03
   4364.1636907068196        1.66119747E-02   3.77021916E-03
   4365.6301163407397        2.01007072E-02   3.81373335E-03
   4367.0967317051172        1.81220900E-02   3.73543473E-03
   4368.5635366608576        1.85245313E-02   3.70131899E-03
   4370.0305310688645        1.95955485E-02   3.72269028E-03
   4371.4977147900454        1.01943566E-02   3.50357476E-03
   4372.9650876853029        1.43657066E-02   3.53756337E-03
   4374.4326496155418        2.27742065E-02   3.68453166E-03
   4375.9004004416674        1.36206504E-02   3.46939359E-03
   4377.3683400245845        1.62929595E-02   3.59315053E-03
   4378.8364682251977        1.16903475E-02   3.53554799E-03
   4380.3047849044124        1.91765502E-02   3.64165846E-03
   4381.7732899231323        1.93701368E-02   3.55540076E-03
   4383.2419831422640        2.22944729E-02   3.48966941E-03
   4384.7108644227101        1.64997932E-02   3.31685459E-03
   4386.1799336253762        1.86363347E-02   3.42883961E-03
   4387.6491906111678        1.80111788E-02   3.55292880E-03
   4389.1186352409886        1.88008659E-02   3.56233027E-03
   4390.5882673757460        1.27396509E-02   3.40137398E-03
   4392.0580868763400        2.10324898E-02   3.68571864E-03
   4393.5280936036806        2.04169806E-02   3.64418514E-03
   4394.9982874186680        2.12867316E-02   3.65883578E-03
   4396.4686681822104        1.72829572E-02   3.61552788E-03
   4397.9392357552106        9.33883991E-03   3.47922510E-03
   4399.4099899985749        1.87979378E-02   3.64330062E-03
   4400.8809307732072        1.94876250E-02   3.66440695E-03
   4402.3520579400119        1.92229021E-02   3.57091031E-03
   4403.8233713598938        1.50318583E-02   3.46539053E-03
   4405.2948708937583        1.67437289E-02   3.50859715E-03
   4406.7665564025110        1.60078257E-02   3.47378198E-03
   4408.2384277470555        1.87105294E-02   3.62302898E-03
   4409.7104847882965        1.46800783E-02   3.57437530E-03
   4411.1827273871395        2.56891362E-02   3.88057576E-03
   4412.6551554044881        1.84588600E-02   3.74400080E-03
   4414.1277687012489        1.27576515E-02   3.60367540E-03
   4415.6005671383245        1.79022439E-02   3.64323962E-03
   4417.0735505766224        1.66294519E-02   3.60478344E-03
   4418.5467188770454        2.05145627E-02   3.69524513E-03
   4420.0200719004979        1.51433954E-02   3.71131767E-03
   4421.4936095078865        2.20270753E-02   3.81811964E-03
   4422.9673315601149        2.08182409E-02   3.77362478E-03
   4424.4412379180876        1.40453521E-02   3.60192475E-03
   4425.9153284427102        1.32813351E-02   3.56201502E-03
   4427.3896029948874        2.18089838E-02   3.74205341E-03
   4428.8640614355227        1.19540943E-02   3.57209775E-03
   4430.3387036255226        2.48184893E-02   3.86447576E-03
   4431.8135294257918        1.39681837E-02   3.54726939E-03
   4433.2885386972330        1.26107195E-02   3.54565773E-03
   4434.7637313007535        1.64560229E-02   3.57484445E-03
   4436.2391070972562        1.80050265E-02   3.65265319E-03
   4437.7146659476475        1.82530861E-02   3.68302618E-03
   4439.1904077128320        1.53896790E-02   3.64686945E-03
   4440.6663322537124        1.47487735E-02   3.66131379E-03
   4442.1424394311962        1.99005771E-02   3.67915235E-03
   4443.6187291061869        1.83997341E-02   3.69840953E-03
   4445.0952011395884        1.97088104E-02   3.69873433E-03
   4446.5718553923080        2.15708055E-02   3.80707183E-03
   4448.0486917252483        1.95816197E-02   3.73816025E-03
   4449.5257099993141        2.02209000E-02   3.76703148E-03
   4451.0029100754118        1.58984736E-02   3.69296339E-03
   4452.4802918144451        2.24335417E-02   3.75924120E-03
   4453.9578550773185        1.93183124E-02   3.70453252E-03
   4455.4355997249377        2.07585339E-02   3.64429969E-03
   4456.9135256182071        2.49186289E-02   3.68013605E-03
   4458.3916326180306        1.79969668E-02   3.57522746E-03
   4459.8699205853145        2.34727040E-02   3.67122376E-03
   4461.3483893809625        2.44422350E-02   3.72346467E-03
   4462.8270388658802        1.49935158E-02   3.55116348E-03
   4464.3058689009713        1.82919670E-02   3.65284318E-03
   4465.7848793471412        2.00042613E-02   3.72662139E-03
   4467.2640700652955        1.80763490E-02   3.65780503E-03
   4468.7434409163388        1.74100902E-02   3.65956058E-03
   4470.2229917611739        1.82352178E-02   3.66561208E-03
   4471.7027224607082        2.12661121E-02   3.78374057E-03
   4473.1826328758443        2.05066837E-02   3.80213256E-03
   4474.6627228674888        2.25951169E-02   3.86914285E-03
   4476.1429922965453        2.34087184E-02   3.88427963E-03
   4477.6234410239185        2.41482239E-02   3.88457184E-03
   4479.1040689105148        2.18728930E-02   3.77456751E-03
   4480.5848758172369        1.53633598E-02   3.55842966E-03
   4482.0658616049905        2.76495814E-02   3.87553824E-03
   4483.5470261346809        2.13738754E-02   3.74253886E-03
   4485.0283692672128        2.17885338E-02   3.80496145E-03
   4486.5098908634900        2.47104131E-02   3.94307496E-03
   4487.9915907844179        1.39357811E-02   3.67045356E-03
   4489.4734688909020        1.71029046E-02   3.67805851E-03
   4490.9555250438452        1.71052720E-02   3.68571142E-03
   4492.4377591041539        2.36856062E-02   3.80242686E-03
   4493.9201709327335        2.87475530E-02   3.92017560E-03
   4495.4027603904869        1.84290875E-02   3.69648240E-03
   4496.8855273383188        1.91599485E-02   3.72030656E-03
   4498.3684716371363        2.25862376E-02   3.80642596E-03
   4499.8515931478423        2.69217696E-02   3.90298339E-03
   4501.3348917313424        2.01740954E-02   3.79495625E-03
   4502.8183672485411        1.60838068E-02   3.73615045E-03
   4504.3020195603431        1.81056522E-02   3.80725483E-03
   4505.7858485276529        1.41259190E-02   3.74264037E-03
   4507.2698540113761        1.88552327E-02   3.81822814E-03
   4508.7540358724173        2.30957028E-02   3.92202055E-03
   4510.2383939716810        1.58174690E-02   3.76617210E-03
   4511.7229281700711        2.02386342E-02   3.79982917E-03
   4513.2076383284948        1.60582867E-02   3.67709529E-03
   4514.6925243078549        1.94951873E-02   3.76409525E-03
   4516.1775859690561        1.99225917E-02   3.77649209E-03
   4517.6628231730037        2.47468613E-02   3.85608827E-03
   4519.1482357806035        1.60378832E-02   3.68791795E-03
   4520.6338236527599        1.64801758E-02   3.69977928E-03
   4522.1195866503749        1.79477967E-02   3.74871772E-03
   4523.6055246343567        1.79200917E-02   3.70172621E-03
   4525.0916374656099        2.13464312E-02   3.76280933E-03
   4526.5779250050382        2.00655237E-02   3.61953978E-03
   4528.0643871135462        2.12813523E-02   3.65566788E-03
   4529.5510236520377        2.12937854E-02   3.65733285E-03
   4531.0378344814208        1.95056200E-02   3.61444848E-03
   4532.5248194625974        1.59731470E-02   3.55609111E-03
   4534.0119784564722        1.94113310E-02   3.62833799E-03
   4535.4993113239525        1.39171798E-02   3.57461488E-03
   4536.9868179259420        1.78756807E-02   3.62573215E-03
   4538.4744981233434        2.64353566E-02   3.87021224E-03
   4539.9623517770642        1.99605878E-02   3.76730133E-03
   4541.4503787480080        1.72090121E-02   3.70620214E-03
   4542.9385788970794        2.23468542E-02   3.78969382E-03
   4544.4269520851840        1.87299699E-02   3.68747045E-03
   4545.9154981732254        2.07973775E-02   3.76184308E-03
   4547.4042170221092        1.95784774E-02   3.65262479E-03
   4548.8931084927408        1.69992074E-02   3.57906125E-03
   4550.3821724460249        1.84287615E-02   3.64728738E-03
   4551.8714087428634        1.78738330E-02   3.62041290E-03
   4553.3608172441654        1.64064150E-02   3.59224482E-03
   4554.8503978108329        2.57759020E-02   3.74401803E-03
   4556.3401503037712        2.07782909E-02   3.69519880E-03
   4557.8300745838851        1.92596447E-02   3.70703707E-03
   4559.3201705120809        1.98574830E-02   3.72944493E-03
   4560.8104379492615        2.00858284E-02   3.76029545E-03
   4562.3008767563324        1.25169475E-02   3.59560037E-03
   4563.7914867941972        1.84785649E-02   3.67347780E-03
   4565.2822679237634        1.80722829E-02   3.61956586E-03
   4566.7732200059336        1.53758321E-02   3.61184287E-03
   4568.2643429016125        1.96423642E-02   3.68850701E-03
   4569.7556364717066        1.84920169E-02   3.65330395E-03
   4571.2471005771195        1.89268328E-02   3.66427004E-03
   4572.7387350787549        1.59606468E-02   3.61596723E-03
   4574.2305398375192        1.37235811E-02   3.55632976E-03
   4575.7225147143172        1.68524869E-02   3.66279599E-03
   4577.2146595700542        2.16543935E-02   3.74938012E-03
   4578.7069742656340        1.94073319E-02   3.67769226E-03
   4580.1994586619594        1.46893514E-02   3.55166220E-03
   4581.6921126199395        1.54108033E-02   3.51427658E-03
   4583.1849360004753        1.88359562E-02   3.57372686E-03
   4584.6779286644742        1.90747604E-02   3.58133600E-03
   4586.1710904728398        2.00191420E-02   3.62631190E-03
   4587.6644212864776        1.86741017E-02   3.63399810E-03
   4589.1579209662905        9.99238156E-03   3.41648282E-03
   4590.6515893731848        2.71896198E-02   3.82442889E-03
   4592.1454263680662        1.94872338E-02   3.61694465E-03
   4593.6394318118373        2.04935372E-02   3.59122688E-03
   4595.1336055654056        1.53871514E-02   3.52385920E-03
   4596.6279474896719        1.84391774E-02   3.58290900E-03
   4598.1224574455455        1.88135188E-02   3.58664873E-03
   4599.6171352939282        1.65528171E-02   3.52206570E-03
   4601.1119808957246        2.48201005E-02   3.70500772E-03
   4602.6069941118412        2.38192957E-02   3.69021716E-03
   4604.1021748031835        1.68572962E-02   3.55229597E-03
   4605.5975228306534        1.58751737E-02   3.50872707E-03
   4607.0930380551572        1.77074168E-02   3.59772239E-03
   4608.5887203376005        2.06523072E-02   3.68061056E-03
   4610.0845695388871        2.11535804E-02   3.67531739E-03
   4611.5805855199224        1.60465483E-02   3.53266182E-03
   4613.0767681416100        2.23747380E-02   3.69651127E-03
   4614.5731172648557        2.19951998E-02   3.67844827E-03
   4616.0696327505639        2.23816261E-02   3.68155632E-03
   4617.5663144596401        1.68055259E-02   3.49349272E-03
   4619.0631622529872        1.96575765E-02   3.59366299E-03
   4620.5601759915126        1.81818884E-02   3.57687450E-03
   4622.0573555361188        1.24932611E-02   3.43030668E-03
   4623.5547007477135        2.33030729E-02   3.70567711E-03
   4625.0522114871974        1.96290202E-02   3.61871161E-03
   4626.5498876154779        2.20783893E-02   3.65408557E-03
   4628.0477289934606        1.29412720E-02   3.40679986E-03
   4629.5457354820483        2.11238172E-02   3.65721155E-03
   4631.0439069421464        1.63582563E-02   3.50126717E-03
   4632.5422432346595        1.71480495E-02   3.55230784E-03
   4634.0407442204933        2.00848430E-02   3.65470420E-03
   4635.5394097605522        1.48657002E-02   3.50995851E-03
   4637.0382397157409        1.67268310E-02   3.48219252E-03
   4638.5372339469632        2.24539731E-02   3.60105163E-03
   4640.0363923151253        1.51785333E-02   3.44171678E-03
   4641.5357146811320        1.53077301E-02   3.48011544E-03
   4643.0352009058861        2.31358353E-02   3.67972651E-03
   4644.5348508502957        1.65038798E-02   3.51290870E-03
   4646.0346643752628        1.96919404E-02   3.54075385E-03
   4647.5346413416928        1.34204738E-02   3.38945142E-03
   4649.0347816104913        2.31548585E-02   3.55905783E-03
   4650.5350850425621        1.96534004E-02   3.56310094E-03
   4652.0355514988114        1.61404591E-02   3.49553418E-03
   4653.5361808401422        2.18975842E-02   3.63213988E-03
   4655.0369729274607        2.37097740E-02   3.60869430E-03
   4656.5379276216718        2.35088691E-02   3.62882228E-03
   4658.0390447836780        1.87137742E-02   3.53838853E-03
   4659.5403242743878        1.77221335E-02   3.57900956E-03
   4661.0417659547020        1.74505431E-02   3.52487201E-03
   4662.5433696855280        2.09090468E-02   3.58169712E-03
   4664.0451353277713        1.60114001E-02   3.45864031E-03
   4665.5470627423329        1.93797108E-02   3.46591556E-03
   4667.0491517901219        2.12952644E-02   3.47009464E-03
   4668.5514023320411        1.22426422E-02   3.25917359E-03
   4670.0538142289943        1.47540532E-02   3.38324020E-03
   4671.5563873418887        1.21551538E-02   3.34464968E-03
   4673.0591215316263        2.17882749E-02   3.56969773E-03
   4674.5620166591143        2.06972770E-02   3.59159545E-03
   4676.0650725852565        1.90304704E-02   3.55031108E-03
   4677.5682891709575        1.54416608E-02   3.44781391E-03
   4679.0716662771229        1.95524711E-02   3.54449591E-03
   4680.5752037646553        2.57832874E-02   3.61523125E-03
   4682.0789014944621        1.19554913E-02   3.34780011E-03
   4683.5827593274480        2.08575241E-02   3.56406462E-03
   4685.0867771245148        1.07265655E-02   3.35048209E-03
   4686.5909547465717        1.90536845E-02   3.54242395E-03
   4688.0952920545196        2.03271471E-02   3.55936098E-03
   4689.5997889092660        2.11513303E-02   3.53843602E-03
   4691.1044451717135        2.40669474E-02   3.62025667E-03
   4692.6092607027686        2.69587804E-02   3.69153894E-03
   4694.1142353633350        2.25272812E-02   3.60872131E-03
   4695.6193690143182        2.00892109E-02   3.53715476E-03
   4697.1246615166228        1.95631012E-02   3.56028881E-03
   4698.6301127311526        1.23765916E-02   3.33439396E-03
   4700.1357225188149        1.82754565E-02   3.45842354E-03
   4701.6414907405115        2.27028076E-02   3.53145809E-03
   4703.1474172571488        2.02879943E-02   3.47429281E-03
   4704.6535019296316        1.62365418E-02   3.41948983E-03
   4706.1597446188653        1.98711287E-02   3.43234395E-03
   4707.6661451857517        2.32475940E-02   3.56844557E-03
   4709.1727034912001        2.36941036E-02   3.57580930E-03
   4710.6794193961114        2.09898464E-02   3.51833133E-03
   4712.1862927613920        1.62492953E-02   3.44668771E-03
   4713.6933234479466        2.67516803E-02   3.67130432E-03
   4715.2005113166815        2.19569393E-02   3.54261557E-03
   4716.7078562284987        2.40382235E-02   3.64131271E-03
   4718.2153580443037        2.51510032E-02   3.69495247E-03
   4719.7230166250029        1.82529707E-02   3.55331227E-03
   4721.2308318314999        1.51153645E-02   3.52256862E-03
   4722.7388035246995        2.06997152E-02   3.65002989E-03
   4724.2469315655062        2.04085466E-02   3.59269604E-03
   4725.7552158148255        1.80791654E-02   3.57290520E-03
   4727.2636561335621        1.20001510E-02   3.39228543E-03
   4728.7722523826205        2.06017438E-02   3.50556406E-03
   4730.2810044229045        1.31005207E-02   3.36689316E-03
   4731.7899121153214        1.55854002E-02   3.38026974E-03
   4733.2989753207739        1.74599923E-02   3.45892622E-03
   4734.8081939001686        2.14448143E-02   3.59149370E-03
   4736.3175677144081        1.60197876E-02   3.47017287E-03
   4737.8270966243990        2.38416102E-02   3.62343411E-03
   4739.3367804910440        1.47847543E-02   3.41711263E-03
   4740.8466191752505        1.65026560E-02   3.47939017E-03
   4742.3566125379211        1.59785915E-02   3.53335706E-03
   4743.8667604399625        1.67317018E-02   3.52687412E-03
   4745.3770627422782        1.62451454E-02   3.48327099E-03
   4746.8875193057720        2.17907894E-02   3.60549451E-03
   4748.3981299913512        1.42457448E-02   3.48506426E-03
   4749.9088946599186        1.29314540E-02   3.41636036E-03
   4751.4198131723806        1.44252395E-02   3.47085716E-03
   4752.9308853896409        2.34333724E-02   3.61917261E-03
   4754.4421111726033        1.46264527E-02   3.45226354E-03
   4755.9534903821759        1.11797554E-02   3.36174131E-03
   4757.4650228792598        1.72557831E-02   3.51610221E-03
   4758.9767085247622        1.70132574E-02   3.49967834E-03
   4760.4885471795860        1.52835958E-02   3.47028929E-03
   4762.0005387046385        2.01457106E-02   3.55946878E-03
   4763.5126829608225        2.23598573E-02   3.56462318E-03
   4765.0249798090435        2.05295440E-02   3.50312213E-03
   4766.5374291102062        1.30411992E-02   3.37421848E-03
   4768.0500307252150        1.12540042E-02   3.39806010E-03
   4769.5627845149756        1.41721154E-02   3.45754996E-03
   4771.0756903403917        1.49899079E-02   3.50057497E-03
   4772.5887480623687        1.93894617E-02   3.61785572E-03
   4774.1019575418113        1.47648454E-02   3.47069907E-03
   4775.6153186396241        1.99863426E-02   3.61083262E-03
   4777.1288312167126        1.38444835E-02   3.45787476E-03
   4778.6424951339804        1.65780205E-02   3.51072475E-03
   4780.1563102523332        1.74974091E-02   3.54399765E-03
   4781.6702764326756        1.95694137E-02   3.60374292E-03
   4783.1843935359129        1.91075616E-02   3.54618230E-03
   4784.6986614229481        1.53514408E-02   3.46186291E-03
   4786.2130799546885        1.92110948E-02   3.49928765E-03
   4787.7276489920368        1.26579609E-02   3.38297011E-03
   4789.2423683958987        1.29648084E-02   3.41349025E-03
   4790.7572380271786        1.65138375E-02   3.50595894E-03
   4792.2722577467830        2.04188116E-02   3.64331901E-03
   4793.7874274156138        1.45217339E-02   3.51198902E-03
   4795.3027468945775        1.56343523E-02   3.54800001E-03
   4796.8182160445785        2.10137330E-02   3.64186405E-03
   4798.3338347265235        1.78562663E-02   3.58242122E-03
   4799.8496028013133        1.94621570E-02   3.58938193E-03
   4801.3655201298552        1.42664919E-02   3.46255116E-03
   4802.8815865730548        1.27575779E-02   3.43704550E-03
   4804.3978019918150        1.82515364E-02   3.52197653E-03
   4805.9141662470420        2.36427207E-02   3.65761411E-03
   4807.4306791996387        1.41483145E-02   3.42181092E-03
   4808.9473407105124        1.03075840E-02   3.34349344E-03
   4810.4641506405669        1.00705642E-02   3.36043956E-03
   4811.9811088507058        1.01354672E-02   3.37717007E-03
   4813.4982152018356        9.13342182E-03   3.34728439E-03
   4815.0154695548599        1.35040674E-02   3.46808950E-03
   4816.5328717706843        1.33750159E-02   3.48432572E-03
   4818.0504217102116        1.60845760E-02   3.55843059E-03
   4819.5681192343500        2.12546177E-02   3.65635240E-03
   4821.0859642040023        2.28757598E-02   3.67320795E-03
   4822.6039564800731        1.25553412E-02   3.40774353E-03
   4824.1220959234670        1.18892901E-02   3.39586893E-03
   4825.6403823950905        9.10531729E-03   3.34055070E-03
   4827.1588157558463        1.89052932E-02   3.58381588E-03
   4828.6773958666408        1.09686824E-02   3.37881991E-03
   4830.1961225883779        1.70613471E-02   3.52252671E-03
   4831.7149957819620        1.09500280E-02   3.37793189E-03
   4833.2340153082996        1.27584888E-02   3.37696471E-03
   4834.7531810282935        1.45944841E-02   3.42849456E-03
   4836.2724928028501        1.65433418E-02   3.52135254E-03
   4837.7919504928732        1.89673249E-02   3.54614388E-03
   4839.3115539592682        1.86584704E-02   3.50273913E-03
   4840.8313030629388        2.17882674E-02   3.54286772E-03
   4842.3511976647906        2.47597657E-02   3.61530273E-03
   4843.8712376257290        2.24247035E-02   3.61146429E-03
   4845.3914228066578        2.14852225E-02   3.55996797E-03
   4846.9117530684825        2.16638278E-02   3.62257450E-03
   4848.4322282721068        2.31625903E-02   3.57184093E-03
   4849.9528482784362        1.64357610E-02   3.46908486E-03
   4851.4736129483763        1.69706605E-02   3.51592782E-03
   4852.9945221428297        1.91864278E-02   3.50187835E-03
   4854.5155757227039        1.78613402E-02   3.45282024E-03
   4856.0367735489017        2.07497608E-02   3.44319548E-03
   4857.5581154823285        2.00027507E-02   3.36602749E-03
   4859.0796013838899        1.51893049E-02   3.21664778E-03
   4860.6012311144896        2.51150485E-02   3.31444619E-03
   4862.1230045350321        2.27486417E-02   3.23592103E-03
   4863.6449215064231        1.95805803E-02   3.23479576E-03
   4865.1669818895671        2.55736765E-02   3.42900911E-03
   4866.6891855453687        2.48939376E-02   3.57480696E-03
   4868.2115323347334        2.43289601E-02   3.55372741E-03
   4869.7340221185659        2.26835329E-02   3.45970737E-03
   4871.2566547577690        2.12487653E-02   3.41915269E-03
   4872.7794301132508        1.77143738E-02   3.32695106E-03
   4874.3023480459133        2.11178996E-02   3.44881532E-03
   4875.8254084166620        2.06024181E-02   3.46489460E-03
   4877.3486110864033        2.53616571E-02   3.60922981E-03
   4878.8719559160390        2.55011972E-02   3.64660798E-03
   4880.3954427664767        2.57172231E-02   3.65302502E-03
   4881.9190714986207        1.45987859E-02   3.38907074E-03
   4883.4428419733731        1.84382983E-02   3.47475335E-03
   4884.9667540516430        1.97616313E-02   3.49447061E-03
   4886.4908075943313        1.87895168E-02   3.44749540E-03
   4888.0150024623454        1.86538715E-02   3.40829836E-03
   4889.5393385165889        1.33334771E-02   3.26625258E-03
   4891.0638156179666        1.04450556E-02   3.17762746E-03
   4892.5884336273839        1.73212532E-02   3.36692529E-03
   4894.1131924057445        1.27870645E-02   3.32764303E-03
   4895.6380918139557        1.41590433E-02   3.43524059E-03
   4897.1631317129186        1.65084712E-02   3.51034151E-03
   4898.6883119635413        1.59750357E-02   3.48227262E-03
   4900.2136324267258        1.75927579E-02   3.50652472E-03
   4901.7390929633784        1.94556713E-02   3.53284669E-03
   4903.2646934344048        1.77170895E-02   3.44392518E-03
   4904.7904337007076        1.35164997E-02   3.36380000E-03
   4906.3163136231933        1.86902005E-02   3.51800025E-03
   4907.8423330627656        2.23724674E-02   3.56111838E-03
   4909.3684918803310        1.52665721E-02   3.36899119E-03
   4910.8947899367922        2.47468147E-02   3.56011349E-03
   4912.4212270930548        1.40744280E-02   3.31557589E-03
   4913.9478032100233        1.98999997E-02   3.49815376E-03
   4915.4745181486032        1.78181008E-02   3.47893406E-03
   4917.0013717697002        1.34811550E-02   3.38919368E-03
   4918.5283639342169        1.80355404E-02   3.32292123E-03
   4920.0554945030590        1.58926994E-02   3.22434213E-03
   4921.5827633371309        1.79657359E-02   3.31008970E-03
   4923.1101702973383        2.04086434E-02   3.41009046E-03
   4924.6377152445857        2.63367128E-02   3.55648180E-03
   4926.1653980397768        1.92290079E-02   3.46391834E-03
   4927.6932185438181        2.40338612E-02   3.59158032E-03
   4929.2211766176142        2.11536959E-02   3.56674963E-03
   4930.7492721220679        2.79152859E-02   3.69793247E-03
   4932.2775049180864        2.01993734E-02   3.49170645E-03
   4933.8058748665726        1.99020505E-02   3.47276265E-03
   4935.3343818284329        1.64700188E-02   3.39796161E-03
   4936.8630256645711        1.73041914E-02   3.38045880E-03
   4938.3918062358916        1.79698374E-02   3.40738404E-03
   4939.9207234033011        1.69113334E-02   3.35124321E-03
   4941.4497770277012        1.97913703E-02   3.50047811E-03
   4942.9789669700003        1.82562359E-02   3.47218779E-03
   4944.5082930911003        2.26475466E-02   3.59978783E-03
   4946.0377552519085        1.83371194E-02   3.49500170E-03
   4947.5673533133267        2.08682343E-02   3.56710586E-03
   4949.0970871362624        1.43520385E-02   3.40397819E-03
   4950.6269565816192        2.05404423E-02   3.52879683E-03
   4952.1569615103026        1.62602831E-02   3.45653715E-03
   4953.6871017832154        1.56309158E-02   3.40433070E-03
   4955.2173772612641        9.99209750E-03   3.25684738E-03
   4956.7477878053542        1.41471950E-02   3.29549308E-03
   4958.2783332763893        1.00261709E-02   3.17571848E-03
   4959.8090135352732        1.57814529E-02   3.35293310E-03
   4961.3398284429131        1.91703811E-02   3.50995432E-03
   4962.8707778602120        2.18364466E-02   3.60862329E-03
   4964.4018616480753        1.67064052E-02   3.41997738E-03
   4965.9330796674085        1.47178760E-02   3.40706250E-03
   4967.4644317791144        1.84582807E-02   3.43303429E-03
   4968.9959178440995        1.75213888E-02   3.45016434E-03
   4970.5275377232683        2.00707316E-02   3.51170171E-03
   4972.0592912775255        1.96868461E-02   3.52741685E-03
   4973.5911783677757        1.45422155E-02   3.37897823E-03
   4975.1231988549234        2.10828781E-02   3.54736252E-03
   4976.6553525998743        2.25253254E-02   3.56587721E-03
   4978.1876394635319        1.63413212E-02   3.41677340E-03
   4979.7200593068028        1.70278363E-02   3.41341435E-03
   4981.2526119905897        2.18314603E-02   3.48570687E-03
   4982.7852973757990        1.60191860E-02   3.28036211E-03
   4984.3181153233345        1.93984043E-02   3.36054503E-03
   4985.8510656941025        1.52868163E-02   3.35632311E-03
   4987.3841483490050        1.38458312E-02   3.33702960E-03
   4988.9173631489502        1.81857497E-02   3.47714894E-03
   4990.4507099548400        2.08150987E-02   3.51302465E-03
   4991.9841886275808        1.50063727E-02   3.36374878E-03
   4993.5177990280763        2.01370921E-02   3.50231398E-03
   4995.0515410172329        1.75599437E-02   3.47765861E-03
   4996.5854144559544        1.83266457E-02   3.48857604E-03
   4998.1194192051453        2.23906301E-02   3.54900490E-03
   4999.6535551257102        1.98962875E-02   3.48973484E-03
   5001.1878220785557        2.17068586E-02   3.50309536E-03
   5002.7222199245834        1.93760321E-02   3.42504517E-03
   5004.2567485247018        2.23332811E-02   3.48929269E-03
   5005.7914077398127        2.16348898E-02   3.42890737E-03
   5007.3261974308225        1.91918369E-02   3.35787307E-03
   5008.8611174586349        2.09926423E-02   3.48217110E-03
   5010.3961676841573        1.16857383E-02   3.28623457E-03
   5011.9313479682914        1.42759047E-02   3.30475927E-03
   5013.4666581719430        2.48998161E-02   3.51363677E-03
   5015.0020981560165        2.30565574E-02   3.48945102E-03
   5016.5376677814174        2.07907148E-02   3.44073959E-03
   5018.0733669090514        3.21943909E-02   3.68356076E-03
   5019.6091953998211        2.56696418E-02   3.52155464E-03
   5021.1451531146322        2.10808273E-02   3.51216109E-03
   5022.6812399143901        2.69156862E-02   3.60812340E-03
   5024.2174556599994        2.32490171E-02   3.53486976E-03
   5025.7538002123638        1.73416268E-02   3.45390523E-03
   5027.2902734323898        2.04257220E-02   3.47825768E-03
   5028.8268751809819        2.63366569E-02   3.63684469E-03
   5030.3636053190430        2.20272616E-02   3.57148657E-03
   5031.9004637074795        2.02487037E-02   3.56433517E-03
   5033.4374502071969        1.84249282E-02   3.48870619E-03
   5034.9745646790980        2.41090693E-02   3.60858045E-03
   5036.5118069840892        1.37164434E-02   3.34771257E-03
   5038.0491769830733        1.97925642E-02   3.44485510E-03
   5039.5866745369576        1.86411031E-02   3.36233387E-03
   5041.1242995066459        2.08948627E-02   3.44836758E-03
   5042.6620517530419        2.07696892E-02   3.47191328E-03
   5044.1999311370519        1.61485597E-02   3.42331594E-03
   5045.7379375195806        1.64288133E-02   3.46767600E-03
   5047.2760707615316        1.59916505E-02   3.42290988E-03
   5048.8143307238106        2.23867428E-02   3.57326982E-03
   5050.3527172673221        2.26743408E-02   3.59300384E-03
   5051.8912302529716        2.14161854E-02   3.54364398E-03
   5053.4298695416628        2.10797526E-02   3.52037069E-03
   5054.9686349943004        1.44378198E-02   3.39228450E-03
   5056.5075264717898        2.21207943E-02   3.60474735E-03
   5058.0465438350366        2.28707399E-02   3.66348284E-03
   5059.5856869449444        1.34283695E-02   3.42668290E-03
   5061.1249556624189        1.91654656E-02   3.60832899E-03
   5062.6643498483636        2.07109880E-02   3.59390327E-03
   5064.2038693636832        1.87635906E-02   3.51073593E-03
   5065.7435140692842        1.73534118E-02   3.48726683E-03
   5067.2832838260701        2.00270880E-02   3.54594528E-03
   5068.8231784949467        2.05380712E-02   3.57934576E-03
   5070.3631979368174        2.05057263E-02   3.54620721E-03
   5071.9033420125888        1.82378199E-02   3.53837362E-03
   5073.4436105831637        2.14750506E-02   3.57293966E-03
   5074.9840035094485        2.32223757E-02   3.61618260E-03
   5076.5245206523468        1.56941004E-02   3.46879894E-03
   5078.0651618727643        1.92970168E-02   3.51556903E-03
   5079.6059270316046        1.77119095E-02   3.45881260E-03
   5081.1468159897740        1.48797706E-02   3.32227326E-03
   5082.6878286081765        1.99918784E-02   3.49916215E-03
   5084.2289647477173        1.66005176E-02   3.44997225E-03
   5085.7702242693003        1.69981644E-02   3.48738628E-03
   5087.3116070338301        1.50495544E-02   3.46478308E-03
   5088.8531129022131        1.80871263E-02   3.57461115E-03
   5090.3947417353529        2.14424022E-02   3.63686425E-03
   5091.9364933941551        1.57326851E-02   3.49511951E-03
   5093.4783677395244        2.62777396E-02   3.73006123E-03
   5095.0203646323644        1.21321101E-02   3.42597137E-03
   5096.5624839335815        1.98051743E-02   3.56034702E-03
   5098.1047255040785        2.09205747E-02   3.55333788E-03
   5099.6470892047619        1.78749431E-02   3.49180214E-03
   5101.1895748965362        1.85822081E-02   3.49616120E-03
   5102.7321824403061        1.40816234E-02   3.42064956E-03
   5104.2749116969753        1.71360113E-02   3.54512315E-03
   5105.8177625274502        2.41946839E-02   3.67644033E-03
   5107.3607347926345        1.87392551E-02   3.48122977E-03
   5108.9038283534337        1.80557780E-02   3.45399161E-03
   5110.4470430707524        2.25794818E-02   3.59366764E-03
   5111.9903788054953        1.31332614E-02   3.45290103E-03
   5113.5338354185669        1.11194085E-02   3.41557991E-03
   5115.0774127708728        1.57033019E-02   3.52757843E-03
   5116.6211107233166        2.14066263E-02   3.65520036E-03
   5118.1649291368049        1.58835780E-02   3.56623018E-03
   5119.7088678722403        1.33278929E-02   3.45195178E-03
   5121.2529267905293        2.41684597E-02   3.65713378E-03
   5122.7971057525756        1.90396197E-02   3.52718355E-03
   5124.3414046192838        2.42667198E-02   3.66707775E-03
   5125.8858232515595        1.15958098E-02   3.30369151E-03
   5127.4303615103081        1.34485057E-02   3.44046578E-03
   5128.9750192564334        2.25771572E-02   3.58072971E-03
   5130.5197963508399        1.68562643E-02   3.49334418E-03
   5132.0646926544323        1.46523695E-02   3.48479813E-03
   5133.6097080281161        2.70600710E-02   3.73588479E-03
   5135.1548423327968        2.36353502E-02   3.66869243E-03
   5136.7000954293781        1.61492620E-02   3.49611114E-03
   5138.2454671787646        2.06365045E-02   3.52578121E-03
   5139.7909574418627        2.32789572E-02   3.57841258E-03
   5141.3365660795753        1.83701403E-02   3.50834918E-03
   5142.8822929528078        2.64407825E-02   3.68616171E-03
   5144.4281379224640        9.38613061E-03   3.32163298E-03
   5145.9741008494511        2.07799487E-02   3.55565874E-03
   5147.5201815946721        2.87339892E-02   3.77733936E-03
   5149.0663800190323        1.68749187E-02   3.48965544E-03
   5150.6126959834364        2.40565445E-02   3.66062648E-03
   5152.1591293487900        2.25147344E-02   3.62221617E-03
   5153.7056799759966        1.43070789E-02   3.42830620E-03
   5155.2523477259610        1.91570409E-02   3.54350684E-03
   5156.7991324595887        2.34467182E-02   3.68175819E-03
   5158.3460340377842        2.19254084E-02   3.67600960E-03
   5159.8930523214531        2.01386958E-02   3.63673549E-03
   5161.4401871714990        2.33423878E-02   3.65841086E-03
   5162.9874384488276        2.27135047E-02   3.64737166E-03
   5164.5348060143424        1.69619527E-02   3.42968153E-03
   5166.0822897289490        1.89242382E-02   3.37848230E-03
   5167.6298894535530        1.72196794E-02   3.30165448E-03
   5169.1776050490589        1.75613388E-02   3.29518924E-03
   5170.7254363763695        2.27872711E-02   3.38164507E-03
   5172.2733832963913        1.93383563E-02   3.32024880E-03
   5173.8214456700298        2.22827662E-02   3.43064824E-03
   5175.3696233581886        2.89268140E-02   3.65722156E-03
   5176.9179162217715        2.21758205E-02   3.63750989E-03
   5178.4663241216858        1.61841772E-02   3.52655258E-03
   5180.0148469188352        2.01357119E-02   3.60542140E-03
   5181.5634844741235        1.71838589E-02   3.36907711E-03
   5183.1122366484578        2.24470235E-02   3.40291322E-03
   5184.6611033027393        2.46945992E-02   3.44114890E-03
   5186.2100842978762        1.96758956E-02   3.40137957E-03
   5187.7591794947721        3.07526365E-02   3.80498031E-03
   5189.3083887543316        1.96179822E-02   3.58800474E-03
   5190.8577119374595        1.87446848E-02   3.53261479E-03
   5192.4071489050602        1.97766107E-02   3.55310924E-03
   5193.9566995180394        1.85614806E-02   3.48888384E-03
   5195.5063636373015        2.38456298E-02   3.73926200E-03
   5197.0561411237504        1.63770523E-02   3.63991410E-03
   5198.6060318382933        2.96372157E-02   3.98102449E-03
   5200.1560356418322        2.13867594E-02   3.79603845E-03
   5201.7061523952743        1.29597886E-02   3.54573573E-03
   5203.2563819595207        2.68787742E-02   3.77247762E-03
   5204.8067241954814        9.80971288E-03   3.34788300E-03
   5206.3571789640573        1.17584933E-02   3.33991367E-03
   5207.9077461261550        2.31686905E-02   3.58792185E-03
   5209.4584255426780        2.00175066E-02   3.55887832E-03
   5211.0092170745311        1.80540048E-02   3.57250753E-03
   5212.5601205826215        2.45808344E-02   3.70123517E-03
   5214.1111359278502        2.35241558E-02   3.68485693E-03
   5215.6622629711255        2.08309609E-02   3.65111954E-03
   5217.2135015733493        1.90244894E-02   3.56049114E-03
   5218.7648515954297        1.72041077E-02   3.53075820E-03
   5220.3163128982678        2.23741177E-02   3.67051968E-03
   5221.8678853427709        2.27344409E-02   3.70661705E-03
   5223.4195687898446        1.68725904E-02   3.57576041E-03
   5224.9713631003897        2.63484418E-02   3.71039426E-03
   5226.5232681353154        2.09122356E-02   3.55181214E-03
   5228.0752837555228        2.14744881E-02   3.51704285E-03
   5229.6274098219192        1.15127005E-02   3.34504084E-03
   5231.1796461954091        1.60416123E-02   3.51659930E-03
   5232.7319927368962        1.49379447E-02   3.46247619E-03
   5234.2844493072853        1.84298791E-02   3.53154656E-03
   5235.8370157674835        1.83887947E-02   3.53896199E-03
   5237.3896919783929        1.44703956E-02   3.51899629E-03
   5238.9424778009188        2.60020848E-02   3.79835139E-03
   5240.4953730959678        2.35584415E-02   3.74336308E-03
   5242.0483777244426        1.69428233E-02   3.57921142E-03
   5243.6014915472470        1.96320321E-02   3.64772999E-03
   5245.1547144252900        1.96931660E-02   3.65609839E-03
   5246.7080462194726        2.51482092E-02   3.78653593E-03
   5248.2614867907014        1.71633195E-02   3.58900009E-03
   5249.8150359998808        2.49344893E-02   3.72519437E-03
   5251.3686937079156        2.30796747E-02   3.69942933E-03
   5252.9224597757102        2.03244928E-02   3.66032170E-03
   5254.4763340641694        1.11294705E-02   3.45250312E-03
   5256.0303164341985        2.20569465E-02   3.70034040E-03
   5257.5844067467015        2.00263523E-02   3.73163330E-03
   5259.1386048625845        2.49112081E-02   3.82922450E-03
   5260.6929106427524        1.57865062E-02   3.57085373E-03
   5262.2473239481078        2.01289859E-02   3.62983556E-03
   5263.8018446395563        2.31009219E-02   3.61739495E-03
   5265.3564725780034        1.87901855E-02   3.47409328E-03
   5266.9112076243546        1.21343154E-02   3.29099572E-03
   5268.4660496395136        2.38460675E-02   3.59321130E-03
   5270.0209984843850        1.89791564E-02   3.47757596E-03
   5271.5760540198735        2.21134368E-02   3.55505967E-03
   5273.1312161068863        1.87915657E-02   3.59872449E-03
   5274.6864846063254        2.36830004E-02   3.73878866E-03
   5276.2418593790953        2.12364979E-02   3.70174088E-03
   5277.7973402861026        1.95044447E-02   3.65111185E-03
   5279.3529271882508        1.76382773E-02   3.60918464E-03
   5280.9086199464464        1.81227177E-02   3.61732999E-03
   5282.4644184215922        1.59299467E-02   3.57112964E-03
   5284.0203224745946        2.17777248E-02   3.72945750E-03
   5285.5763319663574        2.21179407E-02   3.69811594E-03
   5287.1324467577842        2.56729741E-02   3.88571923E-03
   5288.6886667097833        1.24703180E-02   3.58633767E-03
   5290.2449916832566        1.86250824E-02   3.73102073E-03
   5291.8014215391086        1.54884318E-02   3.64351552E-03
   5293.3579561382476        1.66198872E-02   3.64845106E-03
   5294.9145953415746        1.21400580E-02   3.52978869E-03
   5296.4713390099960        1.43007319E-02   3.56977270E-03
   5298.0281870044164        1.62967481E-02   3.60598718E-03
   5299.5851391857414        1.58768333E-02   3.51470243E-03
   5301.1421954148736        1.80389900E-02   3.69462743E-03
   5302.6993555527197        1.21963685E-02   3.58478003E-03
   5304.2566194601841        2.19601560E-02   3.77804926E-03
   5305.8139869981705        2.04077046E-02   3.80339450E-03
   5307.3714580275855        1.78762563E-02   3.66900652E-03
   5308.9290324093336        1.93394199E-02   3.74698662E-03
   5310.4867100043175        2.11647525E-02   3.83729232E-03
   5312.0444906734447        1.90376453E-02   3.78102972E-03
   5313.6023742776188        1.18882023E-02   3.60053126E-03
   5315.1603606777444        2.23483313E-02   3.83480405E-03
   5316.7184497347262        1.44217806E-02   3.61337792E-03
   5318.2766413094687        1.11990068E-02   3.56147834E-03
   5319.8349352628784        1.97936911E-02   3.78288887E-03
   5321.3933314558572        1.91471260E-02   3.73259699E-03
   5322.9518297493132        1.84590984E-02   3.70075181E-03
   5324.5104300041494        1.64226983E-02   3.67343356E-03
   5326.0691320812703        2.08813269E-02   3.65218683E-03
   5327.6279358415813        2.17250064E-02   3.72004113E-03
   5329.1868411459882        1.20835584E-02   3.44067882E-03
   5330.7458478553935        1.58309489E-02   3.62683018E-03
   5332.3049558307030        1.74059961E-02   3.72907170E-03
   5333.8641649328229        2.09777374E-02   3.81308724E-03
   5335.4234750226560        2.37727445E-02   3.89893493E-03
   5336.9828859611071        1.45161496E-02   3.69431381E-03
   5338.5423976090824        1.74549446E-02   3.69927427E-03
   5340.1020098274857        1.58676971E-02   3.63915111E-03
   5341.6617224772226        1.61697827E-02   3.64527036E-03
   5343.2215354191976        1.94355212E-02   3.70578584E-03
   5344.7814485143153        1.48923462E-02   3.62627511E-03
   5346.3414616234795        1.81636717E-02   3.69250844E-03
   5347.9015746075966        1.51179750E-02   3.63233173E-03
   5349.4617873275702        2.41303984E-02   3.86161916E-03
   5351.0220996443059        1.98748801E-02   3.78680276E-03
   5352.5825114187082        2.12147832E-02   3.83060402E-03
   5354.1430225116828        2.12164726E-02   3.84923466E-03
   5355.7036327841333        2.38405149E-02   3.90297151E-03
   5357.2643420969644        1.85434502E-02   3.79432249E-03
   5358.8251503110814        1.63477678E-02   3.78189911E-03
   5360.3860572873891        1.54810203E-02   3.72666284E-03
   5361.9470628867912        1.78623348E-02   3.73822753E-03
   5363.5081669701949        1.95226874E-02   3.74044362E-03
   5365.0693693985031        2.00035553E-02   3.77429533E-03
   5366.6306700326213        2.05116775E-02   3.76714603E-03
   5368.1920687334532        1.80256721E-02   3.70140490E-03
   5369.7535653619052        1.98753513E-02   3.75501858E-03
   5371.3151597788810        2.47257203E-02   3.81669961E-03
   5372.8768518452853        1.82276536E-02   3.66962608E-03
   5374.4386414220235        2.32648533E-02   3.87182483E-03
   5376.0005283700002        1.64519399E-02   3.78174731E-03
   5377.5625125501210        1.64403282E-02   3.77700268E-03
   5379.1245938232887        1.69738457E-02   3.77288857E-03
   5380.6867720504097        2.26949044E-02   3.90330376E-03
   5382.2490470923885        1.68342181E-02   3.73919914E-03
   5383.8114188101299        1.81425996E-02   3.79274809E-03
   5385.3738870645384        2.02917084E-02   3.78002645E-03
   5386.9364517165195        1.49589069E-02   3.69247445E-03
   5388.4991126269751        1.44493617E-02   3.67553066E-03
   5390.0618696568154        1.55449677E-02   3.73206288E-03
   5391.6247226669402        8.88447836E-03   3.50246811E-03
   5393.1876715182561        2.08371282E-02   3.77114466E-03
   5394.7507160716686        1.90026499E-02   3.74683668E-03
   5396.3138561880814        2.18001418E-02   3.78545071E-03
   5397.8770917284000        1.39917070E-02   3.62243364E-03
   5399.4404225535291        1.74928959E-02   3.69177666E-03
   5401.0038485243731        1.41895292E-02   3.62582598E-03
   5402.5673695018377        2.47734934E-02   3.85072036E-03
   5404.1309853468256        2.28721146E-02   3.78458411E-03
   5405.6946959202442        1.77580658E-02   3.64701659E-03
   5407.2585010829971        1.83407087E-02   3.66500486E-03
   5408.8224006959881        2.20890585E-02   3.80771956E-03
   5410.3863946201236        1.99158099E-02   3.75860254E-03
   5411.9504827163073        2.07424704E-02   3.81910615E-03
   5413.5146648454447        1.50872311E-02   3.70173622E-03
   5415.0789408684404        1.81622114E-02   3.71772610E-03
   5416.6433106461991        2.10211724E-02   3.80380149E-03
   5418.2077740396262        1.87846944E-02   3.80039052E-03
   5419.7723309096245        1.73753724E-02   3.76390829E-03
   5421.3369811171015        1.66804548E-02   3.71339847E-03
   5422.9017245229597        1.61931776E-02   3.68744810E-03
   5424.4665609881058        2.24465579E-02   3.85348569E-03
   5426.0314903734434        1.95749924E-02   3.78821976E-03
   5427.5965125398770        1.00446334E-02   3.55531019E-03
   5429.1616273483132        1.29207140E-02   3.65403364E-03
   5430.7268346596547        2.36030966E-02   3.86401569E-03
   5432.2921343348071        1.83970127E-02   3.74220754E-03
   5433.8575262346749        2.36630142E-02   3.89635004E-03
   5435.4230102201636        1.92950815E-02   3.72522301E-03
   5436.9885861521780        1.50235370E-02   3.72093474E-03
   5438.5542538916216        1.92738101E-02   3.86011600E-03
   5440.1200132994009        1.71442367E-02   3.81256035E-03
   5441.6858642364195        1.14988768E-02   3.72541067E-03
   5443.2518065635822        2.20045224E-02   3.91790830E-03
   5444.8178401417945        1.45107033E-02   3.60841211E-03
   5446.3839648319608        1.65598709E-02   3.71329952E-03
   5447.9501804949859        1.97616592E-02   3.79535090E-03
   5449.5164869917744        2.44356859E-02   3.93572077E-03
   5451.0828841832317        1.95335895E-02   3.89409671E-03
   5452.6493719302616        1.75871179E-02   3.80084547E-03
   5454.2159500937705        1.74033921E-02   3.76287918E-03
   5455.7826185346621        2.02055071E-02   3.80665879E-03
   5457.3493771138401        1.65899899E-02   3.75797320E-03
   5458.9162256922118        1.63068194E-02   3.79177090E-03
   5460.4831641306801        1.87414512E-02   3.81285488E-03
   5462.0501922901494        1.36006633E-02   3.72682931E-03
   5463.6173100315264        1.81601401E-02   3.77816451E-03
   5465.1845172157136        1.72625128E-02   3.76423448E-03
   5466.7518137036195        2.29058061E-02   3.92563874E-03
   5468.3191993561441        1.12360902E-02   3.67174414E-03
   5469.8866740341955        1.31044025E-02   3.69206839E-03
   5471.4542375986784        2.28038821E-02   3.88789293E-03
   5473.0218899104966        2.44812947E-02   3.94971156E-03
   5474.5896308305546        2.06846800E-02   3.87047022E-03
   5476.1574602197579        1.97240878E-02   3.79571458E-03
   5477.7253779390103        1.36336507E-02   3.64752510E-03
   5479.2933838492181        1.64293740E-02   3.70773161E-03
   5480.8614778112842        2.21996941E-02   3.90164135E-03
   5482.4296596861159        2.20038686E-02   3.94301955E-03
   5483.9979293346159        2.10120305E-02   3.83798615E-03
   5485.5662866176899        2.39489693E-02   3.98005312E-03
   5487.1347313962424        1.85146276E-02   3.84539645E-03
   5488.7032635311780        2.11719312E-02   3.94121651E-03
   5490.2718828834022        2.20126994E-02   3.92516749E-03
   5491.8405893138188        1.87463537E-02   3.86027433E-03
   5493.4093826833332        1.96852311E-02   3.91873950E-03
   5494.9782628528510        1.59146655E-02   3.81914107E-03
   5496.5472296832750        1.49996160E-02   3.72031308E-03
   5498.1162830355115        2.03688983E-02   3.91384540E-03
   5499.6854227704653        2.23374031E-02   3.92327690E-03
   5501.2546487490408        1.77642126E-02   3.82623821E-03
   5502.8239608321428        1.36948843E-02   3.74944881E-03
   5504.3933588806758        1.88934002E-02   3.87743581E-03
   5505.9628427555444        1.61825083E-02   3.77384247E-03
   5507.5324123176533        2.28159688E-02   3.92389344E-03
   5509.1020674279098        1.65958516E-02   3.85239976E-03
   5510.6718079472157        1.86028425E-02   3.83358658E-03
   5512.2416337364766        2.13024486E-02   3.91248381E-03
   5513.8115446565971        2.21538041E-02   3.91816115E-03
   5515.3815405684836        2.05947142E-02   3.88641935E-03
   5516.9516213330389        1.54588269E-02   3.80593119E-03
   5518.5217868111686        2.13756729E-02   3.91674228E-03
   5520.0920368637771        2.02667061E-02   3.90142668E-03
   5521.6623713517702        2.52864938E-02   4.02971450E-03
   5523.2327901360522        1.52096776E-02   3.81927122E-03
   5524.8032930775280        1.50166629E-02   3.79376556E-03
   5526.3738800371020        1.15433102E-02   3.61228245E-03
   5527.9445508756780        2.04321109E-02   3.85592342E-03
   5529.5153054541624        1.58803631E-02   3.75649938E-03
   5531.0861436334599        1.96203645E-02   3.87330819E-03
   5532.6570652744740        1.23423301E-02   3.74583085E-03
   5534.2280702381113        2.33736522E-02   4.04477259E-03
   5535.7991583852754        1.89381447E-02   3.87151353E-03
   5537.3703295768719        1.66434292E-02   3.80823365E-03
   5538.9415836738035        2.50407979E-02   4.09058435E-03
   5540.5129205369776        2.03073435E-02   3.93498503E-03
   5542.0843400272979        1.68810412E-02   3.89359100E-03
   5543.6558420056699        2.12566592E-02   4.00380418E-03
   5545.2274263329973        2.18054242E-02   3.97203118E-03
   5546.7990928701847        2.13267375E-02   3.99735430E-03
   5548.3708414781368        1.17735052E-02   3.75829870E-03
   5549.9426720177598        1.67769436E-02   3.89622175E-03
   5551.5145843499586        1.94726475E-02   3.93839693E-03
   5553.0865783356367        1.41914431E-02   3.83197563E-03
   5554.6586538356987        1.92545429E-02   3.92922293E-03
   5556.2308107110512        1.77149791E-02   3.88575997E-03
   5557.8030488225968        2.39206217E-02   4.03982168E-03
   5559.3753680312420        1.27468668E-02   3.76638933E-03
   5560.9477681978897        1.97400097E-02   3.95276258E-03
   5562.5202491834470        1.96896996E-02   3.95298889E-03
   5564.0928108488179        5.56376576E-03   3.55801894E-03
   5565.6654530549058        2.56019961E-02   4.07018792E-03
   5567.2381756626164        1.04581192E-02   3.74512980E-03
   5568.8109785328561        1.53694404E-02   3.79578490E-03
   5570.3838615265277        2.18621418E-02   3.93646443E-03
   5571.9568245045357        1.93512850E-02   3.90771450E-03
   5573.5298673277875        1.21602295E-02   4.03980585E-03
   5575.1029898571842        3.43539342E-02   7.84601644E-03
   5576.6761919536330        1.59106124E-02   9.47234593E-03
   5578.2494734780375        1.06033515E-02   9.63867176E-03
   5579.8228342913053        5.98122086E-03   8.29582941E-03
   5581.3962742543372        1.67630743E-02   5.08870976E-03
   5582.9697932280405        1.31507246E-02   3.94314248E-03
   5584.5433910733200        1.86544880E-02   3.92473070E-03
   5586.1170676510783        1.73785221E-02   3.88675253E-03
   5587.6908228222228        2.46585365E-02   4.00601234E-03
   5589.2646564476572        1.68487504E-02   3.79121560E-03
   5590.8385683882871        1.63498148E-02   3.86194116E-03
   5592.4125585050151        2.60722917E-02   4.09787195E-03
   5593.9866266587478        1.43871484E-02   3.85309360E-03
   5595.5607727103898        1.96349658E-02   3.93432751E-03
   5597.1349965208456        1.87140461E-02   3.94097948E-03
   5598.7092979510198        1.53292697E-02   3.85637768E-03
   5600.2836768618181        1.99722033E-02   3.91338812E-03
   5601.8581331141440        2.30221767E-02   3.96941463E-03
   5603.4326665689032        2.40559336E-02   4.07307688E-03
   5605.0072770870001        2.01160125E-02   4.05408163E-03
   5606.5819645293404        1.76255833E-02   4.00360022E-03
   5608.1567287568259        1.93737317E-02   4.04321169E-03
   5609.7315696303658        1.52128348E-02   3.93331656E-03
   5611.3064870108628        1.27564669E-02   3.88462958E-03
   5612.8814807592198        2.17780080E-02   4.05582786E-03
   5614.4565507363441        2.10175794E-02   3.98735795E-03
   5616.0316968031402        2.44462248E-02   4.04212531E-03
   5617.6069188205120        1.96697861E-02   3.92271951E-03
   5619.1822166493648        2.00775992E-02   4.04963037E-03
   5620.7575901506034        2.04422642E-02   4.04139794E-03
   5622.3330391851332        1.66898854E-02   4.00396390E-03
   5623.9085636138570        1.55698350E-02   3.87816434E-03
   5625.4841632976822        1.28757833E-02   3.85345775E-03
   5627.0598380975116        1.31872678E-02   3.87078151E-03
   5628.6355878742515        1.68947242E-02   3.97847127E-03
   5630.2114124888039        1.60430279E-02   3.94849945E-03
   5631.7873118020771        1.36414403E-02   3.91666079E-03
   5633.3632856749737        1.04829073E-02   3.85202491E-03
   5634.9393339683993        2.39577126E-02   4.14324086E-03
   5636.5154565432595        2.18338370E-02   4.06021997E-03
   5638.0916532604560        1.42518254E-02   3.90836783E-03
   5639.6679239808982        1.77449863E-02   3.99386510E-03
   5641.2442685654869        1.94098521E-02   3.99805605E-03
   5642.8206868751286        1.40985148E-02   3.91042186E-03
   5644.3971787707278        2.39610299E-02   4.12229216E-03
   5645.9737441131892        1.61498636E-02   3.99669167E-03
   5647.5503827634184        1.97726190E-02   4.06701677E-03
   5649.1270945823189        1.35918120E-02   3.94297158E-03
   5650.7038794307964        1.61536206E-02   4.00396623E-03
   5652.2807371697554        1.26281539E-02   3.90785793E-03
   5653.8576676601006        2.11036522E-02   4.10076650E-03
   5655.4346707627365        1.80056058E-02   4.00937581E-03
   5657.0117463385686        1.99719165E-02   3.99401831E-03
   5658.5888942485026        1.64840668E-02   3.89728346E-03
   5660.1661143534411        2.05977298E-02   4.05728444E-03
   5661.7434065142888        2.01909579E-02   4.06562071E-03
   5663.3207705919531        2.17829682E-02   4.10701428E-03
   5664.8982064473366        1.27496962E-02   3.93250166E-03
   5666.4757139413459        1.90333799E-02   4.08213213E-03
   5668.0532929348828        1.82647016E-02   4.07594256E-03
   5669.6309432888556        2.32988894E-02   4.19454137E-03
   5671.2086648641662        2.85841469E-02   4.30511031E-03
   5672.7864575217209        2.01499145E-02   4.14977176E-03
   5674.3643211224244        1.56343579E-02   4.01660474E-03
   5675.9422555271813        1.79535598E-02   4.11655381E-03
   5677.5202605968952        1.88108422E-02   4.12534596E-03
   5679.0983361924737        1.90459955E-02   4.11035866E-03
   5680.6764821748184        2.01891456E-02   4.10737190E-03
   5682.2546984048367        1.80153027E-02   4.07134229E-03
   5683.8329847434316        2.09812038E-02   4.12049564E-03
   5685.4113410515092        2.14665327E-02   4.11001546E-03
   5686.9897671899744        1.87593251E-02   4.10291506E-03
   5688.5682630197307        1.76808108E-02   4.11472097E-03
   5690.1468284016828        9.64106247E-03   3.85469268E-03
   5691.7254631967362        2.01197173E-02   4.13430110E-03
   5693.3041672657955        1.17061362E-02   3.92599311E-03
   5694.8829404697672        2.17303950E-02   4.18501906E-03
   5696.4617826695530        1.79714616E-02   4.12311265E-03
   5698.0406937260605        2.14731079E-02   4.23033582E-03
   5699.6196735001922        1.12115853E-02   3.89479450E-03
   5701.1987218528548        2.59931665E-02   4.29588789E-03
   5702.7778386449509        1.94936525E-02   4.10770532E-03
   5704.3570237373870        2.30485760E-02   4.22468921E-03
   5705.9362769910686        1.05291801E-02   3.90219525E-03
   5707.5155982668985        2.10820176E-02   4.14984953E-03
   5709.0949874257822        2.12705638E-02   4.12816973E-03
   5710.6744443286243        1.41609879E-02   3.89783410E-03
   5712.2539688363313        2.02187244E-02   4.13214415E-03
   5713.8335608098059        1.23878187E-02   3.88518651E-03
   5715.4132201099537        2.03415398E-02   4.17691795E-03
   5716.9929465976793        2.78964881E-02   4.37282305E-03
   5718.5727401338872        1.93631239E-02   4.13117837E-03
   5720.1526005794840        1.49674900E-02   4.09929780E-03
   5721.7325277953723        2.04697624E-02   4.28244099E-03
   5723.3125216424560        1.27480235E-02   4.04946972E-03
   5724.8925819816441        1.88074186E-02   4.21275664E-03
   5726.4727086738376        2.35736426E-02   4.30849008E-03
   5728.0529015799420        1.56286322E-02   4.13506199E-03
   5729.6331605608648        1.98230874E-02   4.22338443E-03
   5731.2134854775068        1.78611893E-02   4.14882321E-03
   5732.7938761907753        1.97446812E-02   4.19801939E-03
   5734.3743325615733        1.63399298E-02   4.14440315E-03
   5735.9548544508079        1.93033107E-02   4.18649241E-03
   5737.5354417193821        3.02813947E-02   4.49507590E-03
   5739.1160942282013        1.58973280E-02   4.15854761E-03
   5740.6968118381710        2.35185958E-02   4.30312473E-03
   5742.2775944101941        1.28903203E-02   4.08906071E-03
   5743.8584418051778        2.82234419E-02   4.40323027E-03
   5745.4393538840250        1.80339832E-02   4.18925751E-03
   5747.0203305076411        1.36324549E-02   4.14864952E-03
   5748.6013715369299        2.18900852E-02   4.26181871E-03
   5750.1824768327988        1.66528430E-02   4.10587760E-03
   5751.7636462561495        1.94951817E-02   4.14080964E-03
   5753.3448796678895        2.28914768E-02   4.23796801E-03
   5754.9261769289224        1.34708462E-02   4.03752225E-03
   5756.5075379001537        1.08704409E-02   4.00253572E-03
   5758.0889624424854        1.91445984E-02   4.21876181E-03
   5759.6704504168256        1.75489783E-02   4.20759525E-03
   5761.2520016840772        1.61613915E-02   4.13189642E-03
   5762.8336161051457        8.69062636E-03   3.91717814E-03
   5764.4152935409356        1.53002786E-02   4.12154663E-03
   5765.9970338523535        9.19461157E-03   3.98727646E-03
   5767.5788369003012        2.62466129E-02   4.41623945E-03
   5769.1607025456851        1.84634663E-02   4.22657002E-03
   5770.7426306494099        2.08594315E-02   4.27573267E-03
   5772.3246210723801        2.30240915E-02   4.33490612E-03
   5773.9066736755012        1.94226913E-02   4.16741380E-03
   5775.4887883196770        2.10471880E-02   4.34549060E-03
   5777.0709648658121        1.36533957E-02   4.14432213E-03
   5778.6532031748120        1.86893791E-02   4.18048445E-03
   5780.2355031075831        1.88880526E-02   4.19553742E-03
   5781.8178645250264        1.64498910E-02   4.09783516E-03
   5783.4002872880501        1.80205852E-02   4.17565415E-03
   5784.9827712575570        2.45261062E-02   4.30115731E-03
   5786.5653162944536        1.88474990E-02   4.19909600E-03
   5788.1479222596427        1.50503805E-02   4.16179560E-03
   5789.7305890140296        1.81940924E-02   4.22521727E-03
   5791.3133164185210        1.60155110E-02   4.16207593E-03
   5792.8961043340187        2.29654238E-02   4.33018338E-03
   5794.4789526214299        1.44582940E-02   4.11688909E-03
   5796.0618611416585        1.84984468E-02   4.25341306E-03
   5797.6448297556099        1.62989683E-02   4.18908847E-03
   5799.2278583241878        1.39802890E-02   4.15056897E-03
   5800.8109467082968        2.21707784E-02   4.34674742E-03
   5802.3940947688434        2.28899941E-02   4.36879927E-03
   5803.9773023667303        1.45076597E-02   4.16531926E-03
   5805.5605693628631        2.03470625E-02   4.28702263E-03
   5807.1438956181482        9.31210164E-03   4.01481753E-03
   5808.7272809934884        1.44614140E-02   4.15411964E-03
   5810.3107253497892        1.47960959E-02   4.14782297E-03
   5811.8942285479561        1.19336341E-02   4.13986389E-03
   5813.4777904488919        2.39243247E-02   4.38988721E-03
   5815.0614109135031        2.05480419E-02   4.28958144E-03
   5816.6450898026933        1.46793770E-02   4.17474657E-03
   5818.2288269773690        1.63053013E-02   4.25724732E-03
   5819.8126222984329        2.69906353E-02   4.48188651E-03
   5821.3964756267915        2.68589966E-02   4.54476057E-03
   5822.9803868233494        1.73739456E-02   4.25607478E-03
   5824.5643557490102        1.90746337E-02   4.30503534E-03
   5826.1483822646796        1.75238345E-02   4.27556690E-03
   5827.7324662312612        1.66390911E-02   4.23107296E-03
   5829.3166075096633        8.40346981E-03   4.09506261E-03
   5830.9008059607859        2.12514848E-02   4.38786997E-03
   5832.4850614455372        1.39251659E-02   4.23611654E-03
   5834.0693738248210        1.96751617E-02   4.29645879E-03
   5835.6537429595410        1.56192919E-02   4.24798625E-03
   5837.2381687106035        1.86014958E-02   4.34198743E-03
   5838.8226509389124        2.03965567E-02   4.37436160E-03
   5840.4071895053739        2.14192588E-02   4.34404565E-03
   5841.9917842708910        2.41432227E-02   4.48263343E-03
   5843.5764350963700        2.35201418E-02   4.52283351E-03
   5845.1611418427137        1.93719100E-02   4.37753089E-03
   5846.7459043708286        2.07773633E-02   4.35803225E-03
   5848.3307225416193        2.99112853E-02   4.57121478E-03
   5849.9155962159884        3.11916322E-02   4.60703764E-03
   5851.5005252548444        2.29178350E-02   4.37868154E-03
   5853.0855095190909        2.69653350E-02   4.50556166E-03
   5854.6705488696307        3.25312763E-02   4.63230209E-03
   5856.2556431673702        2.95118224E-02   4.57272120E-03
   5857.8407922732140        2.53385846E-02   4.42046113E-03
   5859.4259960480658        2.95086764E-02   4.52818302E-03
   5861.0112543528339        2.79679280E-02   4.55186423E-03
   5862.5965670484175        3.18678878E-02   4.63974336E-03
   5864.1819339957265        1.92062929E-02   4.35358891E-03
   5865.7673550556638        2.69413460E-02   4.60663345E-03
   5867.3528300891330        2.73974743E-02   4.61928081E-03
   5868.9383589570407        1.28758075E-02   4.28006798E-03
   5870.5239415202905        2.26864107E-02   4.46844986E-03
   5872.1095776397888        1.84478983E-02   4.36195219E-03
   5873.6952671764375        3.19955051E-02   4.69074445E-03
   5875.2810099911439        2.46314425E-02   4.49824240E-03
   5876.8668059448119        3.04001104E-02   4.62504989E-03
   5878.4526548983467        2.46147569E-02   4.55727475E-03
   5880.0385567126523        2.64582355E-02   4.54780692E-03
   5881.6245112486349        3.18371691E-02   4.69483295E-03
   5883.2105183671965        3.09459940E-02   4.60760994E-03
   5884.7965779292463        2.78477445E-02   4.57873847E-03
   5886.3826897956842        2.70671621E-02   4.71713999E-03
   5887.9688538274195        3.28312963E-02   5.16768498E-03
   5889.5550698853531        2.34185066E-02   5.12825558E-03
   5891.1413378303914        3.12483329E-02   5.19434456E-03
   5892.7276575234400        3.17782573E-02   5.01886802E-03
   5894.3140288254035        2.51323376E-02   4.79350751E-03
   5895.9004515971847        3.07518579E-02   5.00111375E-03
   5897.4869256996908        3.30787264E-02   5.01798606E-03
   5899.0734509938266        3.37993950E-02   4.87869326E-03
   5900.6600273404947        2.72102021E-02   4.57457034E-03
   5902.2466546006008        2.43227724E-02   4.53724572E-03
   5903.8333326350512        3.30490097E-02   4.75987513E-03
   5905.4200613047487        2.72769928E-02   4.65115299E-03
   5907.0068404705989        2.27360707E-02   4.49042767E-03
   5908.5936699935073        2.82708760E-02   4.62827040E-03
   5910.1805497343776        2.42038090E-02   4.54641553E-03
   5911.7674795541152        1.73011497E-02   4.40986501E-03
   5913.3544593136239        1.63336154E-02   4.41948790E-03
   5914.9414888738111        2.06659157E-02   4.47197584E-03
   5916.5285680955776        1.24523249E-02   4.30550473E-03
   5918.1156968398318        1.50517924E-02   4.41955961E-03
   5919.7028749674764        2.01205090E-02   4.46554366E-03
   5921.2901023394170        1.98177081E-02   4.49534040E-03
   5922.8773788165581        2.03308705E-02   4.45537083E-03
   5924.4647042598035        1.23913726E-02   4.29204712E-03
   5926.0520785300605        2.15241034E-02   4.50799149E-03
   5927.6395014882319        1.73755307E-02   4.43434948E-03
   5929.2269729952241        1.87324937E-02   4.40618861E-03
   5930.8144929119399        1.69534534E-02   4.39017266E-03
   5932.4020610992848        2.10770238E-02   4.50647715E-03
   5933.9896774181643        2.20426135E-02   4.57920413E-03
   5935.5773417294831        2.36528907E-02   4.57273470E-03
   5937.1650538941458        1.15914783E-02   4.27740533E-03
   5938.7528137730560        2.98143774E-02   4.68884874E-03
   5940.3406212271202        2.29244791E-02   4.60471027E-03
   5941.9284761172421        1.92250069E-02   4.41238331E-03
   5943.5163783043263        2.69491207E-02   4.61546704E-03
   5945.1043276492792        1.41064851E-02   4.33932804E-03
   5946.6923240130036        2.60902438E-02   4.57964698E-03
   5948.2803672564060        1.63367465E-02   4.40345472E-03
   5949.8684572403909        1.09755266E-02   4.23534680E-03
   5951.4565938258629        8.47652741E-03   4.19832906E-03
   5953.0447768737249        1.79099534E-02   4.36723558E-03
   5954.6330062448842        2.34416258E-02   4.60415240E-03
   5956.2212818002436        1.90624595E-02   4.47208341E-03
   5957.8096034007112        2.63069104E-02   4.61910106E-03
   5959.3979709071882        1.91253480E-02   4.49829083E-03
   5960.9863841805818        1.82149149E-02   4.44022147E-03
   5962.5748430817939        2.22325046E-02   4.52054385E-03
   5964.1633474717328        1.91216413E-02   4.43254178E-03
   5965.7518972113012        1.59543958E-02   4.42625396E-03
   5967.3404921614037        2.20269933E-02   4.57279244E-03
   5968.9291321829469        1.60213728E-02   4.39249352E-03
   5970.5178171368325        2.37401966E-02   4.58307005E-03
   5972.1065468839679        1.06018223E-02   4.32839850E-03
   5973.6953212852586        1.50404936E-02   4.43584332E-03
   5975.2841402016065        2.43803840E-02   4.57367348E-03
   5976.8730034939190        2.44286079E-02   4.64211823E-03
   5978.4619110230988        1.76550038E-02   4.41831583E-03
   5980.0508626500523        1.61905326E-02   4.43343678E-03
   5981.6398582356833        1.65985338E-02   4.42950707E-03
   5983.2288976408963        1.85387097E-02   4.45869239E-03
   5984.8179807265979        1.69515982E-02   4.39023739E-03
   5986.4071073536916        1.59194544E-02   4.35647089E-03
   5987.9962773830821        2.12100297E-02   4.51451587E-03
   5989.5854906756740        1.53746754E-02   4.34469152E-03
   5991.1747470923729        2.42635123E-02   4.72730771E-03
   5992.7640464940823        1.63065381E-02   4.45664953E-03
   5994.3533887417088        2.01560911E-02   4.55903122E-03
   5995.9427736961561        1.79285128E-02   4.48121224E-03
   5997.5322012183287        2.01465022E-02   4.52572061E-03
   5999.1216711691322        1.38334893E-02   4.33563488E-03
   6000.7111834094712        1.57445017E-02   4.40177368E-03
   6002.3007378002503        1.49100386E-02   4.37477231E-03
   6003.8903342023750        1.32513149E-02   4.41524480E-03
   6005.4799724767481        1.76175665E-02   4.43333061E-03
   6007.0696524842751        1.83971506E-02   4.42150095E-03
   6008.6593740858634        2.38731056E-02   4.60112002E-03
   6010.2491371424148        1.69653371E-02   4.42719879E-03
   6011.8389415148349        1.40603948E-02   4.35867719E-03
   6013.4287870640283        2.06448436E-02   4.47911303E-03
   6015.0186736509004        1.27237830E-02   4.35795961E-03
   6016.6086011363559        1.35731800E-02   4.33005951E-03
   6018.1985693813003        2.00476162E-02   4.47220681E-03
   6019.7885782466356        1.96576174E-02   4.45558783E-03
   6021.3786275932698        2.99585070E-02   4.67879092E-03
   6022.9687172821059        8.83004721E-03   4.21091635E-03
   6024.5588471740493        2.53724754E-02   4.58304817E-03
   6026.1490171300056        2.62711886E-02   4.64848010E-03
   6027.7392270108758        1.39047820E-02   4.31987504E-03
   6029.3294766775698        1.80331189E-02   4.45727957E-03
   6030.9197659909896        1.94936078E-02   4.49956907E-03
   6032.5100948120407        1.78162102E-02   4.44763014E-03
   6034.1004630016287        1.72977895E-02   4.48342226E-03
   6035.6908704206562        2.07303129E-02   4.60131839E-03
   6037.2813169300289        1.47213629E-02   4.42021200E-03
   6038.8718023906531        1.54920919E-02   4.43176320E-03
   6040.4623266634326        1.87300816E-02   4.48021106E-03
   6042.0528896092701        1.79360267E-02   4.51380294E-03
   6043.6434910890730        1.75466482E-02   4.44668392E-03
   6045.2341309637459        1.79866515E-02   4.53001494E-03
   6046.8248090941925        2.24901792E-02   4.55555972E-03
   6048.4155253413192        1.39537230E-02   4.35738359E-03
   6050.0062795660288        1.41247241E-02   4.47303103E-03
   6051.5970716292268        1.55260740E-02   4.40161722E-03
   6053.1879013918178        1.14016505E-02   4.27024253E-03
   6054.7787687147065        2.34065000E-02   4.60910751E-03
   6056.3696734588002        1.36760231E-02   4.34595998E-03
   6057.9606154850017        1.83670614E-02   4.50474722E-03
   6059.5515946542137        1.70001872E-02   4.55615949E-03
   6061.1426108273436        1.69636980E-02   4.50114952E-03
   6062.7336638652978        1.42608192E-02   4.39820299E-03
   6064.3247536289755        2.24122070E-02   4.59648669E-03
   6065.9158799792876        1.45604191E-02   4.39605583E-03
   6067.5070427771352        1.91603471E-02   4.49261069E-03
   6069.0982418834237        2.06666589E-02   4.57235239E-03
   6070.6894771590587        1.32701593E-02   4.37466102E-03
   6072.2807484649456        2.05094740E-02   4.54460597E-03
   6073.8720556619855        1.44197894E-02   4.40680655E-03
   6075.4633986110885        1.79552659E-02   4.50758589E-03
   6077.0547771731553        2.25040223E-02   4.62293765E-03
   6078.6461912090926        1.52643872E-02   4.37784055E-03
   6080.2376405798050        1.72518063E-02   4.46331128E-03
   6081.8291251461969        1.48474313E-02   4.41739988E-03
   6083.4206447691722        2.20925994E-02   4.56775585E-03
   6085.0121993096373        2.08728164E-02   4.55912296E-03
   6086.6037886284976        1.70519818E-02   4.45155660E-03
   6088.1954125866559        1.52760018E-02   4.42910101E-03
   6089.7870710450179        2.67560743E-02   4.67790337E-03
   6091.3787638644872        1.70267075E-02   4.43078298E-03
   6092.9704909059710        2.32539475E-02   4.68918262E-03
   6094.5622520303714        1.51219852E-02   4.42714896E-03
   6096.1540470985956        2.58595087E-02   4.71020117E-03
   6097.7458759715464        1.08819278E-02   4.33972292E-03
   6099.3377385101303        1.77813731E-02   4.48927516E-03
   6100.9296345752509        1.89720113E-02   4.50271834E-03
   6102.5215640278138        1.92472804E-02   4.42351820E-03
   6104.1135267287218        2.19126474E-02   4.55471594E-03
   6105.7055225388831        1.88839156E-02   4.49268008E-03
   6107.2975513191996        1.56274475E-02   4.40387381E-03
   6108.8896129305786        2.08934844E-02   4.56803106E-03
   6110.4817072339210        1.98402870E-02   4.57054237E-03
   6112.0738340901353        1.28223347E-02   4.36334452E-03
   6113.6659933601259        1.84521805E-02   4.53796145E-03
   6115.2581849047965        1.24954879E-02   4.36998485E-03
   6116.8504085850509        2.02354249E-02   4.58018249E-03
   6118.4426642617955        1.81821547E-02   4.55874670E-03
   6120.0349517959357        2.61335764E-02   4.65698168E-03
   6121.6272710483736        1.24044260E-02   4.32581408E-03
   6123.2196218800163        1.93146300E-02   4.50211018E-03
   6124.8120041517695        1.94651932E-02   4.50996077E-03
   6126.4044177245351        1.47700682E-02   4.53094626E-03
   6127.9968624592184        1.79649312E-02   4.52882051E-03
   6129.5893382167260        1.43269179E-02   4.39802557E-03
   6131.1818448579616        2.41621360E-02   4.67112940E-03
   6132.7743822438297        1.88386980E-02   4.53930208E-03
   6134.3669502352359        2.00349893E-02   4.55694180E-03
   6135.9595486930848        2.80796885E-02   4.68025915E-03
   6137.5521774782801        2.33928524E-02   4.60897526E-03
   6139.1448364517282        1.71012897E-02   4.43650829E-03
   6140.7375254743329        1.55989714E-02   4.53189807E-03
   6142.3302444070005        1.40220411E-02   4.48135100E-03
   6143.9229931106320        1.38842417E-02   4.41683456E-03
   6145.5157714461357        1.71387400E-02   4.49932786E-03
   6147.1085792744161        1.53924143E-02   4.45393519E-03
   6148.7014164563770        1.34075722E-02   4.41361172E-03
   6150.2942828529231        1.54693481E-02   4.44958825E-03
   6151.8871783249597        2.14248020E-02   4.62423358E-03
   6153.4801027333915        1.79209542E-02   4.50680172E-03
   6155.0730559391232        2.16223821E-02   4.61238669E-03
   6156.6660378030592        1.80876013E-02   4.63959109E-03
   6158.2590481861052        2.28234716E-02   4.68757562E-03
   6159.8520869491658        1.35944076E-02   4.40272177E-03
   6161.4451539531456        2.28449311E-02   4.54446254E-03
   6163.0382490589491        2.22162567E-02   4.50418936E-03
   6164.6313721274819        1.78158469E-02   4.46425518E-03
   6166.2245230196468        1.82647090E-02   4.53311903E-03
   6167.8177015963502        2.06142012E-02   4.62377071E-03
   6169.4109077184985        1.52705833E-02   4.40678047E-03
   6171.0041412469927        1.11814374E-02   4.32781829E-03
   6172.5974020427402        2.25475058E-02   4.65405313E-03
   6174.1906899666446        1.66730769E-02   4.52691130E-03
   6175.7840048796124        1.91884153E-02   4.59157303E-03
   6177.3773466425464        2.15290729E-02   4.64726472E-03
   6178.9707151163520        1.72019321E-02   4.52273665E-03
   6180.5641101619340        2.06163917E-02   4.66252072E-03
   6182.1575316401977        2.06699800E-02   4.63963347E-03
   6183.7509794120479        1.15434770E-02   4.40537836E-03
   6185.3444533383899        1.06541328E-02   4.33905283E-03
   6186.9379532801258        1.58182196E-02   4.54740319E-03
   6188.5314790981629        2.61643026E-02   4.73680580E-03
   6190.1250306534057        1.51952896E-02   4.45984351E-03
   6191.7186078067580        1.44766541E-02   4.47326945E-03
   6193.3122104191261        1.87745187E-02   4.53701196E-03
   6194.9058383514139        1.34910615E-02   4.47749253E-03
   6196.4994914645249        1.88711528E-02   4.58870875E-03
   6198.0931696193666        1.91048663E-02   4.61863494E-03
   6199.6868726768416        2.12051179E-02   4.69100382E-03
   6201.2806004978565        1.67646836E-02   4.56476677E-03
   6202.8743529433132        1.74978562E-02   4.54272004E-03
   6204.4681298741198        1.40755065E-02   4.52270964E-03
   6206.0619311511791        2.34460831E-02   4.69927257E-03
   6207.6557566353958        1.75101981E-02   4.56297025E-03
   6209.2496061876764        2.14517210E-02   4.70669800E-03
   6210.8434796689244        1.59996152E-02   4.57099313E-03
   6212.4373769400445        6.72934623E-03   4.22588596E-03
   6214.0312978619413        1.86552145E-02   4.57769865E-03
   6215.6252422955222        1.56300906E-02   4.49429546E-03
   6217.2192101016872        1.28177209E-02   4.42274520E-03
   6218.8132011413454        2.42572073E-02   4.71386546E-03
   6220.4072152753988        1.95638761E-02   4.67958441E-03
   6222.0012523647538        2.26939060E-02   4.77537746E-03
   6223.5953122703149        1.30307144E-02   4.53801826E-03
   6225.1893948529869        8.84218048E-03   4.36704187E-03
   6226.7834999736742        9.00165830E-03   4.38068016E-03
   6228.3776274932816        2.27872021E-02   4.68388246E-03
   6229.9717772727136        2.23799851E-02   4.66641178E-03
   6231.5659491728766        2.22310554E-02   4.71329642E-03
   6233.1601430546734        1.97287481E-02   4.73606726E-03
   6234.7543587790105        1.78059358E-02   4.76732152E-03
   6236.3485962067916        1.99285001E-02   4.85835737E-03
   6237.9428551989213        1.91438179E-02   4.77301329E-03
   6239.5371356163041        2.47678664E-02   4.85455524E-03
   6241.1314373198475        1.18541457E-02   4.52358881E-03
   6242.7257601704523        2.09439881E-02   4.75905556E-03
   6244.3201040290269        2.68847160E-02   4.87296516E-03
   6245.9144687564740        1.41574088E-02   4.49906103E-03
   6247.5088542136982        2.03272309E-02   4.67719231E-03
   6249.1032602616051        1.30467806E-02   4.53786505E-03
   6250.6976867611002        2.61533428E-02   4.80508339E-03
   6252.2921335730871        1.24917096E-02   4.47528670E-03
   6253.8866005584705        1.99646261E-02   4.65416489E-03
   6255.4810875781559        1.99114699E-02   4.80517279E-03
   6257.0755944930479        2.03079600E-02   4.78452584E-03
   6258.6701211640511        1.60684008E-02   4.77144448E-03
   6260.2646674520693        1.70489009E-02   4.76716366E-03
   6261.8592332180106        1.69071704E-02   4.67109354E-03
   6263.4538183227760        2.02849489E-02   4.76379506E-03
   6265.0484226272720        1.72237363E-02   4.69608232E-03
   6266.6430459924040        1.96533613E-02   4.76221833E-03
   6268.2376882790759        1.57568045E-02   4.58402187E-03
   6269.8323493481912        2.27973498E-02   4.83974069E-03
   6271.4270290606573        2.66970899E-02   4.95981053E-03
   6273.0217272773789        7.90989678E-03   4.40090289E-03
   6274.6164438592577        1.26430737E-02   4.58264723E-03
   6276.2111786672012        1.62528027E-02   4.63557336E-03
   6277.8059315621131        2.28885598E-02   4.75458195E-03
   6279.4007024048997        1.20932776E-02   4.45938809E-03
   6280.9954910564629        1.32911149E-02   4.47291462E-03
   6282.5902973777111        8.77278578E-03   4.43384377E-03
   6284.1851212295469        2.15178970E-02   4.89520887E-03
   6285.7799624728750        1.86526589E-02   4.84568486E-03
   6287.3748209686000        1.35530056E-02   4.70384490E-03
   6288.9696965776275        1.72640253E-02   4.83832462E-03
   6290.5645891608629        1.17756436E-02   4.56958683E-03
