   3855.2257817432833        1.62695441E-02   5.99812670E-03
   3856.6158237497380        2.30399668E-02   6.00574538E-03
   3858.0061050044351        2.59013884E-02   6.02422981E-03
   3859.3966253682802        1.67698972E-02   5.46437223E-03
   3860.7873847021770        1.59229506E-02   5.61802788E-03
   3862.1783828670314        2.01585274E-02   6.04825513E-03
   3863.5696197237471        2.92175654E-02   6.47169864E-03
   3864.9610951332302        2.12533567E-02   6.10478828E-03
   3866.3528089563843        2.32351255E-02   6.04964886E-03
   3867.7447610541153        1.32647557E-02   5.84304938E-03
   3869.1369512873275        2.96754334E-02   6.05922472E-03
   3870.5293795169255        1.81765370E-02   5.51649695E-03
   3871.9220456038147        2.34784726E-02   5.63690858E-03
   3873.3149494089002        2.71816049E-02   5.84382750E-03
   3874.7080907930863        2.84120962E-02   6.25514938E-03
   3876.1014696172779        2.83279661E-02   6.08128076E-03
   3877.4950857423801        1.40050463E-02   5.62539790E-03
   3878.8889390292975        1.76542234E-02   5.57719776E-03
   3880.2830293389347        3.19117643E-02   5.77058084E-03
   3881.6773565321973        3.50818336E-02   5.95619809E-03
   3883.0719204699899        2.34601274E-02   5.56594413E-03
   3884.4667210132170        3.61782871E-02   5.89587307E-03
   3885.8617580227838        3.42788398E-02   5.91895869E-03
   3887.2570313595947        2.66127642E-02   5.58408070E-03
   3888.6525408845555        1.53898625E-02   5.07209683E-03
   3890.0482864585697        3.65239270E-02   5.82616637E-03
   3891.4442679425433        2.26199366E-02   5.57048526E-03
   3892.8404851973805        2.31688581E-02   5.75476792E-03
   3894.2369380839868        2.43363399E-02   5.73920552E-03
   3895.6336264632669        1.99356880E-02   5.53953182E-03
   3897.0305501961248        2.23755147E-02   5.56039857E-03
   3898.4277091434660        3.53987664E-02   6.08391734E-03
   3899.8251031661957        3.01072486E-02   5.88105572E-03
   3901.2227321252180        1.92886889E-02   5.41706430E-03
   3902.6205958814385        2.11980511E-02   5.51844062E-03
   3904.0186942957612        2.56009307E-02   5.52588608E-03
   3905.4170272290917        2.95442324E-02   5.56409080E-03
   3906.8155945423350        1.83296818E-02   5.45725739E-03
   3908.2143960963949        2.75575947E-02   5.69708133E-03
   3909.6134317521773        2.39886418E-02   5.65465214E-03
   3911.0127013705860        2.25318633E-02   5.75032830E-03
   3912.4122048125273        1.72179565E-02   5.63099002E-03
   3913.8119419389050        2.25829408E-02   5.67987887E-03
   3915.2119126106245        3.03593948E-02   5.77961048E-03
   3916.6121166885896        2.30040923E-02   5.60530834E-03
   3918.0125540337062        1.61604043E-02   5.24376100E-03
   3919.4132245068790        2.06824150E-02   5.36174700E-03
   3920.8141279690130        1.97975468E-02   5.15123643E-03
   3922.2152642810129        2.95283422E-02   5.32141700E-03
   3923.6166333037827        2.37331931E-02   5.05912025E-03
   3925.0182348982285        2.96193194E-02   5.28099108E-03
   3926.4200689252543        2.60228533E-02   5.02957124E-03
   3927.8221352457658        2.25998256E-02   4.75204736E-03
   3929.2244337206671        2.81877853E-02   4.64602467E-03
   3930.6269642108632        2.32800059E-02   4.18895204E-03
   3932.0297265772592        2.34988201E-02   4.01570322E-03
   3933.4327206807598        2.54216157E-02   4.07956680E-03
   3934.8359463822699        2.31800172E-02   3.92895564E-03
   3936.2394035426942        2.28374433E-02   4.03147889E-03
   3937.6430920229377        1.94439497E-02   4.14967677E-03
   3939.0470116839051        2.23618727E-02   4.51883115E-03
   3940.4511623865019        2.47410350E-02   4.76662163E-03
   3941.8555439916317        2.66472399E-02   4.89048986E-03
   3943.2601563602007        2.68600695E-02   4.92522353E-03
   3944.6649993531132        2.97767110E-02   5.10710198E-03
   3946.0700728312731        2.34318208E-02   4.92015341E-03
   3947.4753766555868        2.40177214E-02   5.03050955E-03
   3948.8809106869589        2.46563964E-02   5.16332872E-03
   3950.2866747862936        2.29083095E-02   5.12974942E-03
   3951.6926688144963        2.09873114E-02   5.06398361E-03
   3953.0988926324708        1.90813560E-02   5.05716773E-03
   3954.5053461011230        2.76096035E-02   5.29326405E-03
   3955.9120290813576        3.68431769E-02   5.45491511E-03
   3957.3189414340795        2.93067582E-02   5.29057672E-03
   3958.7260830201931        2.28901897E-02   5.11372695E-03
   3960.1334537006037        2.30018105E-02   4.96651791E-03
   3961.5410533362160        2.04817001E-02   4.67242347E-03
   3962.9488817879351        2.49070693E-02   4.55445610E-03
   3964.3569389166651        3.44099700E-02   4.68429737E-03
   3965.7652245833115        2.74380576E-02   4.35738778E-03
   3967.1737386487794        2.26967484E-02   3.96052748E-03
   3968.5824809739725        2.45422740E-02   3.90743883E-03
   3969.9914514197967        2.28427686E-02   3.86448903E-03
   3971.4006498471572        3.11730448E-02   4.31682402E-03
   3972.8100761169576        2.51375493E-02   4.28442145E-03
   3974.2197300901039        2.09620707E-02   4.42562858E-03
   3975.6296116275003        2.31837332E-02   4.70692944E-03
   3977.0397205900513        2.83384714E-02   4.97426093E-03
   3978.4500568386625        2.38210652E-02   5.05610090E-03
   3979.8606202342385        1.44660641E-02   4.88088420E-03
   3981.2714106376843        1.58924628E-02   4.95864917E-03
   3982.6824279099042        1.44539755E-02   4.89609502E-03
   3984.0936719118040        2.18360778E-02   4.98005562E-03
   3985.5051425042880        1.94436610E-02   4.91520716E-03
   3986.9168395482607        2.63652168E-02   5.19124418E-03
   3988.3287629046276        2.12236326E-02   5.06003620E-03
   3989.7409124342930        2.08509378E-02   5.09633590E-03
   3991.1532879981623        2.38159522E-02   5.21110697E-03
   3992.5658894571402        1.50530115E-02   4.91715036E-03
   3993.9787166721312        1.15768248E-02   4.96209925E-03
   3995.3917695040404        2.09500566E-02   5.13109891E-03
   3996.8050478137725        1.66814588E-02   4.98225121E-03
   3998.2185514622329        1.71687379E-02   4.98687988E-03
   3999.6322803103258        2.89151091E-02   5.23262750E-03
   4001.0462342189567        2.76260488E-02   5.32776304E-03
   4002.4604130490293        1.82612985E-02   5.13498951E-03
   4003.8748166614496        1.70508474E-02   4.97255241E-03
   4005.2894449171222        1.68474261E-02   4.85166581E-03
   4006.7042976769517        2.53779721E-02   5.08407084E-03
   4008.1193748018432        1.96248759E-02   5.01265656E-03
   4009.5346761527012        2.24611536E-02   5.20761358E-03
   4010.9502015904313        2.47653630E-02   5.24767442E-03
   4012.3659509759373        2.32853331E-02   5.23856748E-03
   4013.7819241701245        2.91082971E-02   5.37570240E-03
   4015.1981210338986        3.25375423E-02   5.43577410E-03
   4016.6145414281632        1.96554717E-02   5.17698191E-03
   4018.0311852138238        1.66463237E-02   5.12457266E-03
   4019.4480522517847        2.56195273E-02   5.29715652E-03
   4020.8651424029517        1.69495717E-02   4.99219028E-03
   4022.2824555282291        1.88900344E-02   5.21015050E-03
   4023.6999914885214        2.26387121E-02   5.17951045E-03
   4025.1177501447337        1.08212335E-02   4.90591675E-03
   4026.5357313577715        2.50607617E-02   5.30979130E-03
   4027.9539349885390        2.83525400E-02   5.31402277E-03
   4029.3723608979412        1.80746075E-02   5.00578014E-03
   4030.7910089468828        1.16688944E-02   4.76435758E-03
   4032.2098789962688        2.42559221E-02   4.89204749E-03
   4033.6289709070047        2.91059799E-02   4.99040168E-03
   4035.0482845399938        1.91096701E-02   4.81840689E-03
   4036.4678197561420        2.62826160E-02   5.15339244E-03
   4037.8875764163545        1.33804493E-02   5.00623183E-03
   4039.3075543815353        2.66369879E-02   5.30128134E-03
   4040.7277535125895        2.29555722E-02   5.23730041E-03
   4042.1481736704227        1.54841850E-02   4.94191516E-03
   4043.5688147159385        1.44437579E-02   4.80248127E-03
   4044.9896765100425        1.92530453E-02   4.74631786E-03
   4046.4107589136397        1.84745826E-02   4.64251777E-03
   4047.8320617876348        2.19511855E-02   4.77310549E-03
   4049.2535849929322        2.27817297E-02   5.07229846E-03
   4050.6753283904372        1.45072918E-02   4.92412690E-03
   4052.0972918410548        2.66417898E-02   5.21037821E-03
   4053.5194752056891        2.44878177E-02   5.05874353E-03
   4054.9418783452461        2.63189692E-02   5.04738651E-03
   4056.3645011206295        2.22952981E-02   4.89244144E-03
   4057.7873433927448        2.26392187E-02   4.88768145E-03
   4059.2104050224966        2.03638040E-02   4.86770272E-03
   4060.6336858707900        1.08886044E-02   4.66591213E-03
   4062.0571857985301        2.58699637E-02   4.98899864E-03
   4063.4809046666210        1.35624474E-02   4.62273369E-03
   4064.9048423359682        1.92359518E-02   4.64863051E-03
   4066.3289986674758        1.36625795E-02   4.60394099E-03
   4067.7533735220500        2.47333571E-02   5.04827360E-03
   4069.1779667605938        1.98288169E-02   4.82447725E-03
   4070.6027782440137        9.31150373E-03   4.58206981E-03
   4072.0278078332140        2.01881416E-02   4.79285931E-03
   4073.4530553890991        1.39551302E-02   4.63589141E-03
   4074.8785207725741        2.39021778E-02   4.90176445E-03
   4076.3042038445442        1.18090762E-02   4.59222496E-03
   4077.7301044659143        1.53108295E-02   4.60558385E-03
   4079.1562224975887        1.97826382E-02   4.68509132E-03
   4080.5825578004724        3.34311165E-02   5.15481457E-03
   4082.0091102354709        3.05737797E-02   5.11650555E-03
   4083.4358796634883        2.45828312E-02   5.03896875E-03
   4084.8628659454293        2.16563959E-02   4.84230882E-03
   4086.2900689421999        2.13361997E-02   4.85988613E-03
   4087.7174885147037        1.26265557E-02   4.76694386E-03
   4089.1451245238463        1.93279926E-02   4.94232262E-03
   4090.5729768305318        3.54022011E-02   5.27575053E-03
   4092.0010452956658        2.41022930E-02   4.98321978E-03
   4093.4293297801532        2.62848213E-02   5.03519457E-03
   4094.8578301448988        2.92996671E-02   5.00998227E-03
   4096.2865462508071        1.80826597E-02   4.72308090E-03
   4097.7154779587827        2.47869119E-02   4.74868109E-03
   4099.1446251297311        2.35335696E-02   4.61679231E-03
   4100.5739876245561        2.38866135E-02   4.49722912E-03
   4102.0035653041641        1.49127087E-02   4.23021289E-03
   4103.4333580294597        3.59205939E-02   4.68240399E-03
   4104.8633656613465        1.40726203E-02   4.41642199E-03
   4106.2935880607301        2.26563737E-02   4.77049733E-03
   4107.7240250885152        2.41033360E-02   4.81073791E-03
   4109.1546766056081        1.60955358E-02   4.66544740E-03
   4110.5855424729116        1.86027531E-02   4.64582769E-03
   4112.0166225513312        1.67506244E-02   4.64186165E-03
   4113.4479167017716        2.49560904E-02   4.90849745E-03
   4114.8794247851383        1.91461705E-02   4.82730102E-03
   4116.3111466623350        2.24245843E-02   4.90754843E-03
   4117.7430821942689        1.65157747E-02   4.74465080E-03
   4119.1752312418421        1.82196870E-02   4.72004898E-03
   4120.6075936659618        2.06269864E-02   4.73227724E-03
   4122.0401693275307        1.85345802E-02   4.68988717E-03
   4123.4729580874546        1.78960394E-02   4.73110331E-03
   4124.9059598066387        2.14475002E-02   4.77326661E-03
   4126.3391743459879        1.06710223E-02   4.60229488E-03
   4127.7726015664057        1.87116358E-02   4.65744222E-03
   4129.2062413287986        2.62883585E-02   4.85053007E-03
   4130.6400934940712        2.78385747E-02   4.85731056E-03
   4132.0741579231280        1.87998265E-02   4.58392175E-03
   4133.5084344768738        2.09023040E-02   4.57074400E-03
   4134.9429230162123        2.50146184E-02   4.70502349E-03
   4136.3776234020515        2.01366656E-02   4.65938356E-03
   4137.8125354952927        1.23350061E-02   4.62988997E-03
   4139.2476591568429        1.63135324E-02   4.72743390E-03
   4140.6829942476061        3.00017241E-02   4.98114852E-03
   4142.1185406284885        1.15904445E-02   4.45315056E-03
   4143.5542981603930        1.85897406E-02   4.53650020E-03
   4144.9902667042252        2.52718851E-02   4.69484087E-03
   4146.4264461208904        1.60817243E-02   4.50530881E-03
   4147.8628362712934        2.33422071E-02   4.77224635E-03
   4149.2994370163387        1.71726290E-02   4.58740769E-03
   4150.7362482169310        1.99123826E-02   4.68657585E-03
   4152.1732697339758        1.92671362E-02   4.61001834E-03
   4153.6105014283785        2.01491434E-02   4.56814235E-03
   4155.0479431610420        2.20353696E-02   4.60816501E-03
   4156.4855947928718        1.94986109E-02   4.50820802E-03
   4157.9234561847743        1.48511240E-02   4.48192190E-03
   4159.3615271976523        1.72428805E-02   4.57068533E-03
   4160.7998076924123        1.95869096E-02   4.64698253E-03
   4162.2382975299570        1.73399914E-02   4.65597631E-03
   4163.6769965711937        2.01148074E-02   4.67591034E-03
   4165.1159046770272        2.38452349E-02   4.76833526E-03
   4166.5550217083592        1.91570297E-02   4.64006606E-03
   4167.9943475260989        2.49780826E-02   4.80405102E-03
   4169.4338819911472        1.49475792E-02   4.54262365E-03
   4170.8736249644116        2.71552913E-02   4.78678662E-03
   4172.3135763067958        2.01941933E-02   4.55793738E-03
   4173.7537358792051        2.36839838E-02   4.59364057E-03
   4175.1941035425452        1.38887009E-02   4.34959726E-03
   4176.6346791577180        2.73229890E-02   4.64102160E-03
   4178.0754625856316        2.33343355E-02   4.54959041E-03
   4179.5164536871898        2.47555524E-02   4.67686355E-03
   4180.9576523232963        1.15605816E-02   4.35551209E-03
   4182.3990583548575        2.29935087E-02   4.57921065E-03
   4183.8406716427771        1.49822561E-02   4.38365713E-03
   4185.2824920479616        1.99856125E-02   4.50666528E-03
   4186.7245194313136        1.73195284E-02   4.44968045E-03
   4188.1667536537398        1.72122382E-02   4.37794533E-03
   4189.6091945761436        1.73002444E-02   4.39513754E-03
   4191.0518420594317        2.59304270E-02   4.70926240E-03
   4192.4946959645067        2.41838135E-02   4.68609575E-03
   4193.9377561522751        7.87535217E-03   4.27519437E-03
   4195.3810224836416        1.62042342E-02   4.40400373E-03
   4196.8244948195106        2.18912251E-02   4.43208963E-03
   4198.2681730207860        2.31489111E-02   4.35990328E-03
   4199.7120569483750        2.22409237E-02   4.34406148E-03
   4201.1561464631804        1.82732195E-02   4.27954271E-03
   4202.6004414261079        1.71210431E-02   4.33067465E-03
   4204.0449416980637        1.69061068E-02   4.31285100E-03
   4205.4896471399497        1.87839307E-02   4.41936590E-03
   4206.9345576126725        2.15211008E-02   4.64893738E-03
   4208.3796729771375        1.61225367E-02   4.45324648E-03
   4209.8249930942475        2.97454763E-02   4.71149012E-03
   4211.2705178249089        1.69421285E-02   4.54634381E-03
   4212.7162470300273        2.12952439E-02   4.59057558E-03
   4214.1621805705063        1.98885370E-02   4.49089380E-03
   4215.6083183072515        2.33819224E-02   4.51159570E-03
   4217.0546601011656        1.35644628E-02   4.22821892E-03
   4218.5012058131570        2.10954547E-02   4.53966763E-03
   4219.9479553041274        2.21267175E-02   4.55446634E-03
   4221.3949084349833        2.09080297E-02   4.50233975E-03
   4222.8420650666294        2.71546897E-02   4.64235479E-03
   4224.2894250599702        1.78304370E-02   4.25837375E-03
   4225.7369882759112        1.63723342E-02   4.02567443E-03
   4227.1847545753553        2.15165652E-02   4.12725145E-03
   4228.6327238192098        2.41442714E-02   4.28268919E-03
   4230.0808958683783        2.48887986E-02   4.50250600E-03
   4231.5292705837664        1.99697837E-02   4.46862727E-03
   4232.9778478262788        2.30666809E-02   4.49726032E-03
   4234.4266274568190        2.46782918E-02   4.49806359E-03
   4235.8756093362936        2.52995361E-02   4.39083762E-03
   4237.3247933256062        2.07264740E-02   4.30463068E-03
   4238.7741792856623        1.31496144E-02   4.09607217E-03
   4240.2237670773666        2.40440369E-02   4.44059214E-03
   4241.6735565616236        2.57382244E-02   4.50077979E-03
   4243.1235475993399        2.10687406E-02   4.41279309E-03
   4244.5737400514181        1.70490071E-02   4.30508703E-03
   4246.0241337787638        2.03468129E-02   4.34528012E-03
   4247.4747286422826        2.12471727E-02   4.37082816E-03
   4248.9255245028780        1.79030821E-02   4.15188586E-03
   4250.3765212214566        2.74793357E-02   4.35080519E-03
   4251.8277186589212        2.09520105E-02   4.25811997E-03
   4253.2791166761781        2.05271952E-02   4.25268337E-03
   4254.7307151341320        2.75086239E-02   4.45620529E-03
   4256.1825138936874        2.80961208E-02   4.40687267E-03
   4257.6345128157500        1.03969080E-02   4.02359059E-03
   4259.0867117612224        2.07005851E-02   4.23671259E-03
   4260.5391105910121        2.16955375E-02   4.16687969E-03
   4261.9917091660227        2.08084807E-02   4.15989198E-03
   4263.4445073471588        2.02400852E-02   4.26149275E-03
   4264.8975049953260        1.81924291E-02   4.30475920E-03
   4266.3507019714289        2.50183027E-02   4.42217803E-03
   4267.8040981363729        2.84500532E-02   4.47221659E-03
   4269.2576933510609        2.00701319E-02   4.22620401E-03
   4270.7114874764002        2.32927520E-02   4.16264264E-03
   4272.1654803732936        1.87255088E-02   3.98313487E-03
   4273.6196719026466        2.02892218E-02   3.96591704E-03
   4275.0740619253656        2.99043432E-02   4.30555688E-03
   4276.5286503023535        2.53276080E-02   4.27011773E-03
   4277.9834368945158        2.22230349E-02   4.25270200E-03
   4279.4384215627579        1.67611446E-02   4.12485329E-03
   4280.8936041679835        1.88609324E-02   4.18938603E-03
   4282.3489845710983        2.02190876E-02   4.19962686E-03
   4283.8045626330068        1.31229777E-02   3.99902370E-03
   4285.2603382146153        2.07436364E-02   4.20563482E-03
   4286.7163111768259        1.89547576E-02   4.07023029E-03
   4288.1724813805449        1.63377430E-02   3.96241294E-03
   4289.6288486866788        1.97056942E-02   4.00227634E-03
   4291.0854129561285        1.80742927E-02   3.98259237E-03
   4292.5421740498032        1.57859493E-02   3.99349071E-03
   4293.9991318286038        1.76486187E-02   4.05792007E-03
   4295.4562861534387        2.41652280E-02   4.17805370E-03
   4296.9136368852105        1.94622148E-02   3.96771170E-03
   4298.3711838848249        1.62292719E-02   3.73495836E-03
   4299.8289270131863        2.03358307E-02   3.78094427E-03
   4301.2868661312004        2.25508381E-02   3.72052542E-03
   4302.7450010997709        1.53675610E-02   3.61755490E-03
   4304.2033317798032        1.66849531E-02   3.65701644E-03
   4305.6618580322029        2.25427188E-02   3.77135281E-03
   4307.1205797178736        1.40727395E-02   3.54067236E-03
   4308.5794966977201        2.63277330E-02   3.75114591E-03
   4310.0386088326486        1.64262932E-02   3.55055509E-03
   4311.4979159835630        2.31051184E-02   3.76466243E-03
   4312.9574180113686        1.83212291E-02   3.79236997E-03
   4314.4171147769694        2.43448634E-02   4.12865123E-03
   4315.8770061412715        1.87429432E-02   4.18721652E-03
   4317.3370919651788        9.63215623E-03   4.04984923E-03
   4318.7973721095968        1.93792544E-02   4.39822022E-03
   4320.2578464354292        2.22025327E-02   4.39405208E-03
   4321.7185148035815        1.93656124E-02   4.24025487E-03
   4323.1793770749600        1.09186554E-02   3.84342438E-03
   4324.6404331104677        2.62581371E-02   4.08801297E-03
   4326.1016827710100        1.64541248E-02   3.76865780E-03
   4327.5631259174907        1.74205396E-02   3.97577463E-03
   4329.0247624108179        1.97173692E-02   4.12675412E-03
   4330.4865921118926        2.23196782E-02   4.29114420E-03
   4331.9486148816213        2.37017870E-02   4.31060046E-03
   4333.4108305809104        2.22783182E-02   4.31473460E-03
   4334.8732390706618        1.85690541E-02   4.14965861E-03
   4336.3358402117829        2.40897257E-02   4.27428680E-03
   4337.7986338651763        3.13714482E-02   4.21054335E-03
   4339.2616198917494        2.53852531E-02   3.89145920E-03
   4340.7247981524051        1.67801231E-02   3.68129369E-03
   4342.1881685080480        2.50745080E-02   3.90613265E-03
   4343.6517308195844        2.40640268E-02   4.04314091E-03
   4345.1154849479190        1.89740770E-02   4.07597190E-03
   4346.5794307539545        1.80198811E-02   4.05319361E-03
   4348.0435680985993        2.19465662E-02   4.20820620E-03
   4349.5078968427561        1.39933582E-02   4.01083939E-03
   4350.9724168473294        1.28242737E-02   3.92115070E-03
   4352.4371279732250        1.83703452E-02   3.96135449E-03
   4353.9020300813481        2.05038358E-02   4.02100431E-03
   4355.3671230326017        2.38440670E-02   4.16610623E-03
   4356.8324066878922        2.01248992E-02   4.12270147E-03
   4358.2978809081251        2.51701176E-02   4.22054715E-03
   4359.7635455542031        2.07620468E-02   4.17610584E-03
   4361.2294004870319        1.94754153E-02   4.15579043E-03
   4362.6954455675177        1.10148769E-02   3.98588600E-03
   4364.1616806565644        1.62362624E-02   4.14793193E-03
   4365.6281056150765        2.32139658E-02   4.24511218E-03
   4367.0947203039595        1.45476889E-02   4.01489111E-03
   4368.5615245841163        2.05110125E-02   4.13565850E-03
   4370.0285183164551        1.31797772E-02   3.95523896E-03
   4371.4957013618787        1.47776166E-02   3.95486830E-03
   4372.9630735812925        2.24054083E-02   4.08050604E-03
   4374.4306348356004        1.90759227E-02   3.98115255E-03
   4375.8983849857077        1.45071466E-02   3.86514794E-03
   4377.3663238925201        1.42821064E-02   3.91196460E-03
   4378.8344514169421        1.52587788E-02   3.99299292E-03
   4380.3027674198775        1.09609980E-02   3.88529734E-03
   4381.7712717622326        1.42198009E-02   3.79144656E-03
   4383.2399643049121        1.30084101E-02   3.57009773E-03
   4384.7088449088196        2.03381255E-02   3.76328081E-03
   4386.1779134348608        1.77055281E-02   3.74118937E-03
   4387.6471697439401        1.69995669E-02   3.81358410E-03
   4389.1166136969632        2.00587623E-02   3.96465836E-03
   4390.5862451548355        1.71424486E-02   3.86172999E-03
   4392.0560639784599        2.25959383E-02   4.06821398E-03
   4393.5260700287427        2.19467580E-02   4.05373704E-03
   4394.9962631665876        2.01458763E-02   3.96707188E-03
   4396.4666432529002        1.81517024E-02   4.00730828E-03
   4397.9372101485851        2.29889695E-02   4.15220065E-03
   4399.4079637145478        1.91293024E-02   4.03822120E-03
   4400.8789038116929        2.02883147E-02   4.02823463E-03
   4402.3500303009250        2.16625948E-02   4.00929851E-03
   4403.8213430431479        2.51842923E-02   4.03889082E-03
   4405.2928418992688        1.40933339E-02   3.75728752E-03
   4406.7645267301914        2.44742315E-02   3.97864543E-03
   4408.2363973968195        2.23429445E-02   4.04518005E-03
   4409.7084537600595        1.85801033E-02   4.01471043E-03
   4411.1806956808150        1.75989754E-02   4.07603616E-03
   4412.6531230199917        1.69717707E-02   4.10074089E-03
   4414.1257356384949        2.27299817E-02   4.17520199E-03
   4415.5985333972285        2.14567613E-02   4.06834809E-03
   4417.0715161570979        2.33562682E-02   4.07726550E-03
   4418.5446837790078        1.61273386E-02   4.03965032E-03
   4420.0180361238627        2.48746257E-02   4.28172899E-03
   4421.4915730525672        2.60239672E-02   4.25572880E-03
   4422.9652944260279        1.86994690E-02   4.11201082E-03
   4424.4392001051483        1.51344482E-02   4.02581645E-03
   4425.9132899508322        2.28065252E-02   4.14413447E-03
   4427.3875638239870        1.62321404E-02   4.05260641E-03
   4428.8620215855153        2.17737127E-02   4.16563265E-03
   4430.3366630963228        1.81284864E-02   4.06653667E-03
   4431.8114882173149        1.69349704E-02   4.00946662E-03
   4433.2864968093963        2.05713976E-02   4.05008951E-03
   4434.7616887334707        1.10779107E-02   3.77937756E-03
   4436.2370638504435        1.63266789E-02   3.98568576E-03
   4437.7126220212203        2.56236121E-02   4.21379227E-03
   4439.1883631067067        1.42010534E-02   4.01351694E-03
   4440.6642869678044        2.05209255E-02   4.16216720E-03
   4442.1403934654218        2.33219694E-02   4.15231334E-03
   4443.6166824604616        2.33895369E-02   4.14433517E-03
   4445.0931538138284        2.17218399E-02   4.14368790E-03
   4446.5698073864287        2.09916811E-02   4.20048693E-03
   4448.0466430391671        2.30577812E-02   4.24170867E-03
   4449.5236606329463        2.85078008E-02   4.33644187E-03
   4451.0008600286737        2.00554058E-02   4.12313733E-03
   4452.4782410872531        2.00903658E-02   4.12643002E-03
   4453.9558036695898        2.50309017E-02   4.09840373E-03
   4455.4335476365877        2.86786724E-02   4.20782622E-03
   4456.9114728491531        1.76981129E-02   3.90000152E-03
   4458.3895791681880        2.15338487E-02   3.97853740E-03
   4459.8678664546014        1.91322453E-02   3.98450019E-03
   4461.3463345692953        2.43370496E-02   4.07474162E-03
   4462.8249833731752        2.20836401E-02   4.07425035E-03
   4464.3038127271448        2.04295609E-02   4.09794692E-03
   4465.7828224921113        1.63139664E-02   4.00651013E-03
   4467.2620125289786        2.68909186E-02   4.24920162E-03
   4468.7413826986522        2.26296075E-02   4.19503311E-03
   4470.2209328620338        1.33189503E-02   3.90497036E-03
   4471.7006628800327        2.19126325E-02   4.17661015E-03
   4473.1805726135508        2.35757064E-02   4.28224029E-03
   4474.6606619234944        1.98318493E-02   4.21877438E-03
   4476.1409306707665        2.27331258E-02   4.26493073E-03
   4477.6213787162733        1.93314236E-02   4.20470117E-03
   4479.1020059209204        1.71456151E-02   4.10818774E-03
   4480.5828121456116        2.79905964E-02   4.26738663E-03
   4482.0637972512513        2.58885454E-02   4.19805525E-03
   4483.5449610987462        2.35769153E-02   4.19787783E-03
   4485.0263035489997        2.51455307E-02   4.27289773E-03
   4486.5078244629167        1.65830329E-02   4.10442287E-03
   4487.9895237014016        1.07117025E-02   3.96710867E-03
   4489.4714011253609        1.79017503E-02   4.06189077E-03
   4490.9534565956974        1.78218838E-02   4.06953692E-03
   4492.4356899733175        2.62131207E-02   4.25811950E-03
   4493.9181011191267        2.53702458E-02   4.24429076E-03
   4495.4006898940279        2.29237042E-02   4.16238559E-03
   4496.8834561589256        1.81822926E-02   4.08063363E-03
   4498.3663997747271        1.41198616E-02   4.03242093E-03
   4499.8495206023363        1.87293310E-02   4.16082516E-03
   4501.3328185026567        2.16355119E-02   4.25298279E-03
   4502.8162933365957        1.46882618E-02   4.09570755E-03
   4504.2999449650551        2.23432723E-02   4.27805679E-03
   4505.7837732489425        1.82630327E-02   4.23435774E-03
   4507.2677780491613        2.09035035E-02   4.26562363E-03
   4508.7519592266162        1.59499273E-02   4.15725354E-03
   4510.2363166422138        1.29018864E-02   4.08944953E-03
   4511.7208501568557        2.43213102E-02   4.28938400E-03
   4513.2055596314503        2.09994968E-02   4.18299809E-03
   4514.6904449268995        1.29231345E-02   4.03516972E-03
   4516.1755059041097        1.90484356E-02   4.15540440E-03
   4517.6607424239864        1.90262962E-02   4.15060483E-03
   4519.1461543474334        1.88316554E-02   4.14434681E-03
   4520.6317415353560        2.55961809E-02   4.27177036E-03
   4522.1175038486572        1.97235532E-02   4.17796895E-03
   4523.6034411482451        1.74094290E-02   4.10069665E-03
   4525.0895532950217        1.86584946E-02   4.09318972E-03
   4526.5758401498952        2.49964613E-02   4.14514123E-03
   4528.0623015737665        2.37612687E-02   4.05315915E-03
   4529.5489374275421        1.62583627E-02   3.88221093E-03
   4531.0357475721285        1.67080425E-02   3.97977326E-03
   4532.5227318684283        1.86240599E-02   3.98230227E-03
   4534.0098901773463        1.65596232E-02   3.97980213E-03
   4535.4972223597897        1.56352464E-02   3.93285230E-03
   4536.9847282766614        1.80052463E-02   4.02681017E-03
   4538.4724077888659        1.84429325E-02   4.10879310E-03
   4539.9602607573097        2.31826045E-02   4.23518522E-03
   4541.4482870428974        2.40663458E-02   4.22695698E-03
   4542.9364865065327        2.04996187E-02   4.13254276E-03
   4544.4248590091202        2.07028743E-02   4.16518794E-03
   4545.9134044115672        2.76577845E-02   4.25315602E-03
   4547.4021225747747        1.47874644E-02   3.91872693E-03
   4548.8910133596519        2.50566825E-02   4.14545648E-03
   4550.3800766271006        1.87680032E-02   4.04487643E-03
   4551.8693122380264        1.80491637E-02   3.99126345E-03
   4553.3587200533348        2.62151789E-02   4.18529473E-03
   4554.8482999339294        2.48540211E-02   4.17119171E-03
   4556.3380517407168        2.40613800E-02   4.12636902E-03
   4557.8279753346005        1.39586367E-02   3.99126578E-03
   4559.3180705764862        2.34336127E-02   4.23996476E-03
   4560.8083373272784        2.43518837E-02   4.31314763E-03
   4562.2987754478818        1.66176688E-02   4.11474193E-03
   4563.7893847992000        2.11015828E-02   4.13038535E-03
   4565.2801652421413        2.23597977E-02   4.13425313E-03
   4566.7711166376066        1.67630315E-02   4.00048541E-03
   4568.2622388465034        2.32293624E-02   4.21967311E-03
   4569.7535317297361        2.39320789E-02   4.16774116E-03
   4571.2449951482085        1.87891740E-02   4.07688227E-03
   4572.7366289628262        1.93485431E-02   4.07597888E-03
   4574.2284330344946        2.18290053E-02   4.13437001E-03
   4575.7204072241175        1.91505887E-02   4.11613192E-03
   4577.2125513926003        2.52622012E-02   4.19875374E-03
   4578.7048654008486        2.55667921E-02   4.14315471E-03
   4580.1973491097651        2.12431066E-02   4.02979180E-03
   4581.6900023802564        1.75608005E-02   3.93408909E-03
   4583.1828250732269        2.50227805E-02   4.07214835E-03
   4584.6758170495814        2.30534505E-02   4.04750090E-03
   4586.1689781702262        2.18028910E-02   4.00583306E-03
   4587.6623082960632        1.97751410E-02   4.02834872E-03
   4589.1558072879989        2.13958360E-02   4.07689577E-03
   4590.6494750069387        1.86684653E-02   4.01478214E-03
   4592.1433113137873        2.18716487E-02   4.06393968E-03
   4593.6373160694484        1.86065175E-02   3.97418533E-03
   4595.1314891348284        1.33537538E-02   3.83958616E-03
   4596.6258303708291        2.29837094E-02   4.04627109E-03
   4598.1203396383607        1.71665922E-02   3.95005569E-03
   4599.6150167983224        1.60801373E-02   3.90020898E-03
   4601.1098617116222        1.40070552E-02   3.87809589E-03
   4602.6048742391649        1.20821549E-02   3.84159642E-03
   4604.1000542418542        1.97172090E-02   3.93791776E-03
   4605.5954015805955        1.78050790E-02   3.95927858E-03
   4607.0909161162945        2.43850332E-02   4.10413835E-03
   4608.5865977098556        2.49273591E-02   4.14113887E-03
   4610.0824462221826        2.80280225E-02   4.18953644E-03
   4611.5784615141811        2.15094723E-02   4.09344165E-03
   4613.0746434467555        2.11958401E-02   4.04030923E-03
   4614.5709918808116        1.17032202E-02   3.83457355E-03
   4616.0675066772528        2.04468407E-02   4.06024931E-03
   4617.5641876969867        2.47501153E-02   4.10172390E-03
   4619.0610348009141        1.94607098E-02   3.98688577E-03
   4620.5580478499433        2.12126207E-02   4.04928718E-03
   4622.0552267049779        2.13437304E-02   4.02196962E-03
   4623.5525712269236        1.83690432E-02   4.01450228E-03
   4625.0500812766832        2.57183034E-02   4.12740279E-03
   4626.5477567151629        1.65723506E-02   3.95691395E-03
   4628.0455974032675        2.06120517E-02   4.02085483E-03
   4629.5436032019024        1.94729492E-02   3.99451796E-03
   4631.0417739719715        2.17583384E-02   4.07178374E-03
   4632.5401095743800        1.72592886E-02   3.95027315E-03
   4634.0386098700328        1.92990843E-02   3.99732077E-03
   4635.5372747198344        1.59844402E-02   3.89615004E-03
   4637.0361039846912        1.53393215E-02   3.90962185E-03
   4638.5350975255060        2.15661004E-02   3.94885195E-03
   4640.0342552031834        2.19673440E-02   3.99056217E-03
   4641.5335768786317        1.83986574E-02   3.90703138E-03
   4643.0330624127510        2.05286406E-02   3.98128526E-03
   4644.5327116664503        2.38417778E-02   4.03893739E-03
   4646.0325245006325        2.67993119E-02   4.03799722E-03
   4647.5325007762021        1.85443293E-02   3.82936280E-03
   4649.0326403540639        1.32932113E-02   3.76075646E-03
   4650.5329430951242        1.90497953E-02   3.91266309E-03
   4652.0334088602867        2.21602209E-02   3.96291865E-03
   4653.5340375104570        2.24634372E-02   3.99539247E-03
   4655.0348289065396        2.50363164E-02   4.00898512E-03
   4656.5357829094391        1.97880920E-02   3.91202839E-03
   4658.0368993800603        1.79395918E-02   3.93152330E-03
   4659.5381781793085        2.27838214E-02   4.03581792E-03
   4661.0396191680884        1.33763002E-02   3.85575672E-03
   4662.5412222073046        1.81665011E-02   3.90887307E-03
   4664.0429871578626        1.96840763E-02   3.90808191E-03
   4665.5449138806653        1.47535000E-02   3.74776940E-03
   4667.0470022366208        1.53541481E-02   3.73300607E-03
   4668.5492520866319        2.10089255E-02   3.83066339E-03
   4670.0516632916033        1.69636793E-02   3.82283283E-03
   4671.5542357124405        2.20836122E-02   3.91496159E-03
   4673.0569692100480        1.93630233E-02   3.90878273E-03
   4674.5598636453315        2.09734440E-02   3.94994486E-03
   4676.0629188791945        1.82580352E-02   3.92151158E-03
   4677.5661347725427        1.43749565E-02   3.85850412E-03
   4679.0695111862815        1.63208488E-02   3.91087029E-03
   4680.5730479813137        2.16230787E-02   3.91537184E-03
   4682.0767450185458        2.14124862E-02   3.91641632E-03
   4683.5806021588833        2.11608764E-02   3.97100532E-03
   4685.0846192632289        2.61649601E-02   4.05945024E-03
   4686.5887961924900        2.59826314E-02   4.07380844E-03
   4688.0931328075694        1.92188099E-02   3.92950745E-03
   4689.5976289693726        2.58752182E-02   4.04811464E-03
   4691.1022845388043        1.86024103E-02   3.86300730E-03
   4692.6070993767707        1.95822436E-02   3.96501087E-03
   4694.1120733441749        1.86673813E-02   3.94117273E-03
   4695.6172063019221        2.30300743E-02   3.99898645E-03
   4697.1224981109181        1.88522171E-02   3.93734686E-03
   4698.6279486320655        1.55026494E-02   3.80351348E-03
   4700.1335577262726        1.62023921E-02   3.78206861E-03
   4701.6393252544412        2.28723679E-02   3.89515120E-03
   4703.1452510774780        2.07387656E-02   3.87094403E-03
   4704.6513350562864        1.62377283E-02   3.76990484E-03
   4706.1575770517729        1.74291898E-02   3.80040705E-03
   4707.6639769248413        2.33641416E-02   3.91459744E-03
   4709.1705345363971        2.12748256E-02   3.89220729E-03
   4710.6772497473439        1.59611125E-02   3.84515896E-03
   4712.1841224185882        1.33332601E-02   3.78566678E-03
   4713.6911524110328        1.95006728E-02   3.96965630E-03
   4715.1983395855859        2.02515405E-02   3.87780927E-03
   4716.7056838031494        1.68992877E-02   3.88305262E-03
   4718.2131849246280        1.99753400E-02   3.98101518E-03
   4719.7208428109279        2.36101840E-02   4.05622600E-03
   4721.2286573229539        2.04059090E-02   4.01150435E-03
   4722.7366283216106        2.12707743E-02   4.03184816E-03
   4724.2447556678026        1.10527463E-02   3.85371759E-03
   4725.7530392224353        1.59122776E-02   3.86031228E-03
   4727.2614788464125        1.93329062E-02   3.94658092E-03
   4728.7700744006406        2.34712716E-02   3.98109201E-03
   4730.2788257460224        2.28531510E-02   3.92968114E-03
   4731.7877327434653        1.73869953E-02   3.82383307E-03
   4733.2967952538720        1.76100247E-02   3.87125462E-03
   4734.8060131381499        2.24805735E-02   3.96535732E-03
   4736.3153862572008        2.09584553E-02   3.93656874E-03
   4737.8249144719312        1.82040948E-02   3.92817613E-03
   4739.3345976432447        2.14910991E-02   3.96282924E-03
   4740.8444356320488        1.80843845E-02   3.91565077E-03
   4742.3544282992452        1.89522728E-02   3.97286424E-03
   4743.8645755057414        1.64406057E-02   3.91090335E-03
   4745.3748771124401        2.17892863E-02   3.98291042E-03
   4746.8853329802469        1.19091105E-02   3.80171323E-03
   4748.3959429700672        1.51573867E-02   3.92526714E-03
   4749.9067069428056        2.38631386E-02   4.05220035E-03
   4751.4176247593678        2.17280015E-02   3.98817146E-03
   4752.9286962806573        1.48817757E-02   3.86014394E-03
   4754.4399213675788        2.32196338E-02   3.98872793E-03
   4755.9512998810387        1.73299741E-02   3.86268599E-03
   4757.4628316819390        1.85336024E-02   3.93890170E-03
   4758.9745166311877        2.36169491E-02   4.04251367E-03
   4760.4863545896887        1.96407754E-02   3.95685527E-03
   4761.9983454183466        1.69700962E-02   3.84279108E-03
   4763.5104889780660        1.64497048E-02   3.79605615E-03
   4765.0227851297523        1.84488334E-02   3.85002187E-03
   4766.5352337343093        1.39499819E-02   3.69960396E-03
   4768.0478346526425        1.52317835E-02   3.81566887E-03
   4769.5605877456574        1.98148992E-02   3.94392200E-03
   4771.0734928742586        1.74337197E-02   3.91052617E-03
   4772.5865498993489        2.41659861E-02   4.04866552E-03
   4774.0997586818376        1.91313885E-02   3.98049550E-03
   4775.6131190826254        1.91435572E-02   3.97929223E-03
   4777.1266309626180        1.59769338E-02   3.89517285E-03
   4778.6402941827209        1.80988926E-02   3.98952467E-03
   4780.1541086038405        1.55708650E-02   3.93000105E-03
   4781.6680740868787        1.73234511E-02   3.95730045E-03
   4783.1821904927419        1.54736703E-02   3.87985702E-03
   4784.6964576823348        2.00691689E-02   3.95138469E-03
   4786.2108755165627        1.97096467E-02   3.94746102E-03
   4787.7254438563305        1.43464599E-02   3.80570581E-03
   4789.2401625625416        1.70371104E-02   3.87430098E-03
   4790.7550314961009        2.04564333E-02   3.99601785E-03
   4792.2700505179164        5.27043408E-03   3.66921653E-03
   4793.7852194888892        1.58740319E-02   3.92853143E-03
   4795.3005382699257        1.56927593E-02   3.93553404E-03
   4796.8160067219305        1.19293006E-02   3.84191354E-03
   4798.3316247058101        1.44962464E-02   3.89580498E-03
   4799.8473920824672        1.50604546E-02   3.91252711E-03
   4801.3633087128064        1.14324726E-02   3.78213404E-03
   4802.8793744577342        2.17269845E-02   4.03519720E-03
   4804.3955891781552        1.65889673E-02   3.93341668E-03
   4805.9119527349731        1.25318682E-02   3.84209980E-03
   4807.4284649890933        1.58519596E-02   3.87864606E-03
   4808.9451258014224        1.74388681E-02   3.91956698E-03
   4810.4619350328621        1.54840592E-02   3.87234893E-03
   4811.9788925443199        1.68406256E-02   3.92282754E-03
   4813.4959981966995        1.10565638E-02   3.77402315E-03
   4815.0132518509054        1.98865067E-02   4.01717331E-03
   4816.5306533678431        1.84088089E-02   3.97422910E-03
   4818.0482026084164        1.91180501E-02   4.00370965E-03
   4819.5658994335326        1.69080384E-02   3.98263568E-03
   4821.0837437040946        1.54346637E-02   3.88603122E-03
   4822.6017352810068        1.34122744E-02   3.84956854E-03
   4824.1198740251748        1.32320449E-02   3.83883202E-03
   4825.6381597975042        6.52935915E-03   3.69554129E-03
   4827.1565924588986        1.25712780E-02   3.83882644E-03
   4828.6751718702644        1.08791022E-02   3.82257951E-03
   4830.1938978925045        1.84067413E-02   3.97429243E-03
   4831.7127703865253        1.64191034E-02   3.86322872E-03
   4833.2317892132314        2.34708264E-02   4.04820638E-03
   4834.7509542335265        1.56321824E-02   3.85580957E-03
   4836.2702653083179        2.22521927E-02   3.99653008E-03
   4837.7897222985066        2.30063945E-02   4.00910759E-03
   4839.3093250650018        2.08271053E-02   3.96367023E-03
   4840.8290734687052        2.12464128E-02   3.92893935E-03
   4842.3489673705235        1.84864402E-02   3.89451208E-03
   4843.8690066313602        2.17804331E-02   3.95400170E-03
   4845.3891911121209        1.90910697E-02   3.92553909E-03
   4846.9095206737102        2.54871212E-02   4.09449218E-03
   4848.4299951770327        2.37439722E-02   4.00859909E-03
   4849.9506144829938        2.72577200E-02   4.05168999E-03
   4851.4713784524984        2.55424157E-02   4.08812845E-03
   4852.9922869464508        2.51744166E-02   4.01261356E-03
   4854.5133398257567        1.89257264E-02   3.82543891E-03
   4856.0345369513198        2.42312476E-02   3.87216825E-03
   4857.5558781840455        2.26410329E-02   3.77880246E-03
   4859.0773633848394        2.42096260E-02   3.75325372E-03
   4860.5989924146061        1.80694610E-02   3.49879125E-03
   4862.1207651342484        2.40656119E-02   3.55965900E-03
   4863.6426814046736        2.05151290E-02   3.60908406E-03
   4865.1647410867863        3.49722132E-02   3.98457097E-03
   4866.6869440414894        3.43330055E-02   4.07930277E-03
   4868.2092901296910        2.18291134E-02   3.83569975E-03
   4869.7317792122931        2.15036273E-02   3.81562184E-03
   4871.2544111502011        1.81132182E-02   3.71517683E-03
   4872.7771858043216        2.84046791E-02   3.91590782E-03
   4874.3001030355572        2.10378543E-02   3.82534508E-03
   4875.8231627048135        2.55816840E-02   3.95207014E-03
   4877.3463646729961        2.64895111E-02   4.01861779E-03
   4878.8697088010085        2.28626411E-02   3.94024793E-03
   4880.3931949497583        1.74053460E-02   3.84618784E-03
   4881.9168229801471        2.82357074E-02   4.05377150E-03
   4883.4405927530806        1.99354943E-02   3.87364370E-03
   4884.9645041294661        1.00419903E-02   3.66222044E-03
   4886.4885569702046        2.40676906E-02   3.89921479E-03
   4888.0127511362034        2.70990860E-02   3.95123335E-03
   4889.5370864883671        1.16649354E-02   3.59817664E-03
   4891.0615628875994        1.49495080E-02   3.65102594E-03
   4892.5861801948067        8.95175617E-03   3.57367797E-03
   4894.1109382708928        1.48107009E-02   3.75726237E-03
   4895.6358369767640        1.56856403E-02   3.87829286E-03
   4897.1608761733232        1.71103422E-02   3.90603743E-03
   4898.6860557214768        2.22180262E-02   3.98256956E-03
   4900.2113754821285        2.30149608E-02   3.99363600E-03
   4901.7368353161828        1.38622522E-02   3.78708309E-03
   4903.2624350845463        1.41517231E-02   3.73079022E-03
   4904.7881746481235        2.49345191E-02   4.00686357E-03
   4906.3140538678172        2.10178625E-02   3.94873926E-03
   4907.8400726045347        1.95428375E-02   3.87332076E-03
   4909.3662307191798        2.21458320E-02   3.89585528E-03
   4910.8925280726571        2.26699822E-02   3.85708828E-03
   4912.4189645258730        2.40949914E-02   3.92983016E-03
   4913.9455399397293        1.62083432E-02   3.81088047E-03
   4915.4722541751344        1.98332015E-02   3.89263011E-03
   4916.9991070929909        2.10449044E-02   3.88040300E-03
   4918.5260985542045        1.76884551E-02   3.70536651E-03
   4920.0532284196797        2.55969483E-02   3.81910871E-03
   4921.5804965503212        2.17318162E-02   3.74527299E-03
   4923.1079028070335        2.25899871E-02   3.80412233E-03
   4924.6354470507231        2.36381982E-02   3.87171470E-03
   4926.1631291422927        2.97476165E-02   4.02972894E-03
   4927.6909489426489        1.64329559E-02   3.83451674E-03
   4929.2189063126971        1.63330995E-02   3.80644831E-03
   4930.7470011133391        1.99985672E-02   3.90078011E-03
   4932.2752332054824        1.26755843E-02   3.72587657E-03
   4933.8036024500316        1.90566853E-02   3.85551248E-03
   4935.3321087078903        1.84927862E-02   3.83098773E-03
   4936.8607518399640        2.18830351E-02   3.86157841E-03
   4938.3895317071583        1.76860038E-02   3.73253017E-03
   4939.9184481703769        2.16479879E-02   3.83204548E-03
   4941.4475010905253        2.04791129E-02   3.87564045E-03
   4942.9766903285081        1.37750320E-02   3.78301786E-03
   4944.5060157452299        1.74988974E-02   3.83763877E-03
   4946.0354772015971        1.84739530E-02   3.87606537E-03
   4947.5650745585117        1.41523210E-02   3.78977996E-03
   4949.0948076768809        1.23659708E-02   3.74821993E-03
   4950.6246764176094        1.54343303E-02   3.83182522E-03
   4952.1546806416018        1.57443117E-02   3.83431651E-03
   4953.6848202097617        1.23620443E-02   3.74335260E-03
   4955.2150949829947        1.78445689E-02   3.79371108E-03
   4956.7455048222064        1.66671015E-02   3.71124432E-03
   4958.2760495883022        2.01492105E-02   3.77165293E-03
   4959.8067291421839        2.31455732E-02   3.88241257E-03
   4961.3375433447600        1.95003171E-02   3.92628508E-03
   4962.8684920569322        2.21969839E-02   3.99179384E-03
   4964.3995751396078        2.44287439E-02   3.96746676E-03
   4965.9307924536915        1.37912277E-02   3.75449145E-03
   4967.4621438600861        1.44848470E-02   3.76772671E-03
   4968.9936292196981        1.88627765E-02   3.81420064E-03
   4970.5252483934319        1.04135564E-02   3.67258443E-03
   4972.0570012421931        1.35022523E-02   3.78310215E-03
   4973.5888876268846        1.99480373E-02   3.88396019E-03
   4975.1209074084136        2.10964233E-02   3.96522461E-03
   4976.6530604476829        1.33314729E-02   3.77459661E-03
   4978.1853466055991        1.65125150E-02   3.81555175E-03
   4979.7177657430666        1.72412284E-02   3.77036189E-03
   4981.2503177209892        1.93277225E-02   3.74987116E-03
   4982.7830024002733        1.54508436E-02   3.62303643E-03
   4984.3158196418226        1.99736170E-02   3.72361066E-03
   4985.8487693065426        1.56991091E-02   3.68590746E-03
   4987.3818512553371        2.29978878E-02   3.91461281E-03
   4988.9150653491124        1.86108630E-02   3.85481212E-03
   4990.4484114487714        2.16111783E-02   3.90080363E-03
   4991.9818894152213        2.36795172E-02   3.92626412E-03
   4993.5154991093659        1.93110723E-02   3.86121660E-03
   4995.0492403921098        1.61765274E-02   3.82218626E-03
   4996.5831131243585        2.34395731E-02   3.94531386E-03
   4998.1171171670167        1.31278886E-02   3.73869296E-03
   4999.6512523809879        2.21838113E-02   3.92649416E-03
   5001.1855186271787        2.77154204E-02   3.98474419E-03
   5002.7199157664927        2.01583952E-02   3.75264208E-03
   5004.2544436598364        2.56139021E-02   3.91566707E-03
   5005.7891021681125        1.52401859E-02   3.66604188E-03
   5007.3238911522285        2.05708425E-02   3.79481330E-03
   5008.8588104730861        2.73053106E-02   3.93241318E-03
   5010.3938599915928        1.97504498E-02   3.87202366E-03
   5011.9290395686521        1.44251790E-02   3.67775769E-03
   5013.4643490651697        1.38619011E-02   3.67719238E-03
   5014.9997883420492        2.66479682E-02   3.88107798E-03
   5016.5353572601962        2.74436753E-02   3.90376546E-03
   5018.0710556805161        2.29617693E-02   3.86408204E-03
   5019.6068834639127        2.44326014E-02   3.86102078E-03
   5021.1428404712915        2.64375117E-02   3.94865079E-03
   5022.6789265635571        3.54051739E-02   4.12037736E-03
   5024.2151416016141        2.29773577E-02   3.88910854E-03
   5025.7514854463689        2.51599606E-02   3.95425642E-03
   5027.2879579587243        1.85468793E-02   3.83838802E-03
   5028.8245589995868        2.70565189E-02   3.99267161E-03
   5030.3612884298591        2.13823728E-02   3.90052749E-03
   5031.8981461104477        1.95277575E-02   3.92881734E-03
   5033.4351319022589        1.52580496E-02   3.76076647E-03
   5034.9722456661948        1.85429212E-02   3.85112292E-03
   5036.5094872631607        1.60906482E-02   3.78986751E-03
   5038.0468565540623        1.24692069E-02   3.69681371E-03
   5039.5843533998050        2.45459266E-02   3.84347327E-03
   5041.1219776612925        2.02946458E-02   3.77622503E-03
   5042.6597291994294        2.68582962E-02   3.95130133E-03
   5044.1976078751213        1.45285409E-02   3.73846013E-03
   5045.7356135492737        2.21436284E-02   3.97305563E-03
   5047.2737460827902        2.41427831E-02   4.00666520E-03
   5048.8120053365765        1.67007949E-02   3.81386490E-03
   5050.3503911715361        1.95685569E-02   3.88752273E-03
   5051.8889034485755        1.82945691E-02   3.83551000E-03
   5053.4275420285994        2.16116104E-02   3.94990481E-03
   5054.9663067725105        1.54421944E-02   3.81540647E-03
   5056.5051975412161        2.29260046E-02   3.97931552E-03
   5058.0442141956210        2.50896458E-02   4.08934709E-03
   5059.5833565966295        2.99178064E-02   4.14455589E-03
   5061.1226246051456        1.55834183E-02   3.91254947E-03
   5062.6620180820746        1.68142915E-02   3.92845273E-03
   5064.2015368883222        2.74557583E-02   4.10188688E-03
   5065.7411808847919        1.13664251E-02   3.73457698E-03
   5067.2809499323894        1.76266748E-02   3.87453916E-03
   5068.8208438920201        2.05084160E-02   3.96393659E-03
   5070.3608626245868        1.54382093E-02   3.82525590E-03
   5071.9010059909970        2.24460661E-02   4.00841562E-03
   5073.4412738521542        1.95486397E-02   3.90961906E-03
   5074.9816660689630        2.01422311E-02   3.93187068E-03
   5076.5221825023291        2.28204858E-02   3.99745256E-03
   5078.0628230131570        1.59886796E-02   3.82131687E-03
   5079.6035874623503        1.73113588E-02   3.81262600E-03
   5081.1444757108156        1.42403599E-02   3.69903725E-03
   5082.6854876194566        1.15440777E-02   3.68129206E-03
   5084.2266230491796        1.39492219E-02   3.76731390E-03
   5085.7678818608883        1.89155154E-02   3.95491999E-03
   5087.3092639154866        1.72376782E-02   3.89049528E-03
   5088.8507690738816        2.73634363E-02   4.13471600E-03
   5090.3923971969771        1.57242212E-02   3.88948247E-03
   5091.9341481456777        2.46696007E-02   4.15743235E-03
   5093.4760217808889        1.82478391E-02   3.99204716E-03
   5095.0180179635145        2.52789259E-02   4.06883378E-03
   5096.5601365544608        1.77351739E-02   3.88570107E-03
   5098.1023774146315        2.42442004E-02   4.01655911E-03
   5099.6447404049322        1.87952872E-02   3.89184733E-03
   5101.1872253862666        1.24215204E-02   3.75431427E-03
   5102.7298322195411        1.29178511E-02   5.73651306E-03
   5104.2725607656594        3.07841003E-02   4.19839192E-03
   5105.8154108855260        1.06654540E-02   3.78796225E-03
   5107.3583824400466        1.51021713E-02   3.82896280E-03
   5108.9014752901267        2.24678814E-02   4.00176365E-03
   5110.4446892966707        1.88988354E-02   3.86222778E-03
   5111.9880243205826        2.22584605E-02   3.99915827E-03
   5113.5314802227667        1.50029054E-02   3.89591930E-03
   5115.0750568641306        1.70775410E-02   3.94921238E-03
   5116.6187541055770        2.02610195E-02   4.00888920E-03
   5118.1625718080122        2.20998246E-02   4.09888336E-03
   5119.7065098323392        1.81145370E-02   3.96924280E-03
   5121.2505680394634        2.73297913E-02   4.15852293E-03
   5122.7947462902903        1.80048887E-02   3.87029210E-03
   5124.3390444457245        1.70021169E-02   3.87514709E-03
   5125.8834623666708        1.57246888E-02   3.80845903E-03
   5127.4279999140344        1.99593883E-02   3.94038763E-03
   5128.9726569487202        1.61032304E-02   3.79986176E-03
   5130.5174333316318        2.15239488E-02   3.98437073E-03
   5132.0623289236746        1.46043459E-02   3.86730023E-03
   5133.6073435857543        2.37388350E-02   4.04050946E-03
   5135.1524771787754        1.89631749E-02   3.95490834E-03
   5136.6977295636425        2.39772182E-02   4.07462055E-03
   5138.2431006012603        1.86263714E-02   3.92765459E-03
   5139.7885901525351        2.06917822E-02   3.88906081E-03
   5141.3341980783698        2.11694818E-02   3.97995301E-03
   5142.8799242396708        2.29510851E-02   3.99558432E-03
   5144.4257684973400        2.44089141E-02   4.05439129E-03
   5145.9717307122864        2.23441925E-02   3.98515118E-03
   5147.5178107454121        1.95513479E-02   3.97406658E-03
   5149.0640084576225        2.11925935E-02   3.97056434E-03
   5150.6103237098232        1.72552839E-02   3.93763557E-03
   5152.1567563629196        1.57875344E-02   3.91357159E-03
   5153.7033062778146        2.84298304E-02   4.11369232E-03
   5155.2499733154136        1.90951843E-02   3.94678861E-03
   5156.7967573366213        1.86217986E-02   3.99180828E-03
   5158.3436582023442        2.32981406E-02   4.11932077E-03
   5159.8906757734858        1.12469187E-02   3.81854177E-03
   5161.4378099109508        2.13625021E-02   3.99600575E-03
   5162.9850604756448        1.98257435E-02   4.02168045E-03
   5164.5324273284723        1.77212376E-02   3.86562292E-03
   5166.0799103303370        1.54223554E-02   3.64540028E-03
   5167.6275093421464        2.04013940E-02   3.72129399E-03
   5169.1752242248040        1.65541898E-02   3.64852604E-03
   5170.7230548392126        2.76523475E-02   3.85476905E-03
   5172.2710010462797        2.48510577E-02   3.78294080E-03
   5173.8190627069107        2.41974201E-02   3.82119534E-03
   5175.3672396820084        1.96621083E-02   3.84985725E-03
   5176.9155318324774        2.57732943E-02   4.11931798E-03
   5178.4639390192251        2.73225233E-02   4.14153049E-03
   5180.0124611031542        1.94985215E-02   3.99955828E-03
   5181.5610979451703        2.61115264E-02   3.94584751E-03
   5183.1098494061780        1.76422205E-02   3.68991517E-03
   5184.6587153470819        2.39704121E-02   3.77777405E-03
   5186.2076956287874        2.12075654E-02   3.78724444E-03
   5187.7567901122002        2.65248418E-02   4.12751222E-03
   5189.3059986582230        2.88329013E-02   4.16652160E-03
   5190.8553211277631        2.40886398E-02   4.04716330E-03
   5192.4047573817224        2.55251657E-02   4.12195548E-03
   5193.9543072810084        3.05218678E-02   4.09579091E-03
   5195.5039706865246        2.04356313E-02   4.04052995E-03
   5197.0537474591756        1.43892830E-02   3.96923069E-03
   5198.6036374598680        1.99795589E-02   4.17551119E-03
   5200.1536405495053        1.93424113E-02   4.15374199E-03
   5201.7037565889932        2.06579063E-02   4.12462000E-03
   5203.2539854392344        2.11323183E-02   4.00602957E-03
   5204.8043269611362        2.19112709E-02   4.02899086E-03
   5206.3547810156024        2.41884068E-02   4.04666224E-03
   5207.9053474635384        2.20974181E-02   3.98149015E-03
   5209.4560261658489        2.04019081E-02   3.97103047E-03
   5211.0068169834358        1.81952287E-02   4.04134206E-03
   5212.5577197772100        2.30255779E-02   4.14335029E-03
   5214.1087344080715        2.29247045E-02   4.10280982E-03
   5215.6598607369269        1.09001100E-02   3.86421732E-03
   5217.2110986246807        1.57610662E-02   3.91427195E-03
   5218.7624479322385        1.49862869E-02   3.92292300E-03
   5220.3139085205030        1.88131556E-02   4.07916447E-03
   5221.8654802503825        2.14258935E-02   4.10407688E-03
   5223.4171629827797        2.56066080E-02   4.18328308E-03
   5224.9689565785984        1.42224599E-02   3.87238502E-03
   5226.5208608987459        1.62683781E-02   3.84923792E-03
   5228.0728758041250        1.93122253E-02   3.91924800E-03
   5229.6250011556413        1.38880350E-02   3.85416206E-03
   5231.1772368142010        1.94408763E-02   4.01378889E-03
   5232.7295826407071        2.38539595E-02   4.08891169E-03
   5234.2820384960642        1.87853128E-02   3.98135884E-03
   5235.8346042411804        1.82248745E-02   3.99775337E-03
   5237.3872797369559        2.45526452E-02   4.17539617E-03
   5238.9400648442988        2.00494826E-02   4.10222309E-03
   5240.4929594241139        1.43307438E-02   4.03597765E-03
   5242.0459633373048        1.69071909E-02   4.06005653E-03
   5243.5990764447752        2.49517150E-02   4.23558988E-03
   5245.1522986074333        1.70455221E-02   4.05295333E-03
   5246.7056296861801        1.57491397E-02   4.02828446E-03
   5248.2590695419249        1.48354070E-02   4.03237995E-03
   5249.8126180355684        2.10829396E-02   4.11334634E-03
   5251.3662750280182        2.36597080E-02   4.14773542E-03
   5252.9200403801788        1.66561455E-02   3.98587389E-03
   5254.4739139529529        1.73949208E-02   4.04133741E-03
   5256.0278956072470        1.16312588E-02   3.93007649E-03
   5257.5819852039667        2.47756075E-02   4.25168034E-03
   5259.1361826040156        2.02484056E-02   4.20745835E-03
   5260.6904876682993        1.79993138E-02   4.05171607E-03
   5262.2449002577214        2.52391119E-02   4.16423334E-03
   5263.7994202331884        2.26063877E-02   3.96688143E-03
   5265.3540474556039        2.34787688E-02   3.99959274E-03
   5266.9087817858735        1.56397074E-02   3.80498194E-03
   5268.4636230849019        1.86511911E-02   3.89736006E-03
   5270.0185712135935        2.30247770E-02   3.97765078E-03
   5271.5736260328540        2.62892470E-02   4.03274503E-03
   5273.1287874035879        1.32820038E-02   3.87155521E-03
   5274.6840551866999        2.61136554E-02   4.17603320E-03
   5276.2394292430945        1.63937695E-02   4.04511532E-03
   5277.7949094336764        2.36036219E-02   4.21353010E-03
   5279.3504956193519        1.51051525E-02   4.04545246E-03
   5280.9061876610249        2.04195082E-02   4.15053917E-03
   5282.4619854195989        2.18200106E-02   4.11223434E-03
   5284.0178887559823        1.96929164E-02   4.08281339E-03
   5285.5738975310769        1.96520574E-02   4.08410979E-03
   5287.1300116057873        1.44614326E-02   4.07313462E-03
   5288.6862308410209        1.68557130E-02   4.18362627E-03
   5290.2425550976814        2.14918945E-02   4.26575262E-03
   5291.7989842366715        1.72220208E-02   4.12747916E-03
   5293.3555181189004        1.92159582E-02   4.19240911E-03
   5294.9121566052690        1.48176709E-02   4.10696073E-03
   5296.4688995566839        1.60367154E-02   4.05937992E-03
   5298.0257468340496        1.13099506E-02   3.91645497E-03
   5299.5826982982726        1.16346041E-02   3.91226867E-03
   5301.1397538102547        1.81769188E-02   4.12889477E-03
   5302.6969132309023        2.37841457E-02   4.24979394E-03
   5304.2541764211210        1.71679258E-02   4.15180344E-03
   5305.8115432418135        1.60432663E-02   4.14691214E-03
   5307.3690135538882        1.67456456E-02   4.11493331E-03
   5308.9265872182468        1.92249119E-02   4.22247266E-03
   5310.4842640957941        1.61319524E-02   4.21059318E-03
   5312.0420440474372        1.21582970E-02   4.11224365E-03
   5313.5999269340791        2.28981953E-02   4.24711686E-03
   5315.1579126166262        1.12933740E-02   4.03443165E-03
   5316.7160009559821        1.46686472E-02   4.07796400E-03
   5318.2741918130523        1.30014839E-02   4.06866800E-03
   5319.8324850487406        2.03900728E-02   4.24638996E-03
   5321.3908805239525        2.45398395E-02   4.33646329E-03
   5322.9493780995945        2.09498312E-02   4.20415355E-03
   5324.5079776365692        2.09266376E-02   4.19357605E-03
   5326.0666789957813        1.98065341E-02   4.12060553E-03
   5327.6254820381373        2.33052075E-02   4.16868273E-03
   5329.1843866245426        2.05690600E-02   4.09833202E-03
   5330.7433926158992        1.73411332E-02   4.10735095E-03
   5332.3024998731134        1.85291041E-02   4.17376729E-03
   5333.8617082570909        2.82309186E-02   4.39633569E-03
   5335.4210176287352        1.50887528E-02   4.11255565E-03
   5336.9804278489519        1.77673977E-02   4.25718399E-03
   5338.5399387786465        2.28355788E-02   4.26651118E-03
   5340.0995502787227        2.20313258E-02   4.24052542E-03
   5341.6592622100852        1.29477363E-02   3.98427434E-03
   5343.2190744336394        1.29692229E-02   4.04657796E-03
   5344.7789868102909        1.37801860E-02   4.08507558E-03
   5346.3389992009434        2.41749883E-02   4.29136166E-03
   5347.8991114665023        2.32031029E-02   4.29546228E-03
   5349.4593234678723        2.31959112E-02   4.30952711E-03
   5351.0196350659580        3.11807450E-02   4.41979943E-03
   5352.5800461216650        1.13661634E-02   4.07957751E-03
   5354.1405564958977        2.03241929E-02   4.31492506E-03
   5355.7011660495609        2.20828746E-02   4.33507515E-03
   5357.2618746435592        1.79462936E-02   4.26541828E-03
   5358.8226821387971        2.34713499E-02   4.40432690E-03
   5360.3835883961810        1.10515198E-02   4.09965264E-03
   5361.9445932766148        1.66610572E-02   4.18443140E-03
   5363.5056966410029        1.93979274E-02   4.21613874E-03
   5365.0668983502519        1.92502551E-02   4.18564444E-03
   5366.6281982652645        1.36144133E-02   4.07063076E-03
   5368.1895962469462        2.12699305E-02   4.22659144E-03
   5369.7510921562025        1.53006082E-02   4.07297630E-03
   5371.3126858539381        1.76439472E-02   4.11396194E-03
   5372.8743772010566        1.78678967E-02   4.14717430E-03
   5374.4361660584646        2.04408020E-02   4.24318528E-03
   5375.9980522870655        2.42270790E-02   4.35537193E-03
   5377.5600357477670        2.35241409E-02   4.35862225E-03
   5379.1221163014698        2.30620820E-02   4.33425093E-03
   5380.6842938090813        1.88761353E-02   4.24972270E-03
   5382.2465681315061        2.39285640E-02   4.34737466E-03
   5383.8089391296498        2.12688148E-02   4.33208654E-03
   5385.3714066644143        1.58079583E-02   4.21272544E-03
   5386.9339705967077        1.94384102E-02   4.24750010E-03
   5388.4966307874329        2.00548265E-02   4.29317821E-03
   5390.0593870974963        1.66444313E-02   4.21856623E-03
   5391.6222393878006        2.89523806E-02   4.40601818E-03
   5393.1851875192533        1.43159423E-02   4.10384312E-03
   5394.7482313527571        2.11023018E-02   4.27134847E-03
   5396.3113707492175        1.08409766E-02   4.03515110E-03
   5397.8746055695401        1.23106902E-02   4.04335605E-03
   5399.4379356746285        9.59846936E-03   3.96996783E-03
   5401.0013609253883        2.67188717E-02   4.34627617E-03
   5402.5648811827250        1.36259990E-02   4.13762685E-03
   5404.1284963075414        2.15253755E-02   4.19358863E-03
   5405.6922061607447        2.06950642E-02   4.15044744E-03
   5407.2560106032388        1.13598835E-02   3.96164460E-03
   5408.8199094959273        2.66573504E-02   4.30137292E-03
   5410.3839026997175        1.78234968E-02   4.20218753E-03
   5411.9479900755123        2.54679155E-02   4.40974440E-03
   5413.5121714842171        2.03708671E-02   4.28665709E-03
   5415.0764467867375        1.45269400E-02   4.12153406E-03
   5416.6408158439772        2.20364202E-02   4.29815380E-03
   5418.2052785168426        1.73448604E-02   4.25866991E-03
   5419.7698346662364        2.38580778E-02   4.36971104E-03
   5421.3344841530652        1.97893456E-02   4.28127917E-03
   5422.8992268382326        1.62226260E-02   4.18006163E-03
   5424.4640625826451        1.44096157E-02   4.17235820E-03
   5426.0289912472062        1.12258038E-02   4.07512719E-03
   5427.5940126928208        2.17837077E-02   4.32184944E-03
   5429.1591267803942        2.27794163E-02   4.32590814E-03
   5430.7243333708311        1.60688944E-02   4.15934063E-03
   5432.2896323250370        2.63149813E-02   4.41206852E-03
   5433.8550235039147        1.91144049E-02   4.22665570E-03
   5435.4205067683715        3.29970270E-02   4.50572325E-03
   5436.9860819793121        2.68926583E-02   4.44577914E-03
   5438.5517489976392        2.12618914E-02   4.42404207E-03
   5440.1175076842592        1.66024547E-02   4.27428773E-03
   5441.6833579000768        1.28633892E-02   4.26465925E-03
   5443.2492995059965        1.73839461E-02   4.29074001E-03
   5444.8153323629231        1.45551069E-02   4.16981848E-03
   5446.3814563317637        1.71800852E-02   4.22741706E-03
   5447.9476712734186        1.97213553E-02   4.24935156E-03
   5449.5139770487976        1.99710689E-02   4.34106216E-03
   5451.0803735188019        1.89151559E-02   4.39508678E-03
   5452.6468605443379        1.42757827E-02   4.24100878E-03
   5454.2134379863101        1.28891030E-02   4.12438903E-03
   5455.7801057056240        1.95979383E-02   4.29758476E-03
   5457.3468635631834        1.81372706E-02   4.26148577E-03
   5458.9137114198938        2.24445481E-02   4.44378983E-03
   5460.4806491366608        1.71206053E-02   4.28563729E-03
   5462.0476765743870        1.82577763E-02   4.29921830E-03
   5463.6147935939798        8.15068092E-03   4.02099406E-03
   5465.1820000563421        2.22303234E-02   4.33763536E-03
   5466.7492958223802        1.63225029E-02   4.28533694E-03
   5468.3166807529979        2.39650998E-02   4.43123467E-03
   5469.8841547090997        1.67549942E-02   4.34898864E-03
   5471.4517175515930        2.15891376E-02   4.35441919E-03
   5473.0193691413806        2.05269158E-02   4.35245596E-03
   5474.5871093393671        3.04741897E-02   4.48449422E-03
   5476.1549380064580        9.04494058E-03   4.02501458E-03
   5477.7228550035570        1.77592356E-02   4.17401316E-03
   5479.2908601915715        1.73698403E-02   4.21524234E-03
   5480.8589534314042        1.69103835E-02   4.29206621E-03
   5482.4271345839607        2.25042701E-02   4.39324602E-03
   5483.9954035101464        1.90876406E-02   4.33289865E-03
   5485.5637600708642        1.60499215E-02   4.26499918E-03
   5487.1322041270214        1.34719945E-02   4.23013605E-03
   5488.7007355395217        1.58201009E-02   4.31303494E-03
   5490.2693541692697        2.34666970E-02   4.43234853E-03
   5491.8380598771701        1.29283387E-02   4.22972208E-03
   5493.4068525241282        1.90109070E-02   4.32723342E-03
   5494.9757319710498        1.72967575E-02   4.43990296E-03
   5496.5446980788383        2.43228767E-02   4.63292003E-03
   5498.1137507083986        1.75693203E-02   4.35141008E-03
   5499.6828897206369        1.83927882E-02   4.33578435E-03
   5501.2521149764561        1.38595905E-02   4.26401105E-03
   5502.8214263367627        1.53879700E-02   4.26224526E-03
   5504.3908236624611        1.47353411E-02   4.24398622E-03
   5505.9603068144561        1.24977743E-02   4.15493734E-03
   5507.5298756536513        1.80692654E-02   4.35810117E-03
   5509.0995300409550        2.46157423E-02   4.49055806E-03
   5510.6692698372681        1.80744771E-02   4.35624737E-03
   5512.2390949034971        1.54235829E-02   4.23812354E-03
   5513.8090051005465        1.63927469E-02   4.26473515E-03
   5515.3790002893229        2.26193853E-02   4.40847222E-03
   5516.9490803307299        2.18158457E-02   4.44656936E-03
   5518.5192450856712        1.75857116E-02   4.36183671E-03
   5520.0894944150523        1.90074332E-02   4.37565241E-03
   5521.6598281797797        2.34803315E-02   4.51518502E-03
   5523.2302462407570        1.78494547E-02   4.37739678E-03
   5524.8007484588888        1.64371841E-02   4.29925183E-03
   5526.3713346950799        2.08953451E-02   4.34362469E-03
   5527.9420048102356        2.28969529E-02   4.36367514E-03
   5529.5127586652607        1.65121555E-02   4.24719509E-03
   5531.0835961210596        1.51692126E-02   4.32907278E-03
   5532.6545170385380        1.81864146E-02   4.36295196E-03
   5534.2255212786004        1.64358411E-02   4.37107868E-03
   5535.7966087021505        2.31011678E-02   4.47526574E-03
   5537.3677791700957        1.73912495E-02   4.37316345E-03
   5538.9390325433387        2.51464471E-02   4.55285702E-03
   5540.5103686827852        1.98853426E-02   4.44374373E-03
   5542.0817874493396        2.68629193E-02   4.60565509E-03
   5543.6532887039075        1.96195785E-02   4.43344051E-03
   5545.2248723073926        1.67408064E-02   4.37420467E-03
   5546.7965381207005        1.50998617E-02   4.35030553E-03
   5548.3682860047356        1.73896402E-02   4.40926384E-03
   5549.9401158204046        1.63099114E-02   4.40358883E-03
   5551.5120274286101        1.66942310E-02   4.36340924E-03
   5553.0840206902576        1.83557365E-02   4.43630246E-03
   5554.6560954662518        2.46804990E-02   4.54225019E-03
   5556.2282516174992        3.41315530E-02   4.76384489E-03
   5557.8004890049015        2.83200517E-02   4.63454146E-03
   5559.3728074893670        2.77780574E-02   4.58684377E-03
   5560.9452069317967        1.76400859E-02   4.34519211E-03
   5562.5176871930998        1.73556414E-02   4.40924708E-03
   5564.0902481341791        2.20671985E-02   4.42674849E-03
   5565.6628896159373        1.88815463E-02   4.44931304E-03
   5567.2356114992826        9.12559777E-03   4.19312017E-03
   5568.8084136451189        1.12839332E-02   4.25157184E-03
   5570.3812959143506        1.32704880E-02   4.29562246E-03
   5571.9542581678825        1.13252634E-02   4.24666377E-03
   5573.5273002666208        1.68749392E-02   4.60097287E-03
   5575.1004220714667        2.46494077E-02   8.06986168E-03
   5576.6736234433292        2.19954047E-02   1.01544708E-02
   5578.2469042431112        1.09839495E-02   1.03965672E-02
   5579.8202643317181        4.21688184E-02   9.53408610E-03
   5581.3937035700546        2.04732697E-02   5.85046643E-03
   5582.9672218190253        2.79983431E-02   4.82193660E-03
   5584.5408189395357        2.03402340E-02   4.43102792E-03
   5586.1144947924886        2.07722429E-02   4.40947525E-03
   5587.6882492387913        2.20995825E-02   4.41849185E-03
   5589.2620821393484        1.38227213E-02   4.23892494E-03
   5590.8359933550646        1.14759197E-02   4.21546120E-03
   5592.4099827468426        1.04078306E-02   4.21352452E-03
   5593.9840501755898        1.99753754E-02   4.41914657E-03
   5595.5581955022099        2.10428908E-02   4.47919872E-03
   5597.1324185876083        1.57275889E-02   4.35817102E-03
   5598.7067192926897        1.95941105E-02   4.42379806E-03
   5600.2810974783588        1.79129466E-02   4.35665762E-03
   5601.8555530055210        1.92480292E-02   4.37569153E-03
   5603.4300857350800        1.64491273E-02   4.39117430E-03
   5605.0046955279413        1.20990463E-02   4.33764188E-03
   5606.5793822450105        1.42650297E-02   4.42137755E-03
   5608.1541457471903        2.46623978E-02   4.66444623E-03
   5609.7289858953882        2.67967563E-02   4.69007064E-03
   5611.3039025505077        1.59149654E-02   4.47634142E-03
   5612.8788955734535        1.75100099E-02   4.49206401E-03
   5614.4539648251302        1.46736344E-02   4.29807464E-03
   5616.0291101664443        2.29046550E-02   4.48690495E-03
   5617.6043314582994        2.19370592E-02   4.51750588E-03
   5619.1796285616001        2.09987853E-02   4.52434644E-03
   5620.7550013372520        2.60736961E-02   4.58638929E-03
   5622.3304496461597        1.92428418E-02   4.54769656E-03
   5623.9059733492277        1.87080298E-02   4.43274295E-03
   5625.4815723073616        1.24816718E-02   4.32568463E-03
   5627.0572463814651        1.05697438E-02   4.28979797E-03
   5628.6329954324447        1.45309670E-02   4.42319037E-03
   5630.2088193212030        1.85926259E-02   4.53197537E-03
   5631.7847179086475        2.25826520E-02   4.65940917E-03
   5633.3606910556800        1.79744083E-02   4.51380666E-03
   5634.9367386232079        2.30479483E-02   4.59827716E-03
   5636.5128604721358        1.46907745E-02   4.40191943E-03
   5638.0890564633673        1.61570255E-02   4.43682401E-03
   5639.6653264578081        1.29753714E-02   4.33399761E-03
   5641.2416703163635        2.02949606E-02   4.53465851E-03
   5642.8180878999374        1.76516995E-02   4.51333635E-03
   5644.3945790694343        2.08299663E-02   4.56328783E-03
   5645.9711436857597        2.79725865E-02   4.72197542E-03
   5647.5477816098191        1.55442031E-02   4.42743022E-03
   5649.1244927025173        1.46530662E-02   4.46630828E-03
   5650.7012768247569        1.00289052E-02   4.36600856E-03
   5652.2781338374452        1.97351091E-02   4.58064489E-03
   5653.8550636014870        2.77053080E-02   4.67945868E-03
   5655.4320659777859        1.35008264E-02   4.40033665E-03
   5657.0091408272465        1.88727044E-02   4.41761268E-03
   5658.5862880107770        1.32744135E-02   4.36751125E-03
   5660.1635073892776        1.59338713E-02   4.40021418E-03
   5661.7407988236546        1.31084770E-02   4.34414763E-03
   5663.3181621748154        2.21639182E-02   4.60459432E-03
   5664.8955973036627        1.43644651E-02   4.43948992E-03
   5666.4731040711013        2.07583234E-02   4.55581350E-03
   5668.0506823380365        1.96127016E-02   4.58895741E-03
   5669.6283319653730        2.05509625E-02   4.59483685E-03
   5671.2060528140155        1.58492457E-02   4.54682857E-03
   5672.7838447448685        1.93552729E-02   4.58046561E-03
   5674.3617076188384        2.39472389E-02   4.74300049E-03
   5675.9396412968290        1.77347269E-02   4.61328309E-03
   5677.5176456397439        2.65228860E-02   4.79510380E-03
   5679.0957205084906        5.24809211E-03   4.29352326E-03
   5680.6738657639726        1.14840576E-02   4.39762790E-03
   5682.2520812670937        1.76724046E-02   4.52654064E-03
   5683.8303668787612        1.38023263E-02   4.39097546E-03
   5685.4087224598779        2.20536403E-02   4.63429186E-03
   5686.9871478713494        2.02007517E-02   4.57981369E-03
   5688.5656429740811        1.91801526E-02   4.55835788E-03
   5690.1442076289759        1.56477392E-02   4.47745482E-03
   5691.7228416969410        1.37770120E-02   4.50193183E-03
   5693.3015450388793        1.97086763E-02   4.56896331E-03
   5694.8803175156982        1.49285542E-02   4.53365128E-03
   5696.4591589882994        1.53853446E-02   4.53672372E-03
   5698.0380693175903        1.04412436E-02   4.42152983E-03
   5699.6170483644746        1.57274362E-02   4.53103799E-03
   5701.1960959898570        2.57917959E-02   4.80516441E-03
   5702.7752120546429        1.87852681E-02   4.59038652E-03
   5704.3543964197370        2.02324856E-02   4.63637058E-03
   5705.9336489460438        1.59285199E-02   4.54251142E-03
   5707.5129694944690        1.87317245E-02   4.55061207E-03
   5709.0923579259161        2.65845023E-02   4.67583444E-03
   5710.6718141012907        1.69478785E-02   4.54260828E-03
   5712.2513378814992        1.71126612E-02   4.52614436E-03
   5713.8309291274436        1.39455739E-02   4.45671426E-03
   5715.4105877000311        2.01510340E-02   4.66119032E-03
   5716.9903134601645        1.73710994E-02   4.60728351E-03
   5718.5701062687504        1.72325075E-02   4.56199469E-03
   5720.1499659866931        1.61598325E-02   4.60256822E-03
   5721.7298924748966        1.42007675E-02   4.63024760E-03
   5723.3098855942662        1.27460137E-02   4.50697308E-03
   5724.8899452057085        1.17026549E-02   4.55541722E-03
   5726.4700711701262        2.18375064E-02   4.68736049E-03
   5728.0502633484239        1.19261397E-02   4.55786800E-03
   5729.6305216015089        1.94217991E-02   4.68707038E-03
   5731.2108457902841        2.36525256E-02   4.76791477E-03
   5732.7912357756550        2.17101313E-02   4.75820247E-03
   5734.3716914185252        2.01392323E-02   4.65924619E-03
   5735.9522125798012        2.30704285E-02   4.83045122E-03
   5737.5327991203876        9.51011665E-03   4.44403803E-03
   5739.1134509011890        1.26338108E-02   4.56247246E-03
   5740.6941677831092        2.16260254E-02   4.76077525E-03
   5742.2749496270544        1.56710725E-02   4.59109433E-03
   5743.8557962939303        1.83942560E-02   4.67396062E-03
   5745.4367076446397        1.33449882E-02   4.59347107E-03
   5747.0176835400880        1.75349452E-02   4.62312484E-03
   5748.5987238411799        1.60817001E-02   4.60818550E-03
   5750.1798284088218        2.27896981E-02   4.72098216E-03
   5751.7609971039165        1.36877391E-02   4.50020004E-03
   5753.3422297873703        7.34779984E-03   4.33537597E-03
   5754.9235263200881        2.01751590E-02   4.65894584E-03
   5756.5048865629742        1.91238578E-02   4.64285584E-03
   5758.0863103769325        2.44532693E-02   4.80423402E-03
   5759.6677976228702        2.32016649E-02   4.73508565E-03
   5761.2493481616893        9.72670875E-03   4.46411362E-03
   5762.8309618542962        1.70802958E-02   4.56663640E-03
   5764.4126385615964        1.55971516E-02   4.66502504E-03
   5765.9943781444945        1.41085247E-02   4.56059212E-03
   5767.5761804638942        1.39065357E-02   4.58207261E-03
   5769.1580453807010        1.83349904E-02   4.76424815E-03
   5770.7399727558195        1.44488532E-02   4.58005583E-03
   5772.3219624501553        2.09933743E-02   4.71402798E-03
   5773.9040143246129        1.87392067E-02   4.67999326E-03
   5775.4861282400971        2.23587919E-02   4.74513788E-03
   5777.0683040575123        1.21778315E-02   4.48717736E-03
   5778.6505416377640        1.93397328E-02   4.66006761E-03
   5780.2328408417570        2.14361846E-02   4.69788117E-03
   5781.8152015303949        2.05984060E-02   4.67640627E-03
   5783.3976235645850        2.20350381E-02   4.68534511E-03
   5784.9801068052302        1.70573313E-02   4.61720163E-03
   5786.5626511132368        2.45606713E-02   4.73907217E-03
   5788.1452563495077        1.67605653E-02   4.68181074E-03
   5789.7279223749492        8.15627631E-03   4.42500599E-03
   5791.3106490504670        7.70495739E-03   4.42431914E-03
   5792.8934362369628        2.26755384E-02   4.69578011E-03
   5794.4762837953440        1.39508229E-02   4.60809376E-03
   5796.0591915865152        1.90869868E-02   4.72267810E-03
   5797.6421594713811        2.63554733E-02   4.88022389E-03
   5799.2251873108471        2.02144757E-02   4.72354190E-03
   5800.8082749658151        1.28629031E-02   4.56769625E-03
   5802.3914222971944        2.00100765E-02   4.75516915E-03
   5803.9746291658867        1.76621228E-02   4.68521658E-03
   5805.5578954327966        3.02672181E-02   5.00337826E-03
   5807.1412209588325        1.12327393E-02   4.49239276E-03
   5808.7246056048953        2.06489749E-02   4.79304930E-03
   5810.3080492318923        2.17212122E-02   4.80216322E-03
   5811.8915517007272        1.34155955E-02   4.61209565E-03
   5813.4751128723055        2.58773975E-02   4.89638047E-03
   5815.0587326075311        2.18098406E-02   4.78050252E-03
   5816.6424107673092        8.93751811E-03   4.50267363E-03
   5818.2261472125465        1.88378729E-02   4.72738408E-03
   5819.8099418041438        1.78770702E-02   4.76539461E-03
   5821.3937944030104        2.10954156E-02   4.86736605E-03
   5822.9777048700480        2.11338103E-02   4.75719525E-03
   5824.5616730661632        1.52832074E-02   4.66639036E-03
   5826.1456988522605        6.33882545E-03   4.54402342E-03
   5827.7297820892436        1.88812949E-02   4.77448432E-03
   5829.3139226380199        1.96483806E-02   4.81439196E-03
   5830.8981203594922        1.99274328E-02   4.82629333E-03
   5832.4823751145659        2.35435255E-02   4.86077322E-03
   5834.0666867641448        2.21419670E-02   4.86928271E-03
   5835.6510551691354        1.56200668E-02   4.64315806E-03
   5837.2354801904412        2.26706658E-02   4.86232666E-03
   5838.8199616889679        1.65933929E-02   4.71879123E-03
   5840.4044995256208        1.92319602E-02   4.82277013E-03
   5841.9890935613048        1.91994850E-02   4.84130578E-03
   5843.5737436569234        1.89415757E-02   4.80618700E-03
   5845.1584496733813        2.22015493E-02   4.85646585E-03
   5846.7432114715848        1.76490732E-02   4.68559982E-03
   5848.3280289124386        2.50832401E-02   4.89998190E-03
   5849.9129018568465        2.81657055E-02   4.96634375E-03
   5851.4978301657138        2.79814191E-02   4.95180395E-03
   5853.0828136999471        2.00503413E-02   4.82271519E-03
   5854.6678523204482        3.29511017E-02   5.08512510E-03
   5856.2529458881236        2.80043539E-02   4.95233899E-03
   5857.8380942638778        2.75195055E-02   4.87565575E-03
   5859.4232973086155        3.07769626E-02   4.97017941E-03
   5861.0085548832431        2.73778681E-02   4.93631372E-03
   5862.5938668486624        2.92024035E-02   5.04321186E-03
   5864.1792330657818        2.59007700E-02   4.98899631E-03
   5865.7646533955049        2.20616627E-02   4.94298618E-03
   5867.3501276987345        1.97062921E-02   4.88027651E-03
   5868.9356558363779        2.65691523E-02   5.04686031E-03
   5870.5212376693389        2.97379587E-02   5.07587800E-03
   5872.1068730585230        3.69267799E-02   5.22631360E-03
   5873.6925618648338        3.52514349E-02   5.16319368E-03
   5875.2783039491778        2.56357342E-02   5.01116877E-03
   5876.8640991724578        2.56102718E-02   4.93753236E-03
   5878.4499473955811        2.96870135E-02   5.09230373E-03
   5880.0358484794506        3.51444967E-02   5.16076759E-03
   5881.6218022849725        3.19587402E-02   5.08455839E-03
   5883.2078086730507        2.08875854E-02   4.85145627E-03
   5884.7938675045907        2.93362793E-02   5.05403150E-03
   5886.3799786404961        2.03061104E-02   4.93018143E-03
   5887.9661419416743        3.21426503E-02   5.51466830E-03
   5889.5523572690281        3.21703441E-02   5.70458639E-03
   5891.1386244834612        2.97495127E-02   5.60015254E-03
   5892.7249434458818        3.01465280E-02   5.42040169E-03
   5894.3113140171927        2.45235916E-02   5.22471406E-03
   5895.8977360582985        3.84424925E-02   5.54848788E-03
   5897.4842094301048        3.61835286E-02   5.52200247E-03
   5899.0707339935170        3.81212085E-02   5.35715371E-03
   5900.6573096094380        3.07920128E-02   5.06999716E-03
   5902.2439361387742        2.43456326E-02   4.98024467E-03
   5903.8306134424311        3.28182988E-02   5.18688094E-03
   5905.4173413813114        2.36510225E-02   4.98155085E-03
   5907.0041198163226        3.29377614E-02   5.14152646E-03
   5908.5909486083674        2.19883490E-02   4.98232525E-03
   5910.1778276183513        2.14462820E-02   4.90336260E-03
   5911.7647567071790        2.30357144E-02   4.89475392E-03
   5913.3517357357559        1.58923306E-02   4.79205512E-03
   5914.9387645649867        1.74939465E-02   4.83067147E-03
   5916.5258430557751        1.90000515E-02   4.85326769E-03
   5918.1129710690275        1.78402867E-02   4.84122476E-03
   5919.7001484656494        1.67279467E-02   4.74833464E-03
   5921.2873751065426        1.55163836E-02   4.84035583E-03
   5922.8746508526146        1.46493064E-02   4.74338932E-03
   5924.4619755647691        1.27065461E-02   4.74928459E-03
   5926.0493491039115        2.08464544E-02   4.91145579E-03
   5927.6367713309464        1.79787017E-02   4.83339885E-03
   5929.2242421067795        1.67625975E-02   4.79480345E-03
   5930.8117612923143        2.28440966E-02   4.97566070E-03
   5932.3993287484554        1.76499467E-02   4.91440529E-03
   5933.9869443361094        1.91173777E-02   4.92477091E-03
   5935.5746079161800        2.16522720E-02   4.91256453E-03
   5937.1623193495734        1.77810732E-02   4.85658273E-03
   5938.7500784971917        1.56063279E-02   4.78471443E-03
   5940.3378852199421        2.27597561E-02   4.97338548E-03
   5941.9257393787284        2.42400412E-02   4.97978181E-03
   5943.5136408344551        2.21476220E-02   4.90539195E-03
   5945.1015894480288        1.88425537E-02   4.90069389E-03
   5946.6895850803530        2.15265565E-02   4.89013782E-03
   5948.2776275923334        1.80664603E-02   4.83321352E-03
   5949.8657168448735        1.63653959E-02   4.83480748E-03
   5951.4538526988808        2.31574159E-02   4.97333426E-03
   5953.0420350152554        1.72874928E-02   4.89213550E-03
   5954.6302636549071        2.14277301E-02   4.89178021E-03
   5956.2185384787372        7.60664698E-03   4.64161253E-03
   5957.8068593476537        2.63137240E-02   5.03311818E-03
   5959.3952261225595        2.03381702E-02   4.91215521E-03
   5960.9836386643601        1.22084534E-02   4.72650211E-03
   5962.5720968339592        7.88008235E-03   4.65610530E-03
   5964.1606004922623        9.01136175E-03   4.62912442E-03
   5965.7491495001759        1.52958706E-02   4.84743249E-03
   5967.3377437186018        2.54361760E-02   5.00749564E-03
   5968.9263830084474        1.50726279E-02   4.79958858E-03
   5970.5150672306154        1.38092656E-02   4.83511668E-03
   5972.1037962460132        2.30082162E-02   5.01659093E-03
   5973.6925699155445        1.88907739E-02   4.97048907E-03
   5975.2813881001130        2.23355759E-02   4.97009140E-03
   5976.8702506606251        1.37468539E-02   4.81757941E-03
   5978.4591574579845        1.81279145E-02   4.91982000E-03
   5980.0481083530967        1.78096853E-02   4.90670651E-03
   5981.6371032068673        1.24980723E-02   4.73709498E-03
   5983.2261418801991        7.51275383E-03   4.59641404E-03
   5984.8152242339993        1.59335248E-02   4.77572950E-03
   5986.4043501291717        1.36323208E-02   4.76184208E-03
   5987.9935194266209        1.93283018E-02   4.90162801E-03
   5989.5827319872515        1.22790132E-02   4.76545701E-03
   5991.1719876719690        1.92130134E-02   5.01658022E-03
   5992.7612863416780        1.51663311E-02   4.89202049E-03
   5994.3506278572841        1.75026041E-02   4.87417681E-03
   5995.9400120796909        7.23995641E-03   4.57924977E-03
   5997.5294388698030        1.55796548E-02   4.82014474E-03
   5999.1189080885279        1.55617706E-02   4.85256407E-03
   6000.7084195967682        6.74833218E-03   4.58133686E-03
   6002.2979732554286        1.21829184E-02   4.78552422E-03
   6003.8875689254155        1.99604258E-02   4.95124748E-03
   6005.4772064676317        9.60060675E-03   4.72788233E-03
   6007.0668857429828        2.05174666E-02   4.89844335E-03
   6008.6566066123751        4.23152652E-03   4.55267634E-03
   6010.2463689367123        3.38492468E-02   5.22411615E-03
   6011.8361725768991        1.78563390E-02   4.95013967E-03
   6013.4260173938392        1.78475063E-02   4.91043879E-03
   6015.0159032484407        1.54513577E-02   4.77991486E-03
   6016.6058300016066        1.63061786E-02   4.86190291E-03
   6018.1957975142413        9.73764714E-03   4.66710050E-03
   6019.7858056472496        1.79744978E-02   4.85515082E-03
   6021.3758542615369        1.43187782E-02   4.76968987E-03
   6022.9659432180088        1.61779579E-02   4.83235391E-03
   6024.5560723775679        1.32465232E-02   4.74931626E-03
   6026.1462416011227        2.26206575E-02   5.03144739E-03
   6027.7364507495731        2.10949145E-02   4.98641282E-03
   6029.3266996838283        2.03925334E-02   5.02612488E-03
   6030.9169882647911        1.93759296E-02   4.99920826E-03
   6032.5073163533671        2.39623059E-02   5.06343320E-03
   6034.0976838104616        1.65729281E-02   4.90080798E-03
   6035.6880904969785        2.03816630E-02   5.03073679E-03
   6037.2785362738223        1.11184912E-02   4.80204029E-03
   6038.8690210018985        1.57265645E-02   4.85376082E-03
   6040.4595445421128        1.74837988E-02   4.90576820E-03
   6042.0501067553678        7.97561463E-03   4.73593595E-03
   6043.6407075025709        1.52700795E-02   4.84404061E-03
   6045.2313466446249        1.75595563E-02   4.90716705E-03
   6046.8220240424353        1.21518401E-02   4.92076715E-03
   6048.4127395569085        1.28401406E-02   4.87641664E-03
   6050.0034930489473        1.53272748E-02   5.00860717E-03
   6051.5942843794573        1.08369226E-02   4.84599825E-03
   6053.1851134093422        1.35704363E-02   4.79899254E-03
   6054.7759799995083        1.64098889E-02   4.94369585E-03
   6056.3668840108612        2.18644477E-02   4.98675881E-03
   6057.9578253043055        2.54100952E-02   5.12581179E-03
   6059.5488037407431        1.63461193E-02   5.03907958E-03
   6061.1398191810813        2.19786931E-02   5.03167463E-03
   6062.7308714862265        2.02268343E-02   4.97436989E-03
   6064.3219605170798        1.80268493E-02   4.97062597E-03
   6065.9130861345484        1.48517853E-02   4.90057329E-03
   6067.5042481995370        1.77276041E-02   4.99027595E-03
   6069.0954465729501        1.12921186E-02   4.86756442E-03
   6070.6866811156933        2.39176862E-02   5.13274642E-03
   6072.2779516886703        1.18840523E-02   4.88090515E-03
   6073.8692581527848        2.11645775E-02   5.06581692E-03
   6075.4606003689451        1.09427432E-02   4.81628440E-03
   6077.0519781980538        2.00255308E-02   5.11766411E-03
   6078.6433915010166        2.01315060E-02   5.07617649E-03
   6080.2348401387380        2.21127961E-02   5.10814646E-03
   6081.8263239721218        7.37763708E-03   4.72849049E-03
   6083.4178428620744        1.49061540E-02   4.88028629E-03
   6085.0093966694994        2.30110623E-02   5.08254999E-03
   6086.6009852553043        2.76418552E-02   5.17921662E-03
   6088.1926084803908        1.05801905E-02   4.77836654E-03
   6089.7842662056655        9.94089339E-03   4.82135080E-03
   6091.3759582920320        2.60701627E-02   5.20263938E-03
   6092.9676846003958        2.24676039E-02   5.11223124E-03
   6094.5594449916625        3.11480816E-02   5.30303502E-03
   6096.1512393267367        1.14300800E-02   4.91017150E-03
   6097.7430674665211        1.61094256E-02   5.02557168E-03
   6099.3349292719231        1.69022791E-02   5.01558371E-03
   6100.9268246038473        1.82583202E-02   4.96594142E-03
   6102.5187533231974        1.96589455E-02   4.99914680E-03
   6104.1107152908789        2.46624760E-02   5.21285972E-03
   6105.7027103677974        1.04725258E-02   4.82169166E-03
   6107.2947384148547        2.20787395E-02   5.15706465E-03
   6108.8867992929609        2.20387466E-02   5.17811673E-03
   6110.4788928630160        2.29715072E-02   5.13679441E-03
   6112.0710189859274        2.46505886E-02   5.27713168E-03
   6113.6631775225987        1.86435226E-02   5.15351212E-03
   6115.2553683339365        2.37327665E-02   5.18700993E-03
   6116.8475912808426        1.57360882E-02   5.04861353E-03
   6118.4398462242261        1.74170155E-02   5.10280626E-03
   6120.0321330249881        1.73371788E-02   5.05078863E-03
   6121.6244515440349        1.80569533E-02   5.07581187E-03
   6123.2168016422711        2.00870074E-02   5.14919078E-03
   6124.8091831806041        1.79503616E-02   5.06014703E-03
   6126.4015960199340        2.29130816E-02   5.21764578E-03
   6127.9940400211681        1.60743278E-02   5.05280774E-03
   6129.5865150452119        1.83015484E-02   5.09477919E-03
   6131.1790209529690        1.76804550E-02   5.08406851E-03
   6132.7715576053452        2.70828698E-02   5.28458832E-03
   6134.3641248632448        1.95924453E-02   5.13063092E-03
   6135.9567225875735        1.54038100E-02   5.00455778E-03
   6137.5493506392340        1.68481749E-02   5.04348101E-03
   6139.1420088791338        4.15225886E-03   4.71714931E-03
   6140.7346971681773        1.73856076E-02   5.18012978E-03
   6142.3274153672683        2.73649413E-02   5.36164781E-03
   6143.9201633373095        1.90144833E-02   5.12361340E-03
   6145.5129409392111        7.87032582E-03   4.98281978E-03
   6147.1057480338741        1.92043167E-02   5.26941242E-03
   6148.6985844822048        3.27955112E-02   5.52516431E-03
   6150.2914501451069        1.38670383E-02   5.07918885E-03
   6151.8843448834868        1.43650537E-02   5.09729609E-03
   6153.4772685582484        1.93608180E-02   5.21807140E-03
   6155.0702210302952        1.51596973E-02   5.12709981E-03
   6156.6632021605355        1.40306316E-02   5.09539107E-03
   6158.2562118098713        6.72533643E-03   4.93216608E-03
   6159.8492498392088        1.86146256E-02   5.21332212E-03
   6161.4423161094519        2.06355657E-02   5.12753241E-03
   6163.0354104815060        1.00333989E-02   4.89674974E-03
   6164.6285328162767        1.50374146E-02   5.15791634E-03
   6166.2216829746676        1.91840976E-02   5.22045931E-03
   6167.8148608175834        1.24300951E-02   5.13061741E-03
   6169.4080662059314        1.88362990E-02   5.27067762E-03
   6171.0012990006126        2.36109775E-02   5.37154311E-03
   6172.5945590625352        1.77994259E-02   5.30529069E-03
   6174.1878462526010        2.03449354E-02   5.29052597E-03
   6175.7811604317185        1.94715895E-02   5.33263758E-03
   6177.3745014607903        2.07981430E-02   5.34517597E-03
   6178.9678692007210        1.96085852E-02   5.32067195E-03
   6180.5612635124153        1.77497286E-02   5.24627231E-03
   6182.1546842567795        1.21644642E-02   5.15335519E-03
   6183.7481312947184        2.01302432E-02   5.37320599E-03
   6185.3416044871365        2.22371146E-02   5.45547437E-03
   6186.9351036949374        2.88941171E-02   5.64884814E-03
   6188.5286287790268        1.52710285E-02   5.22887381E-03
   6190.1221796003101        1.25383092E-02   5.24294190E-03
   6191.7157560196911        1.68508887E-02   5.28748194E-03
   6193.3093578980761        1.44120557E-02   5.26089082E-03
   6194.9029850963689        1.89798549E-02   5.44588128E-03
   6196.4966374754749        1.61098856E-02   5.36424574E-03
   6198.0903148962980        2.36175805E-02   5.52096311E-03
   6199.6840172197444        1.82241518E-02   5.39883506E-03
   6201.2777443067189        1.83758568E-02   5.42709511E-03
   6202.8714960181233        2.30372585E-02   5.55554545E-03
   6204.4652722148676        1.30662099E-02   5.39012998E-03
   6206.0590727578519        1.24544660E-02   5.34238480E-03
   6207.6528975079837        1.24697303E-02   5.35281887E-03
   6209.2467463261673        2.20448636E-02   5.58167975E-03
   6210.8406190733076        9.86030232E-03   5.30784763E-03
   6212.4345156103091        1.75201576E-02   5.50179649E-03
   6214.0284357980763        2.21436527E-02   5.54651581E-03
   6215.6223794975167        1.31447660E-02   5.31077571E-03
   6217.2163465695312        1.90134607E-02   5.51539147E-03
   6218.8103368750271        1.61100235E-02   5.44264121E-03
   6220.4043502749091        1.78996567E-02   5.53395692E-03
   6221.9983866300809        2.51607429E-02   5.70814824E-03
   6223.5924458014479        2.71477289E-02   5.77768404E-03
   6225.1865276499166        1.26147289E-02   5.49003249E-03
   6226.7806320363889        1.96909234E-02   5.52176917E-03
   6228.3747588217720        1.74445156E-02   5.50222816E-03
   6229.9689078669699        1.59724411E-02   5.44648059E-03
   6231.5630790328869        2.39680838E-02   5.66898799E-03
   6233.1572721804287        2.11216975E-02   5.71950898E-03
   6234.7514871705007        2.01099813E-02   5.89008536E-03
   6236.3457238640058        1.97946075E-02   5.86622115E-03
   6237.9399821218503        1.40033634E-02   5.71508845E-03
   6239.5342618049390        1.36238337E-02   5.66137908E-03
   6241.1285627741772        8.40674713E-03   5.45587717E-03
   6242.7228848904670        1.38911111E-02   5.58140036E-03
   6244.3172280147173        1.60606820E-02   5.53701073E-03
   6245.9115920078302        2.52647903E-02   5.79706347E-03
   6247.5059767307121        1.50497435E-02   5.51907159E-03
   6249.1003820442656        1.96316205E-02   5.77273825E-03
   6250.6948078093983        1.87614448E-02   5.71924122E-03
   6252.2892538870137        1.76938232E-02   5.65323094E-03
   6253.8837201380165        2.89522372E-02   5.95637551E-03
   6255.4782064233113        1.23407301E-02   5.62820630E-03
   6257.0727126038037        2.41530016E-02   6.04275567E-03
   6258.6672385403981        2.62522884E-02   6.09000633E-03
   6260.2617840939993        2.12984513E-02   5.97326737E-03
   6261.8563491255145        2.86779422E-02   6.07374497E-03
   6263.4509334958448        2.48172879E-02   6.00568904E-03
   6265.0455370658965        2.66197007E-02   6.15133485E-03
   6266.6401596965752        3.04257385E-02   6.12739148E-03
   6268.2348012487846        1.85920727E-02   5.79107786E-03
   6269.8294615834302        2.00250484E-02   5.92557807E-03
   6271.4241405614175        1.98678263E-02   5.97252836E-03
   6273.0188380436512        1.81496795E-02   5.91633283E-03
   6274.6135538910348        1.46690635E-02   5.83173754E-03
   6276.2082879644731        1.42211663E-02   5.81134390E-03
   6277.8030401248725        2.02433951E-02   5.81145054E-03
   6279.3978102331384        2.89868340E-02   6.07449049E-03
   6280.9925981501729        2.04676278E-02   5.91337075E-03
   6282.5874037368831        2.45770756E-02   6.07408211E-03
   6284.1822268541746        1.34109398E-02   5.88995265E-03
   6285.7770673629493        1.92779619E-02   6.10499224E-03
   6287.3719251241127        1.52266752E-02   6.07168069E-03
   6288.9667999985713        2.81039756E-02   6.36349944E-03
   6290.5616918472297        2.43261941E-02   6.20058738E-03
