   3855.2268000660429        3.15238908E-02   5.91700710E-03
   3856.6168424396647        1.73410326E-02   5.29256789E-03
   3858.0071240615921        1.98387485E-02   5.33939991E-03
   3859.3976447927303        3.08047384E-02   5.53251244E-03
   3860.7884044939833        3.09646428E-02   5.58380689E-03
   3862.1794030262572        2.20599771E-02   5.45067107E-03
   3863.5706402504557        2.00505089E-02   5.56316599E-03
   3864.9621160274842        2.48376355E-02   5.77225490E-03
   3866.3538302182465        3.15393768E-02   5.84542193E-03
   3867.7457826836489        2.63994224E-02   5.59244724E-03
   3869.1379732845958        2.54106224E-02   5.46455430E-03
   3870.5304018819911        3.34281474E-02   5.55878272E-03
   3871.9230683367405        2.79598050E-02   5.23113692E-03
   3873.3159725097489        3.34765837E-02   5.61149651E-03
   3874.7091142619201        2.46395264E-02   5.48919849E-03
   3876.1024934541601        2.94747856E-02   5.59034012E-03
   3877.4961099473735        2.32340172E-02   5.34413802E-03
   3878.8899636024644        2.61224266E-02   5.34386141E-03
   3880.2840542803378        2.04386227E-02   5.02951583E-03
   3881.6783818418994        2.44700667E-02   5.04549639E-03
   3883.0729461480532        2.84658726E-02   5.24358312E-03
   3884.4677470597039        2.54034754E-02   5.11145545E-03
   3885.8627844377575        2.51878202E-02   5.09645697E-03
   3887.2580581431171        3.02622952E-02   5.19800326E-03
   3888.6535680366887        3.15663591E-02   5.12111280E-03
   3890.0493139793766        2.43099686E-02   5.01377089E-03
   3891.4452958320862        2.89730597E-02   5.35911648E-03
   3892.8415134557213        2.49279141E-02   5.27262269E-03
   3894.2379667111882        2.19934825E-02   5.06859878E-03
   3895.6346554593906        3.95275243E-02   5.53962821E-03
   3897.0315795612332        3.15223411E-02   5.32111758E-03
   3898.4287388776211        2.87879743E-02   5.30242547E-03
   3899.8261332694597        2.77429800E-02   5.27982507E-03
   3901.2237625976531        3.04039866E-02   5.20561775E-03
   3902.6216267231066        2.43014582E-02   4.99319145E-03
   3904.0197255067242        2.59031001E-02   4.95773694E-03
   3905.4180588094114        3.47255096E-02   5.18961158E-03
   3906.8166264920733        2.68122107E-02   4.99172835E-03
   3908.2154284156140        2.86508556E-02   5.18082362E-03
   3909.6144644409392        2.87221354E-02   5.18797478E-03
   3911.0137344289524        1.63637232E-02   4.90044756E-03
   3912.4132382405596        2.68389713E-02   5.20970067E-03
   3913.8129757366646        1.68703496E-02   4.92285984E-03
   3915.2129467781738        4.64006998E-02   5.60149457E-03
   3916.6131512259904        2.61882991E-02   4.94476687E-03
   3918.0135889410199        2.40575355E-02   4.92676068E-03
   3919.4142597841669        3.04249413E-02   4.96706134E-03
   3920.8151636163370        2.17522252E-02   4.65877075E-03
   3922.2163002984339        2.27032006E-02   4.59392928E-03
   3923.6176696913626        3.09466645E-02   4.81672352E-03
   3925.0192716560286        1.97436381E-02   4.42503393E-03
   3926.4211060533362        2.47017667E-02   4.44803806E-03
   3927.8231727441907        2.59273499E-02   4.36222786E-03
   3929.2254715894960        3.00773159E-02   4.22068406E-03
   3930.6280024501580        2.40197890E-02   3.87706258E-03
   3932.0307651870812        2.17123125E-02   3.61346756E-03
   3933.4337596611699        2.18599048E-02   3.44700040E-03
   3934.8369857333291        2.45326776E-02   3.58529133E-03
   3936.2404432644639        2.81356033E-02   3.82450246E-03
   3937.6441321154789        2.79797427E-02   4.01870674E-03
   3939.0480521472787        3.59033011E-02   4.43127286E-03
   3940.4522032207692        2.24337671E-02   4.20106808E-03
   3941.8565851968538        2.85001583E-02   4.43613203E-03
   3943.2611979364383        2.44858637E-02   4.28121956E-03
   3944.6660413004270        2.92518251E-02   4.47669765E-03
   3946.0711151497248        3.34275141E-02   4.65906365E-03
   3947.4764193452365        3.65790017E-02   4.75343969E-03
   3948.8819537478676        3.33569087E-02   4.79943724E-03
   3950.2877182185216        2.79370323E-02   4.67981957E-03
   3951.6937126181051        3.15309167E-02   4.73605655E-03
   3953.0999368075209        2.79243328E-02   4.65948693E-03
   3954.5063906476753        2.71490496E-02   4.67571849E-03
   3955.9130739994721        1.77109968E-02   4.35645459E-03
   3957.3199867238172        2.84078475E-02   4.63655870E-03
   3958.7271286816144        2.50013489E-02   4.53589344E-03
   3960.1344997337692        2.88423803E-02   4.51532658E-03
   3961.5420997411857        2.85514630E-02   4.36995411E-03
   3962.9499285647698        3.43793258E-02   4.34783241E-03
   3964.3579860654254        2.01360565E-02   3.74034373E-03
   3965.7662721040579        1.98961534E-02   3.68145341E-03
   3967.1747865415718        2.56598368E-02   3.62276030E-03
   3968.5835292388715        2.91657727E-02   3.66773084E-03
   3969.9925000568624        2.95810215E-02   3.68619012E-03
   3971.4016988564495        2.25648209E-02   3.53772170E-03
   3972.8111254985374        2.92064883E-02   4.01149690E-03
   3974.2207798440304        2.94843689E-02   4.12368868E-03
   3975.6306617538344        2.27006767E-02   4.11099289E-03
   3977.0407710888530        2.90254410E-02   4.40179370E-03
   3978.4511077099919        2.70977765E-02   4.52463794E-03
   3979.8616714781551        2.49271486E-02   4.48542181E-03
   3981.2724622542482        2.56298985E-02   4.56693396E-03
   3982.6834798991758        3.23824920E-02   4.70556458E-03
   3984.0947242738425        2.71451660E-02   4.49153455E-03
   3985.5061952391534        1.70863923E-02   4.27793991E-03
   3986.9178926560130        3.03195398E-02   4.61713923E-03
   3988.3298163853269        2.27561239E-02   4.41604108E-03
   3989.7419662879988        2.68978029E-02   4.57021361E-03
   3991.1543422249342        2.54303999E-02   4.62099956E-03
   3992.5669440570377        2.03929674E-02   4.43738047E-03
   3993.9797716452144        2.52751447E-02   4.64165164E-03
   3995.3928248503685        2.20051054E-02   4.41365642E-03
   3996.8061035334053        2.23607067E-02   4.41140076E-03
   3998.2196075552297        2.11034939E-02   4.39748866E-03
   3999.6333367767461        2.56197974E-02   4.50480776E-03
   4001.0472910588601        2.84685828E-02   4.65350971E-03
   4002.4614702624749        2.30567046E-02   4.56994353E-03
   4003.8758742484974        2.73246355E-02   4.55526356E-03
   4005.2905028778314        1.84937399E-02   4.23626788E-03
   4006.7053560113809        2.32558586E-02   4.39251261E-03
   4008.1204335100524        2.37516388E-02   4.43745404E-03
   4009.5357352347492        2.98596285E-02   4.64992737E-03
   4010.9512610463771        2.29119938E-02   4.54232330E-03
   4012.3670108058404        2.62966603E-02   4.58225003E-03
   4013.7829843740446        2.25173533E-02   4.53573186E-03
   4015.1991816118939        2.45898850E-02   4.55299299E-03
   4016.6156023802928        2.50395443E-02   4.53850953E-03
   4018.0322465401473        2.07910649E-02   4.44263313E-03
   4019.4491139523607        2.75985207E-02   4.60547954E-03
   4020.8662044778389        2.57730540E-02   4.55234759E-03
   4022.2835179774866        2.34524608E-02   4.53563919E-03
   4023.7010543122087        2.02389900E-02   4.37766965E-03
   4025.1188133429087        2.90872026E-02   4.62630298E-03
   4026.5367949304937        2.02219822E-02   4.44594631E-03
   4027.9549989358661        2.40704045E-02   4.59447503E-03
   4029.3734252199329        2.67847218E-02   4.55150567E-03
   4030.7920736435976        2.53323950E-02   4.39868635E-03
   4032.2109440677650        2.04794724E-02   4.11042338E-03
   4033.6300363533410        1.72249861E-02   4.03960608E-03
   4035.0493503612288        2.40007956E-02   4.30651335E-03
   4036.4688859523344        2.23532561E-02   4.40865010E-03
   4037.8886429875624        2.21778192E-02   4.46805079E-03
   4039.3086213278179        3.05505041E-02   4.68739122E-03
   4040.7288208340046        3.23002413E-02   4.68353508E-03
   4042.1492413670289        1.63541622E-02   4.24299994E-03
   4043.5698827877941        2.94051860E-02   4.43534227E-03
   4044.9907449572061        2.09966078E-02   4.15408332E-03
   4046.4118277361690        2.38493942E-02   4.17088205E-03
   4047.8331309855880        2.65489426E-02   4.27432917E-03
   4049.2546545663681        2.09790748E-02   4.29360243E-03
   4050.6763983394139        1.72063597E-02   4.24180645E-03
   4052.0983621656296        2.47174129E-02   4.42777155E-03
   4053.5205459059212        2.42542308E-02   4.34275717E-03
   4054.9429494211927        2.42234711E-02   4.28045774E-03
   4056.3655725723488        2.37121806E-02   4.23282990E-03
   4057.7884152202951        2.51281038E-02   4.30380320E-03
   4059.2114772259356        2.34765206E-02   4.37032245E-03
   4060.6347584501759        1.88558344E-02   4.15006978E-03
   4062.0582587539202        1.56422313E-02   4.04407410E-03
   4063.4819779980735        2.35606674E-02   4.17669117E-03
   4064.9059160435409        2.04341449E-02   4.03268449E-03
   4066.3300727512269        2.40431651E-02   4.18372825E-03
   4067.7544479820363        2.19670814E-02   4.23532398E-03
   4069.1790415968735        2.39132233E-02   4.25320305E-03
   4070.6038534566446        2.07882021E-02   4.19592671E-03
   4072.0288834222533        2.26305220E-02   4.21936950E-03
   4073.4541313546047        3.19948569E-02   4.39840276E-03
   4074.8795971146033        2.65721884E-02   4.27711289E-03
   4076.3052805631546        2.98222899E-02   4.33480786E-03
   4077.7311815611633        2.23330911E-02   4.12348378E-03
   4079.1572999695336        2.20972095E-02   4.12838254E-03
   4080.5836356491709        1.95937548E-02   4.21055360E-03
   4082.0101884609803        1.97619013E-02   4.20612283E-03
   4083.4369582658660        1.55990617E-02   4.12035547E-03
   4084.8639449247326        2.36619078E-02   4.23638197E-03
   4086.2911482984855        2.16439683E-02   4.22115810E-03
   4087.7185682480290        2.68395320E-02   4.40709852E-03
   4089.1462046342685        2.54906081E-02   4.40428732E-03
   4090.5740573181088        1.65151749E-02   4.24183533E-03
   4092.0021261604538        1.76881887E-02   4.17936966E-03
   4093.4304110222097        1.99233759E-02   4.19683103E-03
   4094.8589117642805        2.25533750E-02   4.19420842E-03
   4096.2876282475709        2.38792468E-02   4.18845145E-03
   4097.7165603329859        2.69826669E-02   4.19682544E-03
   4099.1457078814301        2.33736075E-02   4.03243070E-03
   4100.5750707538091        3.25217173E-02   4.17411793E-03
   4102.0046488110274        2.43750457E-02   3.93795362E-03
   4103.4344419139888        2.35751588E-02   3.86543036E-03
   4104.8644499235988        2.81970911E-02   4.13291948E-03
   4106.2946727007638        2.20387354E-02   4.04132204E-03
   4107.7251101063848        1.91344786E-02   4.03644703E-03
   4109.1557620013718        3.05676609E-02   4.31006262E-03
   4110.5866282466250        2.59549189E-02   4.22328431E-03
   4112.0177087030515        2.60387901E-02   4.23445832E-03
   4113.4490032315553        1.45207867E-02   4.04519076E-03
   4114.8805116930416        2.62480788E-02   4.31928877E-03
   4116.3122339484153        2.42832508E-02   4.31241374E-03
   4117.7441698585808        3.86137180E-02   4.58143093E-03
   4119.1763192844437        2.62889042E-02   4.26301034E-03
   4120.6086820869086        2.07704790E-02   4.14110720E-03
   4122.0412581268793        2.26417985E-02   4.16582031E-03
   4123.4740472652611        1.73716154E-02   4.04570810E-03
   4124.9070493629597        2.71334071E-02   4.32248553E-03
   4126.3402642808796        2.61928253E-02   4.27128840E-03
   4127.7736918799246        2.30420306E-02   4.09020344E-03
   4129.2073320210002        3.14269178E-02   4.33912687E-03
   4130.6411845650118        2.14841012E-02   4.06228239E-03
   4132.0752493728633        1.43034151E-02   3.85587988E-03
   4133.5095263054600        2.22312529E-02   4.01096931E-03
   4134.9440152237057        2.08823886E-02   4.00219439E-03
   4136.3787159885078        1.38119813E-02   3.94019857E-03
   4137.8136284607681        2.21455079E-02   4.20698943E-03
   4139.2487525013939        2.54252236E-02   4.30043926E-03
   4140.6840879712872        3.09360195E-02   4.35033301E-03
   4142.1196347313562        1.96887664E-02   4.01378237E-03
   4143.5553926425036        3.40443142E-02   4.31080908E-03
   4144.9913615656333        1.84414163E-02   3.90323671E-03
   4146.4275413616524        1.93918794E-02   3.98112228E-03
   4147.8639318914647        1.85475796E-02   4.03376715E-03
   4149.3005330159749        1.38155557E-02   3.87371425E-03
   4150.7373445960875        2.69198678E-02   4.17149812E-03
   4152.1743664927089        2.40738634E-02   4.09424910E-03
   4153.6115985667429        1.55516854E-02   3.83414770E-03
   4155.0490406790932        1.92529801E-02   3.96784674E-03
   4156.4866926906661        2.22515427E-02   3.92601965E-03
   4157.9245544623664        1.84256118E-02   3.95455258E-03
   4159.3626258550976        2.23397799E-02   4.06526681E-03
   4160.8009067297662        2.45410502E-02   4.16363589E-03
   4162.2393969472751        2.26252321E-02   4.17256961E-03
   4163.6780963685314        2.73816213E-02   4.29078471E-03
   4165.1170048544382        2.08310857E-02   4.09857556E-03
   4166.5561222659007        1.72861610E-02   4.00752993E-03
   4167.9954484638247        1.98807064E-02   4.03358322E-03
   4169.4349833091137        2.58392543E-02   4.13776748E-03
   4170.8747266626733        2.48974115E-02   4.06946801E-03
   4172.3146783854072        1.91001166E-02   3.90639063E-03
   4173.7548383382218        2.23788023E-02   3.96521250E-03
   4175.1952063820208        2.60138791E-02   4.07646038E-03
   4176.6357823777089        2.16445755E-02   3.96893313E-03
   4178.0765661861924        2.41951849E-02   3.97970062E-03
   4179.5175576683760        2.21199002E-02   4.01282823E-03
   4180.9587566851615        2.28086486E-02   4.01854282E-03
   4182.4001630974572        2.60492358E-02   4.08151606E-03
   4183.8417767661658        1.89629290E-02   3.91986454E-03
   4185.2835975521939        2.70132832E-02   4.08006692E-03
   4186.7256253164442        2.40369532E-02   3.95687949E-03
   4188.1678599198240        2.17475519E-02   3.91247682E-03
   4189.6103012232352        2.06763167E-02   3.90254194E-03
   4191.0529490875851        2.58786809E-02   4.07485850E-03
   4192.4958033737767        2.31238361E-02   4.07434208E-03
   4193.9388639427170        2.23852228E-02   4.04370762E-03
   4195.3821306553082        1.68699604E-02   3.84939043E-03
   4196.8256033724574        2.25524735E-02   3.87692731E-03
   4198.2692819550675        2.36963816E-02   3.87937459E-03
   4199.7131662640450        2.50675101E-02   3.92004242E-03
   4201.1572561602934        2.69491319E-02   3.95436212E-03
   4202.6015515047184        2.59862039E-02   3.97373596E-03
   4204.0460521582254        2.51081269E-02   3.95444874E-03
   4205.4907579817182        2.10703909E-02   3.93896410E-03
   4206.9356688361004        2.27933452E-02   4.05630004E-03
   4208.3807845822794        2.45853178E-02   4.05677455E-03
   4209.8261050811570        2.43858956E-02   4.08429047E-03
   4211.2716301936416        2.49142870E-02   4.09604749E-03
   4212.7173597806359        2.51406338E-02   4.09497973E-03
   4214.1632937030454        2.27631759E-02   3.99889052E-03
   4215.6094318217738        2.57954132E-02   4.03993903E-03
   4217.0557739977266        1.99729204E-02   3.85831390E-03
   4218.5023200918095        2.38686744E-02   3.97519162E-03
   4219.9490699649259        2.79787630E-02   4.10363451E-03
   4221.3960234779806        1.72892883E-02   3.87533684E-03
   4222.8431804918800        1.95067935E-02   3.91766755E-03
   4224.2905408675279        2.89287679E-02   3.96490563E-03
   4225.7381044658296        2.04640757E-02   3.61866504E-03
   4227.1858711476880        2.78543122E-02   3.78311076E-03
   4228.6338407740104        2.62455493E-02   3.79420398E-03
   4230.0820132057006        2.75447108E-02   3.95140052E-03
   4231.5303883036631        2.54885964E-02   4.03944775E-03
   4232.9789659288044        2.42457762E-02   3.96210607E-03
   4234.4277459420273        2.71115527E-02   3.99139849E-03
   4235.8767282042363        2.23309342E-02   3.81382275E-03
   4237.3259125763379        1.85060799E-02   3.68925650E-03
   4238.7752989192359        2.58413758E-02   3.86566506E-03
   4240.2248870938365        2.59947386E-02   3.91341234E-03
   4241.6746769610418        2.18126271E-02   3.81874479E-03
   4243.1246683817599        1.87961813E-02   3.79246729E-03
   4244.5748612168927        2.08376702E-02   3.87696875E-03
   4246.0252553273476        2.50105839E-02   3.90707795E-03
   4247.4758505740265        2.20101178E-02   3.77686578E-03
   4248.9266468178366        2.65623722E-02   3.87982698E-03
   4250.3776439196827        2.86177136E-02   3.85922217E-03
   4251.8288417404683        2.53908150E-02   3.83619894E-03
   4253.2802401410991        1.70798581E-02   3.61943012E-03
   4254.7318389824795        1.91590842E-02   3.73838027E-03
   4256.1836381255143        2.67261639E-02   3.87115101E-03
   4257.6356374311090        1.80817898E-02   3.67179466E-03
   4259.0878367601672        2.01141536E-02   3.68581782E-03
   4260.5402359735945        2.49383524E-02   3.70688597E-03
   4261.9928349322954        1.91499144E-02   3.60567379E-03
   4263.4456334971746        2.26655509E-02   3.77034908E-03
   4264.8986315291386        2.44713034E-02   3.90238897E-03
   4266.3518288890900        2.64199544E-02   3.94529663E-03
   4267.8052254379354        2.25654244E-02   3.80076072E-03
   4269.2588210365766        1.44539503E-02   3.52237071E-03
   4270.7126155459227        2.15580966E-02   3.63428378E-03
   4272.1666088268757        2.36944761E-02   3.60326353E-03
   4273.6208007403402        2.45991275E-02   3.61198350E-03
   4275.0751911472225        2.44296826E-02   3.68764810E-03
   4276.5297799084265        2.66970024E-02   3.82892624E-03
   4277.9845668848584        2.68592834E-02   3.87414359E-03
   4279.4395519374211        1.99541561E-02   3.73064703E-03
   4280.8947349270193        2.38439366E-02   3.77954962E-03
   4282.3501157145593        2.92298608E-02   3.84904165E-03
   4283.8056941609457        2.08299346E-02   3.68926022E-03
   4285.2614701270841        2.60684174E-02   3.78765631E-03
   4286.7174434738772        2.99960636E-02   3.88407684E-03
   4288.1736140622297        1.64852161E-02   3.45468009E-03
   4289.6299817530498        2.47213896E-02   3.66538763E-03
   4291.0865464072385        2.44948789E-02   3.67712206E-03
   4292.5433078857022        2.22489648E-02   3.60012287E-03
   4294.0002660493456        2.02496350E-02   3.59561597E-03
   4295.4574207590749        2.51558386E-02   3.72584560E-03
   4296.9147718757922        1.59559138E-02   3.41577525E-03
   4298.3723192604048        2.30006967E-02   3.46716563E-03
   4299.8300627738163        1.84902772E-02   3.29129980E-03
   4301.2880022769305        2.42398176E-02   3.37529578E-03
   4302.7461376306546        2.05231532E-02   3.31362663E-03
   4304.2044686958916        2.02536490E-02   3.30977421E-03
   4305.6629953335478        2.32241694E-02   3.40108084E-03
   4307.1217174045260        1.98558737E-02   3.27886106E-03
   4308.5806347697326        2.17234045E-02   3.26512591E-03
   4310.0397472900722        2.43631173E-02   3.32673057E-03
   4311.4990548264495        1.58703122E-02   3.19630140E-03
   4312.9585572397682        1.71313509E-02   3.33662820E-03
   4314.4182543909355        1.74903627E-02   3.51363933E-03
   4315.8781461408544        1.63498502E-02   3.69682536E-03
   4317.3382323504302        1.50478454E-02   3.70719261E-03
   4318.7985128805676        2.25307755E-02   3.87253705E-03
   4320.2589875921713        2.55234949E-02   3.94637836E-03
   4321.7196563461457        1.40777305E-02   3.59641109E-03
   4323.1805190033974        2.31970809E-02   3.67594301E-03
   4324.6415754248301        2.16340292E-02   3.49807763E-03
   4326.1028254713474        2.17949264E-02   3.43426503E-03
   4327.5642690038558        2.46579219E-02   3.65815382E-03
   4329.0259058832607        2.71461308E-02   3.77307553E-03
   4330.4877359704651        2.25542616E-02   3.82867665E-03
   4331.9497591263735        2.02504937E-02   3.73890740E-03
   4333.4119752118932        1.87669881E-02   3.69411777E-03
   4334.8743840879270        2.52467562E-02   3.81568610E-03
   4336.3369856153804        2.69231163E-02   3.82228987E-03
   4337.7997796551572        2.25406792E-02   3.55902081E-03
   4339.2627660681646        2.22489554E-02   3.42782470E-03
   4340.7259447153056        2.60869041E-02   3.47900204E-03
   4342.1893154574846        2.06671357E-02   3.38265207E-03
   4343.6528781556081        2.50093117E-02   3.60066164E-03
   4345.1166326705797        2.30856389E-02   3.67199909E-03
   4346.5805788633033        2.16139089E-02   3.67561029E-03
   4348.0447165946871        2.70166956E-02   3.84779368E-03
   4349.5090457256319        2.36679092E-02   3.74418730E-03
   4350.9735661170453        2.22927034E-02   3.62416357E-03
   4352.4382776298316        2.29787342E-02   3.60653549E-03
   4353.9031801248948        2.22699530E-02   3.61960893E-03
   4355.3682734631393        2.90167592E-02   3.80950281E-03
   4356.8335575054707        2.33949497E-02   3.72372498E-03
   4358.2990321127954        2.70617884E-02   3.79402121E-03
   4359.7646971460154        2.20496133E-02   3.67525173E-03
   4361.2305524660369        2.69663688E-02   3.81400203E-03
   4362.6965979337647        2.53462419E-02   3.82837187E-03
   4364.1628334101033        2.48389840E-02   3.77890724E-03
   4365.6292587559592        2.13823337E-02   3.72476736E-03
   4367.0958738322352        3.16621028E-02   3.89958941E-03
   4368.5626784998349        1.61837284E-02   3.54405097E-03
   4370.0296726196666        2.56000627E-02   3.74489673E-03
   4371.4968560526331        1.94678698E-02   3.60914972E-03
   4372.9642286596400        2.12734770E-02   3.57857742E-03
   4374.4317903015908        2.00847033E-02   3.51922587E-03
   4375.8995408393912        2.09754426E-02   3.51233338E-03
   4377.3674801339457        2.55730506E-02   3.68960248E-03
   4378.8356080461599        1.97768062E-02   3.60476691E-03
   4380.3039244369384        2.74877194E-02   3.72338900E-03
   4381.7724291671857        2.70231124E-02   3.63138947E-03
   4383.2411220978065        2.21963450E-02   3.39633645E-03
   4384.7100030897054        2.45537553E-02   3.40811349E-03
   4386.1790720037880        2.21289527E-02   3.40742012E-03
   4387.6483287009578        1.93847865E-02   3.44843138E-03
   4389.1177730421214        2.27224194E-02   3.57377622E-03
   4390.5874048881833        1.81024186E-02   3.44453263E-03
   4392.0572241000464        2.28030514E-02   3.62085155E-03
   4393.5272305386179        2.31431499E-02   3.61851975E-03
   4394.9974240648007        2.15511620E-02   3.56330140E-03
   4396.4678045395012        2.50108335E-02   3.66564910E-03
   4397.9383718236231        2.54682954E-02   3.71311908E-03
   4399.4091257780719        1.59725547E-02   3.50116706E-03
   4400.8800662637532        2.15879828E-02   3.59072816E-03
   4402.3511931415687        1.93394125E-02   3.49118677E-03
   4403.8225062724259        1.61586255E-02   3.42441187E-03
   4405.2940055172303        2.24073101E-02   3.53533076E-03
   4406.7656907368846        1.39342118E-02   3.32164415E-03
   4408.2375617922944        1.86263993E-02   3.50772706E-03
   4409.7096185443643        2.48171892E-02   3.68374609E-03
   4411.1818608539998        2.62649246E-02   3.80072463E-03
   4412.6542885821045        2.66959667E-02   3.81946261E-03
   4414.1269015895850        2.01405603E-02   3.62258498E-03
   4415.5996997373441        1.80933438E-02   3.54001066E-03
   4417.0726828862889        2.21581645E-02   3.59378336E-03
   4418.5458508973215        2.36498769E-02   3.72154219E-03
   4420.0192036313501        1.89825799E-02   3.65905929E-03
   4421.4927409492757        3.03961840E-02   3.88350175E-03
   4422.9664627120055        2.47974936E-02   3.75775597E-03
   4424.4403687804452        2.50412170E-02   3.75469378E-03
   4425.9144590154974        2.60666683E-02   3.74469906E-03
   4427.3887332780669        1.89052857E-02   3.62115633E-03
   4428.8631914290600        2.06663795E-02   3.68497986E-03
   4430.3378333293813        1.82716809E-02   3.60589358E-03
   4431.8126588399346        1.86700523E-02   3.60292639E-03
   4433.2876678216262        2.21521128E-02   3.61912488E-03
   4434.7628601353590        2.07974426E-02   3.55613395E-03
   4436.2382356420394        1.97475944E-02   3.58732557E-03
   4437.7137942025711        2.57465448E-02   3.74110602E-03
   4439.1895356778605        2.50551905E-02   3.78052751E-03
   4440.6654599288113        1.76073927E-02   3.60500417E-03
   4442.1415668163281        2.37938371E-02   3.67699284E-03
   4443.6178562013156        1.69317853E-02   3.52814584E-03
   4445.0943279446792        1.79302860E-02   3.61519028E-03
   4446.5709819073245        1.88933704E-02   3.66644072E-03
   4448.0478179501551        2.35337038E-02   3.78735177E-03
   4449.5248359340758        2.48149242E-02   3.77489929E-03
   4451.0020357199910        2.25216374E-02   3.71795194E-03
   4452.4794171688072        2.37358045E-02   3.72382742E-03
   4453.9569801414291        2.47268789E-02   3.71368020E-03
   4455.4347244987594        2.93695331E-02   3.72464466E-03
   4456.9126501017045        2.98147574E-02   3.69920558E-03
   4458.3907568111690        2.64140051E-02   3.63275269E-03
   4459.8690444880576        1.73432883E-02   3.45146982E-03
   4461.3475129932758        2.84253974E-02   3.70619399E-03
   4462.8261621877273        2.13411469E-02   3.63094895E-03
   4464.3049919323166        2.18578149E-02   3.64855654E-03
   4465.7840020879503        2.26758104E-02   3.66324955E-03
   4467.2631925155320        2.61127129E-02   3.71276541E-03
   4468.7425630759672        2.81381086E-02   3.82621912E-03
   4470.2221136301587        1.82258300E-02   3.55036976E-03
   4471.7018440390148        1.54789034E-02   3.54544749E-03
   4473.1817541634373        2.94824000E-02   3.89412162E-03
   4474.6618438643327        2.23173145E-02   3.76850017E-03
   4476.1421130026047        3.51929776E-02   4.04442428E-03
   4477.6225614391587        2.02087015E-02   3.73319373E-03
   4479.1031890349004        2.38874760E-02   3.75863025E-03
   4480.5839956507325        2.26128884E-02   3.66467889E-03
   4482.0649811475614        1.74795128E-02   3.58028337E-03
   4483.5461453862918        2.76521519E-02   3.78357014E-03
   4485.0274882278281        2.65772194E-02   3.80942901E-03
   4486.5090095330752        1.83693357E-02   3.66288703E-03
   4487.9907091629375        2.50972696E-02   3.80579475E-03
   4489.4725869783215        2.66744364E-02   3.76933860E-03
   4490.9546428401291        2.00620238E-02   3.65179288E-03
   4492.4368766092684        3.08568757E-02   3.86514445E-03
   4493.9192881466424        2.61025354E-02   3.75780533E-03
   4495.4018773131556        2.62561478E-02   3.74374911E-03
   4496.8846439697127        2.31283437E-02   3.71388346E-03
   4498.3675879772209        2.11987849E-02   3.71864089E-03
   4499.8507091965821        2.70336475E-02   3.85113689E-03
   4501.3340074887028        2.59439256E-02   3.84299201E-03
   4502.8174827144876        2.66060494E-02   3.85108963E-03
   4504.3011347348411        3.12951505E-02   3.94445052E-03
   4505.7849634106669        2.78842635E-02   3.92868230E-03
   4507.2689686028725        2.53842659E-02   3.85105237E-03
   4508.7531501723606        1.83385909E-02   3.71649675E-03
   4510.2375079800368        1.91796925E-02   3.74519406E-03
   4511.7220418868055        2.03412604E-02   3.71842016E-03
   4513.2067517535725        2.74772365E-02   3.87802534E-03
   4514.6916374412403        2.11033281E-02   3.72286723E-03
   4516.1766988107165        2.49474905E-02   3.76899540E-03
   4517.6619357229047        2.54347660E-02   3.80570279E-03
   4519.1473480387094        2.47518439E-02   3.75709962E-03
   4520.6329356190363        1.97951384E-02   3.66563117E-03
   4522.1186983247890        2.04637740E-02   3.69696505E-03
   4523.6046360168730        2.51631029E-02   3.78034567E-03
   4525.0907485561929        2.89921500E-02   3.86260613E-03
   4526.5770358036543        2.80203130E-02   3.72083951E-03
   4528.0634976201618        2.03487575E-02   3.53896199E-03
   4529.5501338666190        1.58524849E-02   3.46047943E-03
   4531.0369444039325        2.07330473E-02   3.58065963E-03
   4532.5239290930058        2.54635289E-02   3.68966442E-03
   4534.0110877947436        2.44145505E-02   3.66343977E-03
   4535.4984203700515        3.16258520E-02   3.82789620E-03
   4536.9859266798348        2.89918166E-02   3.80220776E-03
   4538.4736065849957        2.53901184E-02   3.77268926E-03
   4539.9614599464430        2.49011554E-02   3.79023072E-03
   4541.4494866250789        1.85528882E-02   3.62829911E-03
   4542.9376864818087        2.00729780E-02   3.63524095E-03
   4544.4260593775361        2.42581852E-02   3.73122538E-03
   4545.9146051731677        2.10593157E-02   3.66953714E-03
   4547.4033237296071        2.43187957E-02   3.69204418E-03
   4548.8922149077607        3.00683156E-02   3.78107885E-03
   4550.3812785685332        2.80119684E-02   3.77883227E-03
   4551.8705145728263        2.18421444E-02   3.62386391E-03
   4553.3599227815484        2.06151102E-02   3.56890401E-03
   4554.8495030556023        2.08971221E-02   3.58817820E-03
   4556.3392552558944        2.48125661E-02   3.72507260E-03
   4557.8291792433274        2.04801392E-02   3.64916935E-03
   4559.3192748788088        2.10891087E-02   3.70704872E-03
   4560.8095420232412        2.22912580E-02   3.73509363E-03
   4562.2999805375293        2.32160725E-02   3.75952944E-03
   4563.7905902825787        2.34709289E-02   3.72342812E-03
   4565.2813711192957        2.88292989E-02   3.77899921E-03
   4566.7723229085832        3.45750749E-02   3.93687002E-03
   4568.2634455113457        2.83378158E-02   3.78901162E-03
   4569.7547387884897        1.94963831E-02   3.65128694E-03
   4571.2462026009189        2.89477017E-02   3.84461833E-03
   4572.7378368095378        2.24489234E-02   3.65296262E-03
   4574.2296412752521        2.73257233E-02   3.74185923E-03
   4575.7216158589672        2.83571351E-02   3.83684249E-03
   4577.2137604215859        2.36528087E-02   3.71447206E-03
   4578.7060748240156        1.97868608E-02   3.60564189E-03
   4580.1985589271580        2.21849754E-02   3.62384017E-03
   4581.6912125919198        2.71843616E-02   3.68804345E-03
   4583.1840356792063        2.53652632E-02   3.66434664E-03
   4584.6770280499213        2.35285368E-02   3.62058147E-03
   4586.1701895649703        2.32037455E-02   3.57934879E-03
   4587.6635200852570        2.81041488E-02   3.77701828E-03
   4589.1570194716869        2.22031996E-02   3.65741551E-03
   4590.6506875851655        2.30337959E-02   3.66623327E-03
   4592.1445242865975        2.00979467E-02   3.54596251E-03
   4593.6385294368856        2.40802858E-02   3.62677849E-03
   4595.1327028969381        2.57223230E-02   3.64542962E-03
   4596.6270445276559        2.34716628E-02   3.59824440E-03
   4598.1215541899483        3.41529064E-02   3.84207279E-03
   4599.6162317447152        2.58505531E-02   3.70453438E-03
   4601.1110770528649        2.24273559E-02   3.60670476E-03
   4602.6060899753011        1.80962607E-02   3.50732217E-03
   4604.1012703729293        2.11421587E-02   3.57423839E-03
   4605.5966181066533        2.19356865E-02   3.56558897E-03
   4607.0921330373785        1.96622182E-02   3.55315302E-03
   4608.5878150260096        2.31396109E-02   3.67719913E-03
   4610.0836639334511        1.82810351E-02   3.57962120E-03
   4611.5796796206087        3.43782939E-02   3.87859507E-03
   4613.0758619483859        1.59891415E-02   3.46512138E-03
   4614.5722107776883        2.62478963E-02   3.69540858E-03
   4616.0687259694214        2.19174307E-02   3.63251008E-03
   4617.5654073844889        2.24303659E-02   3.62568861E-03
   4619.0622548837955        1.91814881E-02   3.51477740E-03
   4620.5592683282475        3.04682851E-02   3.76872648E-03
   4622.0564475787478        2.53503975E-02   3.69225326E-03
   4623.5537924962036        2.62756031E-02   3.72117595E-03
   4625.0513029415160        2.60259453E-02   3.67783429E-03
   4626.5489787755932        2.08241995E-02   3.59732611E-03
   4628.0468198593398        2.37855669E-02   3.62395030E-03
   4629.5448260536587        3.06866486E-02   3.80192697E-03
   4631.0429972194561        3.04766297E-02   3.78666096E-03
   4632.5413332176367        1.88759826E-02   3.53090139E-03
   4634.0398339091043        1.92688834E-02   3.54889571E-03
   4635.5384991547644        1.86643675E-02   3.51397856E-03
   4637.0373288155233        2.20952649E-02   3.56583437E-03
   4638.5363227522839        2.40538046E-02   3.54145910E-03
   4640.0354808259499        2.97310539E-02   3.70829692E-03
   4641.5348028974304        2.51685902E-02   3.58864875E-03
   4643.0342888276255        1.96269620E-02   3.50899436E-03
   4644.5339384774434        2.46778484E-02   3.66916717E-03
   4646.0337517077869        2.04024892E-02   3.50143434E-03
   4647.5337283795616        2.45847609E-02   3.53080593E-03
   4649.0338683536720        2.15796642E-02   3.49134882E-03
   4650.5341714910228        2.98550986E-02   3.68525623E-03
   4652.0346376525204        2.29841210E-02   3.58107081E-03
   4653.5352666990675        2.25294959E-02   3.58450552E-03
   4655.0360584915707        2.14514341E-02   3.51324235E-03
   4656.5370128909335        1.77262649E-02   3.42121627E-03
   4658.0381297580607        2.32098978E-02   3.59813496E-03
   4659.5394089538586        2.67309770E-02   3.68413306E-03
   4661.0408503392300        3.07018161E-02   3.77724203E-03
   4662.5424537750805        2.38595027E-02   3.61745409E-03
   4664.0442191223165        2.49420907E-02   3.57799022E-03
   4665.5461462418398        1.60141103E-02   3.33813019E-03
   4667.0482349945587        1.93033013E-02   3.38928611E-03
   4668.5504852413751        3.20382826E-02   3.62109789E-03
   4670.0528968431945        1.71334520E-02   3.39199649E-03
   4671.5554696609224        2.95172464E-02   3.63688800E-03
   4673.0582035554635        2.43088547E-02   3.59627348E-03
   4674.5610983877223        2.70445980E-02   3.66340135E-03
   4676.0641540186043        3.05082332E-02   3.71848280E-03
   4677.5673703090133        2.73836721E-02   3.66767682E-03
   4679.0707471198548        2.41180100E-02   3.59607697E-03
   4680.5742843120324        2.98635475E-02   3.62847303E-03
   4682.0779817464527        2.80615017E-02   3.64244753E-03
   4683.5818392840210        2.58518029E-02   3.61183332E-03
   4685.0858567856385        2.93950066E-02   3.68050020E-03
   4686.5900341122142        2.54772939E-02   3.63903493E-03
   4688.0943711246500        2.95299347E-02   3.69950640E-03
   4689.5988676838524        2.60134824E-02   3.64197488E-03
   4691.1035236507250        1.84626020E-02   3.46246664E-03
   4692.6083388861744        2.17662957E-02   3.53384949E-03
   4694.1133132511040        2.93534733E-02   3.71860131E-03
   4695.6184466064178        2.05850471E-02   3.48922540E-03
   4697.1237388130230        2.41771992E-02   3.61233042E-03
   4698.6291897318224        3.57925557E-02   3.78701859E-03
   4700.1347992237215        2.70970166E-02   3.63005628E-03
   4701.6405671496250        2.72810906E-02   3.56289395E-03
   4703.1464933704383        2.15764716E-02   3.46317072E-03
   4704.6525777470661        2.11481061E-02   3.47009278E-03
   4706.1588201404129        2.29770951E-02   3.50040151E-03
   4707.6652204113825        2.53043957E-02   3.54985241E-03
   4709.1717784208813        2.53839456E-02   3.58291389E-03
   4710.6784940298139        3.04587968E-02   3.70126683E-03
   4712.1853670990840        2.25959048E-02   3.51603539E-03
   4713.6923974895981        2.53393147E-02   3.64731951E-03
   4715.1995850622598        2.17198953E-02   3.54432873E-03
   4716.7069296779746        1.94442030E-02   3.52023588E-03
   4718.2144311976463        2.14109384E-02   3.58028221E-03
   4719.7220894821803        1.81629267E-02   3.53834801E-03
   4721.2299043924822        2.44905874E-02   3.65884136E-03
   4722.7378757894548        2.30826084E-02   3.64074833E-03
   4724.2460035340055        2.13868245E-02   3.61618726E-03
   4725.7542874870378        1.90342311E-02   3.52207501E-03
   4727.2627275094555        2.13828702E-02   3.54954600E-03
   4728.7713234621651        2.35789660E-02   3.56842764E-03
   4730.2800752060703        2.00712439E-02   3.47623345E-03
   4731.7889826020764        2.70665977E-02   3.59884812E-03
   4733.2980455110892        2.43837852E-02   3.63277760E-03
   4734.8072637940122        2.29772124E-02   3.58338584E-03
   4736.3166373117501        2.39172596E-02   3.56393168E-03
   4737.8261659252094        2.06522178E-02   3.53964907E-03
   4739.3358494952918        2.24360265E-02   3.59007204E-03
   4740.8456878829056        2.03503408E-02   3.55700846E-03
   4742.3556809489528        2.00950988E-02   3.54523398E-03
   4743.8658285543406        1.95768066E-02   3.53175821E-03
   4745.3761305599719        1.69416331E-02   3.51154269E-03
   4746.8865868267521        2.20867563E-02   3.58539168E-03
   4748.3971972155859        2.24479754E-02   3.61943711E-03
   4749.9079615873788        1.61817409E-02   3.45814228E-03
   4751.4188798030364        2.08967626E-02   3.54849291E-03
   4752.9299517234613        2.18152385E-02   3.54974321E-03
   4754.4411772095591        2.50544157E-02   3.59314447E-03
   4755.9525561222363        1.96254142E-02   3.47532518E-03
   4757.4640883223938        2.38393210E-02   3.60450591E-03
   4758.9757736709407        1.81245077E-02   3.49274650E-03
   4760.4876120287790        2.40796357E-02   3.62037309E-03
   4761.9996032568160        2.15964373E-02   3.52742593E-03
   4763.5117472159545        1.72303244E-02   3.42830154E-03
   4765.0240437670991        1.77451298E-02   3.37786227E-03
   4766.5364927711562        2.80295461E-02   3.62760457E-03
   4768.0490940890295        1.99865196E-02   3.51785519E-03
   4769.5618475816245        2.52735112E-02   3.63611430E-03
   4771.0747531098450        2.44251657E-02   3.63284280E-03
   4772.5878105345964        2.19900310E-02   3.60507146E-03
   4774.1010197167843        2.33780518E-02   3.62409861E-03
   4775.6143805173133        1.83162689E-02   3.53514985E-03
   4777.1278927970861        1.86469145E-02   3.53562436E-03
   4778.6415564170102        2.65101492E-02   3.70709295E-03
   4780.1553712379891        1.75060909E-02   3.49653489E-03
   4781.6693371209276        1.98472850E-02   3.56545579E-03
   4783.1834539267311        1.88421179E-02   3.47132492E-03
   4784.6977215163042        2.50233300E-02   3.62737710E-03
   4786.2121397505516        1.90601461E-02   3.51353758E-03
   4787.7267084903779        1.97477508E-02   3.47725465E-03
   4789.2414275966885        1.80141777E-02   3.50289326E-03
   4790.7562969303872        2.15965658E-02   3.57430917E-03
   4792.2713163523804        1.66765526E-02   3.47986678E-03
   4793.7864857235718        2.00861972E-02   3.59288882E-03
   4795.3018049048660        1.91090330E-02   3.56926350E-03
   4796.8172737571686        1.72935035E-02   3.51473154E-03
   4798.3328921413840        2.14907154E-02   3.62206833E-03
   4799.8486599184171        1.31339291E-02   3.37970187E-03
   4801.3645769491723        1.77970324E-02   3.48952902E-03
   4802.8806430945551        1.90240331E-02   3.50749516E-03
   4804.3968582154703        1.77153293E-02   3.50455544E-03
   4805.9132221728223        2.47632898E-02   3.65949166E-03
   4807.4297348275149        2.00447775E-02   3.50699434E-03
   4808.9463960404555        2.40129847E-02   3.60585889E-03
   4810.4632056725477        1.80569850E-02   3.49704735E-03
   4811.9801635846952        1.18829058E-02   3.36535252E-03
   4813.4972696378045        1.76560935E-02   3.49190366E-03
   4815.0145236927792        2.18766630E-02   3.63230705E-03
   4816.5319256105249        2.05716416E-02   3.57240811E-03
   4818.0494752519453        1.63840856E-02   3.50716175E-03
   4819.5671724779468        1.88113078E-02   3.57728428E-03
   4821.0850171494330        2.38367822E-02   3.64651158E-03
   4822.6030091273096        1.87916495E-02   3.53884674E-03
   4824.1211482724802        1.09853260E-02   3.34185036E-03
   4825.6394344458504        1.99120585E-02   3.54152382E-03
   4827.1578675083256        1.99760217E-02   3.55331181E-03
   4828.6764473208095        2.65645888E-02   3.67202726E-03
   4830.1951737442078        2.69562732E-02   3.71027878E-03
   4831.7140466394249        1.84502192E-02   3.50791635E-03
   4833.2330658673663        1.93059202E-02   3.50244227E-03
   4834.7522312889350        1.72232427E-02   3.43722664E-03
   4836.2715427650382        2.24893335E-02   3.58962780E-03
   4837.7910001565779        2.57079843E-02   3.67194600E-03
   4839.3106033244621        2.53554620E-02   3.60937952E-03
   4840.8303521295929        2.07754858E-02   3.53353284E-03
   4842.3502464328776        3.06665972E-02   3.71723832E-03
   4843.8702860952189        2.52738204E-02   3.61060700E-03
   4845.3904709775225        3.23679969E-02   3.73992999E-03
   4846.9108009406928        2.99726408E-02   3.74851213E-03
   4848.4312758456344        2.22128909E-02   3.56960972E-03
   4849.9518955532540        2.33630929E-02   3.55371088E-03
   4851.4726599244541        2.92404983E-02   3.71317170E-03
   4852.9935688201404        2.09671762E-02   3.50610446E-03
   4854.5146221012192        3.00262980E-02   3.65410675E-03
   4856.0358196285924        2.90817060E-02   3.58861196E-03
   4857.5571612631666        2.92032454E-02   3.50528699E-03
   4859.0786468658471        2.48878729E-02   3.38610145E-03
   4860.6002762975377        2.68773492E-02   3.31663946E-03
   4862.1220494191421        2.39384957E-02   3.23005393E-03
   4863.6439660915685        1.91844068E-02   3.20882094E-03
   4865.1660261757188        1.94499437E-02   3.28744645E-03
   4866.6882295324986        2.68557388E-02   3.54481465E-03
   4868.2105760228133        2.02480722E-02   3.40934237E-03
   4869.7330655075675        2.56864782E-02   3.49000050E-03
   4871.2556978476650        2.80963238E-02   3.54369939E-03
   4872.7784729040122        2.20467299E-02   3.37682734E-03
   4874.3013905375128        2.39859987E-02   3.46133113E-03
   4875.8244506090714        2.52840109E-02   3.53868213E-03
   4877.3476529795944        3.43179107E-02   3.73790623E-03
   4878.8709975099837        2.88269911E-02   3.67291342E-03
   4880.3944840611484        2.87705101E-02   3.65289929E-03
   4881.9181124939896        1.84182003E-02   3.44080082E-03
   4883.4418826694136        2.61131227E-02   3.57893808E-03
   4884.9657944483251        1.77142620E-02   3.38949775E-03
   4886.4898476916287        1.82572417E-02   3.38955340E-03
   4888.0140422602299        1.44660855E-02   3.26362019E-03
   4889.5383780150323        1.91347934E-02   3.34347435E-03
   4891.0628548169416        2.22803485E-02   3.38041293E-03
   4892.5874725268632        2.29142029E-02   3.46190738E-03
   4894.1122310056999        2.52755117E-02   3.56385275E-03
   4895.6371301143590        2.21559387E-02   3.55844968E-03
   4897.1621697137434        2.32288148E-02   3.59299779E-03
   4898.6873496647595        1.96952838E-02   3.48537974E-03
   4900.2126698283100        1.65133439E-02   3.39980214E-03
   4901.7381300653014        2.48529352E-02   3.61273088E-03
   4903.2637302366384        2.22203843E-02   3.47881508E-03
   4904.7894702032245        2.18518190E-02   3.51000880E-03
   4906.3153498259662        2.79021934E-02   3.67103447E-03
   4907.8413689657673        1.86566953E-02   3.45985591E-03
   4909.3675274835332        1.99683849E-02   3.40872444E-03
   4910.8938252401686        2.43301876E-02   3.51810688E-03
   4912.4202620965780        2.09830850E-02   3.42578348E-03
   4913.9468379136661        1.87674444E-02   3.46824434E-03
   4915.4735525523383        2.16049720E-02   3.49534280E-03
   4917.0004058734994        2.30032615E-02   3.51187657E-03
   4918.5273977380539        2.44916305E-02   3.40343476E-03
   4920.0545280069064        1.82929263E-02   3.25001776E-03
   4921.5817965409615        2.31535211E-02   3.35625536E-03
   4923.1092032011247        2.27415785E-02   3.38760368E-03
   4924.6367478483007        1.85297318E-02   3.35838343E-03
   4926.1644303433941        2.61527207E-02   3.54031520E-03
   4927.6922505473103        2.17035264E-02   3.52298445E-03
   4929.2202083209531        2.34390404E-02   3.53491516E-03
   4930.7483035252289        2.41051801E-02   3.57727963E-03
   4932.2765360210406        2.67946515E-02   3.59023735E-03
   4933.8049056692935        2.32547205E-02   3.50840110E-03
   4935.3334123308932        1.83719490E-02   3.35198827E-03
   4936.8620558667453        2.16776468E-02   3.43075092E-03
   4938.3908361377516        2.05892157E-02   3.36649641E-03
   4939.9197530048204        2.24190652E-02   3.39169009E-03
   4941.4488063288536        1.98313314E-02   3.42339161E-03
   4942.9779959707585        2.06856150E-02   3.47012095E-03
   4944.5073217914369        1.92462802E-02   3.48127191E-03
   4946.0367836517980        2.55846120E-02   3.59874079E-03
   4947.5663814127420        2.03314703E-02   3.48284771E-03
   4949.0961149351760        2.10374296E-02   3.49012855E-03
   4950.6259840800049        2.53415350E-02   3.59507091E-03
   4952.1559887081339        1.63939968E-02   3.39861191E-03
   4953.6861286804669        2.01931614E-02   3.46710742E-03
   4955.2164038579076        2.25082655E-02   3.47865187E-03
   4956.7468141013633        2.23213565E-02   3.41577106E-03
   4958.2773592717385        2.23100092E-02   3.40378634E-03
   4959.8080392299353        1.46019487E-02   3.26757575E-03
   4961.3388538368617        2.44190972E-02   3.53517616E-03
   4962.8698029534207        1.94591470E-02   3.46456654E-03
   4964.4008864405178        2.18490437E-02   3.48196947E-03
   4965.9321041590583        1.62400100E-02   3.38164321E-03
   4967.4634559699462        1.95759330E-02   3.41762812E-03
   4968.9949417340858        2.79637147E-02   3.59380525E-03
   4970.5265613123829        2.08731610E-02   3.43988393E-03
   4972.0583145657420        2.60413159E-02   3.59284319E-03
   4973.5902013550676        1.95440147E-02   3.45076411E-03
   4975.1222215412654        1.73833538E-02   3.40815471E-03
   4976.6543749852399        2.60464884E-02   3.57217086E-03
   4978.1866615478948        1.71552822E-02   3.37795098E-03
   4979.7190810901375        1.83279701E-02   3.34890280E-03
   4981.2516334728698        1.59900859E-02   3.25702736E-03
   4982.7843185569982        2.39469912E-02   3.40497191E-03
   4984.3171362034273        1.53127266E-02   3.21074459E-03
   4985.8500862730616        2.52314005E-02   3.46254860E-03
   4987.3831686268059        1.61855184E-02   3.34214908E-03
   4988.9163831255655        2.11813841E-02   3.47226579E-03
   4990.4497296302443        2.09868085E-02   3.45134712E-03
   4991.9832080017486        2.82757655E-02   3.57643887E-03
   4993.5168181009813        2.38245092E-02   3.52131994E-03
   4995.0505597888496        2.68257167E-02   3.56840156E-03
   4996.5844329262563        2.72709113E-02   3.60245607E-03
   4998.1184373741080        3.32087278E-02   3.70986038E-03
   4999.6525729933064        2.20557433E-02   3.49558052E-03
   5001.1868396447608        2.83183083E-02   3.56256380E-03
   5002.7212371893720        2.45695394E-02   3.44754918E-03
   5004.2557654880466        2.24997774E-02   3.41200456E-03
   5005.7904244016891        2.74078567E-02   3.47852544E-03
   5007.3252137912050        2.78658587E-02   3.50961043E-03
   5008.8601335174972        2.70869937E-02   3.54180881E-03
   5010.3951834414738        2.29578353E-02   3.45998979E-03
   5011.9303634240368        2.40666959E-02   3.42704286E-03
   5013.4656733260917        2.39470918E-02   3.43516027E-03
   5015.0011130085441        2.91943029E-02   3.54171917E-03
   5016.5366823322975        2.54524816E-02   3.46500450E-03
   5018.0723811582584        2.15584897E-02   3.38199502E-03
   5019.6082093473296        2.43274253E-02   3.42557044E-03
   5021.1441667604176        2.39955783E-02   3.44089651E-03
   5022.6802532584261        2.08853018E-02   3.37276096E-03
   5024.2164687022614        1.97525378E-02   3.38509190E-03
   5025.7528129528264        2.46226117E-02   3.51455854E-03
   5027.2892858710275        2.83752028E-02   3.53176473E-03
   5028.8258873177692        2.78851520E-02   3.58492043E-03
   5030.3626171539545        2.95469873E-02   3.61014577E-03
   5031.8994752404906        2.95009147E-02   3.68177984E-03
   5033.4364614382821        2.48641931E-02   3.57266748E-03
   5034.9735756082327        3.13139632E-02   3.67291667E-03
   5036.5108176112471        3.22296359E-02   3.66386864E-03
   5038.0481873082308        2.63310019E-02   3.54326377E-03
   5039.5856845600892        2.44280584E-02   3.42894718E-03
   5041.1233092277253        2.90507078E-02   3.53194959E-03
   5042.6610611720462        2.39248890E-02   3.47372447E-03
   5044.1989402539548        2.32174136E-02   3.47414264E-03
   5045.7369463343566        2.55520642E-02   3.57437856E-03
   5047.2750792741572        2.48178877E-02   3.56980460E-03
   5048.8133389342602        2.71219965E-02   3.61780752E-03
   5050.3517251755711        2.21824907E-02   3.46711813E-03
   5051.8902378589946        2.07839515E-02   3.41747771E-03
   5053.4288768454353        1.70580074E-02   3.37136374E-03
   5054.9676419957977        2.73087453E-02   3.59339849E-03
   5056.5065331709875        2.16913614E-02   3.53039405E-03
   5058.0455502319091        2.56360080E-02   3.61425499E-03
   5059.5846930394673        2.29421277E-02   3.53670330E-03
   5061.1239614545675        1.89537387E-02   3.48395784E-03
   5062.6633553381134        2.82994043E-02   3.66457691E-03
   5064.2028745510106        1.53594818E-02   3.38048930E-03
   5065.7425189541636        2.52355188E-02   3.55319679E-03
   5067.2822884084771        2.03529261E-02   3.47338151E-03
   5068.8221827748566        2.66103521E-02   3.59978923E-03
   5070.3622019142049        1.57061983E-02   3.37258237E-03
   5071.9023456874302        2.64721736E-02   3.60779697E-03
   5073.4426139554353        2.85679083E-02   3.62345111E-03
   5074.9830065791248        1.67323593E-02   3.38200480E-03
   5076.5235234194033        2.56327521E-02   3.61582893E-03
   5078.0641643371782        2.43311692E-02   3.51941143E-03
   5079.6049291933505        1.71804763E-02   3.35227535E-03
   5081.1458178488265        1.76518150E-02   3.31716053E-03
   5082.6868301645127        1.97511725E-02   3.40347132E-03
   5084.2279660013128        1.81465838E-02   3.42814182E-03
   5085.7692252201305        2.25609150E-02   3.50714405E-03
   5087.3106076818713        2.70619281E-02   3.64792487E-03
   5088.8521132474407        2.51690913E-02   3.62909632E-03
   5090.3937417777433        1.65816043E-02   3.42731667E-03
   5091.9354931336829        2.17939224E-02   3.57825751E-03
   5093.4773671761659        2.33656242E-02   3.61900590E-03
   5095.0193637660959        2.30339356E-02   3.57983168E-03
   5096.5614827643785        2.38079298E-02   3.55928717E-03
   5098.1037240319183        2.13792194E-02   3.48175759E-03
   5099.6460874296199        1.45324823E-02   3.30632017E-03
   5101.1885728183879        2.19658259E-02   3.47346300E-03
   5102.7311800591278        2.08453350E-02   3.51620745E-03
   5104.2739090127434        1.83535647E-02   3.48627474E-03
   5105.8167595401401        2.11740229E-02   3.49338446E-03
   5107.3597315022234        3.01164519E-02   3.67147638E-03
   5108.9028247598972        2.61755828E-02   3.59106902E-03
   5110.4460391740668        2.14950088E-02   3.49783688E-03
   5111.9893746056359        2.39622537E-02   3.54738627E-03
   5113.5328309155111        1.87832285E-02   3.50585114E-03
   5115.0764079645960        1.67451873E-02   3.44927656E-03
   5116.6201056137961        1.99551769E-02   3.52138118E-03
   5118.1639237240161        1.76614877E-02   3.50105041E-03
   5119.7078621561604        2.27585435E-02   3.57113848E-03
   5121.2519207711339        2.12813038E-02   3.53101757E-03
   5122.7960994298419        2.43538581E-02   3.55304172E-03
   5124.3403979931882        1.92410946E-02   3.43251601E-03
   5125.8848163220782        2.03195475E-02   3.43719358E-03
   5127.4293542774167        2.89631616E-02   3.66196199E-03
   5128.9740117201100        2.39910111E-02   3.48748220E-03
   5130.5187885110599        1.66726839E-02   3.39735299E-03
   5132.0636845111731        2.40659732E-02   3.54828523E-03
   5133.6086995813539        2.12641358E-02   3.48332222E-03
   5135.1538335825089        1.95336696E-02   3.48618976E-03
   5136.6990863755400        2.29526237E-02   3.54384189E-03
   5138.2444578213535        2.10779179E-02   3.47394822E-03
   5139.7899477808551        1.62904374E-02   3.32461833E-03
   5141.3355561149483        2.23010741E-02   3.47430818E-03
   5142.8812826845378        2.51381900E-02   3.59106530E-03
   5144.4271273505283        1.76161360E-02   3.41064623E-03
   5145.9730899738261        2.43705455E-02   3.52360704E-03
   5147.5191704153349        1.89101156E-02   3.46656074E-03
   5149.0653685359603        2.15948373E-02   3.51465866E-03
   5150.6116841966059        2.89287716E-02   3.65233538E-03
   5152.1581172581782        2.44562291E-02   3.60091683E-03
   5153.7046675815800        2.48759128E-02   3.57012823E-03
   5155.2513350277168        2.17337366E-02   3.54798627E-03
   5156.7981194574941        2.47685444E-02   3.60214245E-03
   5158.3450207318156        2.37881914E-02   3.63064744E-03
   5159.8920387115886        2.78915092E-02   3.66724981E-03
   5161.4391732577151        2.39432864E-02   3.55047476E-03
   5162.9864242311014        2.31320411E-02   3.56366788E-03
   5164.5337914926513        2.91522052E-02   3.59727489E-03
   5166.0812749032693        3.28386463E-02   3.56956804E-03
   5167.6288743238629        2.68678125E-02   3.43027106E-03
   5169.1765896153356        2.71361377E-02   3.43407388E-03
   5170.7244206385894        2.23822556E-02   3.29980976E-03
   5172.2723672545326        2.10746452E-02   3.24768666E-03
   5173.8204293240697        1.95471514E-02   3.29177454E-03
   5175.3686067081044        2.39720475E-02   3.47262505E-03
   5176.9168992675413        2.61673443E-02   3.62713146E-03
   5178.4653068632861        2.43620072E-02   3.60698788E-03
   5180.0138293562431        2.71031708E-02   3.66763235E-03
   5181.5624666073172        2.34018806E-02   3.47209000E-03
   5183.1112184774138        1.53414393E-02   3.14384350E-03
   5184.6600848274365        2.43689958E-02   3.32781137E-03
   5186.2090655182910        2.79126316E-02   3.49618378E-03
   5187.7581604108827        2.42171232E-02   3.54764052E-03
   5189.3073693661154        2.49345731E-02   3.61093576E-03
   5190.8566922448945        2.14546248E-02   3.47777712E-03
   5192.4061289081237        2.46167500E-02   3.56480456E-03
   5193.9556792167086        1.97958965E-02   3.38511448E-03
   5195.5053430315547        2.42791586E-02   3.65276006E-03
   5197.0551202135657        2.08818763E-02   3.62333725E-03
   5198.6050106236471        2.04388518E-02   3.67060327E-03
   5200.1550141227035        2.20310315E-02   3.73737048E-03
   5201.7051305716404        2.55049095E-02   3.72147700E-03
   5203.2553598313598        2.31977552E-02   3.57151753E-03
   5204.8057017627707        2.36654878E-02   3.57051101E-03
   5206.3561562267751        2.24545300E-02   3.47755384E-03
   5207.9067230842793        2.82356758E-02   3.57754761E-03
   5209.4574021961871        2.52999160E-02   3.60184698E-03
   5211.0081934234022        2.98832543E-02   3.69743607E-03
   5212.5590966268328        1.80417970E-02   3.49474442E-03
   5214.1101116673799        2.25809682E-02   3.58462473E-03
   5215.6612384059517        1.72996018E-02   3.45101440E-03
   5217.2124767034502        2.21696999E-02   3.50937201E-03
   5218.7638264207826        2.03108806E-02   3.49443126E-03
   5220.3152874188527        2.60383915E-02   3.65722086E-03
   5221.8668595585650        2.38436554E-02   3.62848816E-03
   5223.4185427008251        2.44138613E-02   3.65604507E-03
   5224.9703367065358        2.33661998E-02   3.55343241E-03
   5226.5222414366044        2.35214718E-02   3.51194688E-03
   5228.0742567519346        2.42996104E-02   3.52643896E-03
   5229.6263825134311        1.60456300E-02   3.35244951E-03
   5231.1786185819992        1.87193137E-02   3.44955688E-03
   5232.7309648185428        2.51944121E-02   3.60557926E-03
   5234.2834210839683        1.76036116E-02   3.42202978E-03
   5235.8359872391793        1.92231871E-02   3.47840111E-03
   5237.3886631450805        2.18904596E-02   3.58458934E-03
   5238.9414486625774        2.51145847E-02   3.69179295E-03
   5240.4943436525755        3.07541378E-02   3.78261344E-03
   5242.0473479759776        2.43236255E-02   3.65739362E-03
   5243.6004614936892        2.21786182E-02   3.61973513E-03
   5245.1536840666167        2.27636714E-02   3.65053280E-03
   5246.7070155556621        2.53449045E-02   3.70240817E-03
   5248.2604558217336        2.08384749E-02   3.54706170E-03
   5249.8140047257330        2.62383223E-02   3.65231233E-03
   5251.3676621285676        2.03852355E-02   3.57010565E-03
   5252.9214278911404        2.43381169E-02   3.67044681E-03
   5254.4753018743559        2.01617014E-02   3.55439889E-03
   5256.0292839391204        1.67978555E-02   3.50767886E-03
   5257.5833739463387        2.56073549E-02   3.74592259E-03
   5259.1375717569144        1.93237048E-02   3.61480820E-03
   5260.6918772317540        2.90800724E-02   3.73049965E-03
   5262.2462902317602        2.12061219E-02   3.53630167E-03
   5263.8008106178386        2.61817817E-02   3.56200687E-03
   5265.3554382508946        2.61694938E-02   3.56218941E-03
   5266.9101729918339        2.16411557E-02   3.44155799E-03
   5268.4650147015591        2.28716638E-02   3.46811628E-03
   5270.0199632409758        1.82510000E-02   3.34374583E-03
   5271.5750184709896        2.04405580E-02   3.42041138E-03
   5273.1301802525059        2.40064804E-02   3.56935104E-03
   5274.6854484464275        3.01349647E-02   3.73014482E-03
   5276.2408229136599        2.92529650E-02   3.75702255E-03
   5277.7963035151079        2.37754937E-02   3.63714457E-03
   5279.3518901116768        2.16772724E-02   3.60033358E-03
   5280.9075825642722        2.29859222E-02   3.63778882E-03
   5282.4633807337968        2.21387744E-02   3.59604089E-03
   5284.0192844811572        2.34936867E-02   3.63896973E-03
   5285.5752936672570        2.04878207E-02   3.57529428E-03
   5287.1314081530018        2.15870831E-02   3.66681302E-03
   5288.6876277992960        2.65934579E-02   3.75952339E-03
   5290.2439524670444        2.40283776E-02   3.74686089E-03
   5291.8003820171516        1.91213805E-02   3.62293492E-03
   5293.3569163105249        2.35885121E-02   3.71731864E-03
   5294.9135552080652        1.57869142E-02   3.57119832E-03
   5296.4702985706799        2.19158307E-02   3.60077317E-03
   5298.0271462592727        2.46583708E-02   3.68898851E-03
   5299.5840981347501        2.00462211E-02   3.53608327E-03
   5301.1411540580139        2.35310383E-02   3.68421851E-03
   5302.6983138899714        1.99750755E-02   3.60145210E-03
   5304.2555774915263        2.17504501E-02   3.61346896E-03
   5305.8129447235842        2.49579977E-02   3.75706796E-03
   5307.3704154470497        1.77422706E-02   3.55484383E-03
   5308.9279895228274        1.66862030E-02   3.56218894E-03
   5310.4856668118209        2.40754485E-02   3.79512622E-03
   5312.0434471749377        2.17980072E-02   3.68555100E-03
   5313.6013304730805        2.51631495E-02   3.76131525E-03
   5315.1593165671547        1.93100628E-02   3.61403171E-03
   5316.7174053180661        2.61321869E-02   3.76791903E-03
   5318.2755965867173        2.39962712E-02   3.71406181E-03
   5319.8338902340156        2.55558640E-02   3.75881721E-03
   5321.3922861208630        2.76978593E-02   3.81665956E-03
   5322.9507841081677        2.66059339E-02   3.77151789E-03
   5324.5093840568315        2.35030167E-02   3.68963019E-03
   5326.0680858277610        1.99161768E-02   3.54085886E-03
   5327.6268892818607        2.26016119E-02   3.58588807E-03
   5329.1857942800361        2.03272589E-02   3.49069433E-03
   5330.7448006831901        2.31133178E-02   3.67937773E-03
   5332.3039083522281        2.36683171E-02   3.74204223E-03
   5333.8631171480565        1.93804689E-02   3.63833527E-03
   5335.4224269315782        2.08562948E-02   3.68634029E-03
   5336.9818375636987        2.64521148E-02   3.80931282E-03
   5338.5413489053244        2.03204732E-02   3.65906977E-03
   5340.1009608173572        1.88785233E-02   3.57272686E-03
   5341.6606731607035        2.43158750E-02   3.68204596E-03
   5343.2204857962688        2.13816445E-02   3.62361316E-03
   5344.7803985849569        1.79588590E-02   3.60562420E-03
   5346.3404113876713        2.01346762E-02   3.67383799E-03
   5347.9005240653205        1.75745711E-02   3.56368441E-03
   5349.4607364788062        2.52926555E-02   3.74966557E-03
   5351.0210484890340        2.68280860E-02   3.77875846E-03
   5352.5814599569085        2.18901373E-02   3.73139512E-03
   5354.1419707433361        2.49909908E-02   3.81323951E-03
   5355.7025807092195        1.98124740E-02   3.67502961E-03
   5357.2632897154654        1.52274920E-02   3.58640822E-03
   5358.8240976229772        1.72147732E-02   3.69521487E-03
   5360.3850042926597        2.88933106E-02   3.87069280E-03
   5361.9460095854183        2.39552669E-02   3.76630714E-03
   5363.5071133621586        2.67092567E-02   3.80426017E-03
   5365.0683154837834        2.41638590E-02   3.72847356E-03
   5366.6296158112000        1.86090320E-02   3.59935127E-03
   5368.1910142053102        2.28789859E-02   3.68968328E-03
   5369.7525105270215        1.94549821E-02   3.56679223E-03
   5371.3141046372384        2.34737732E-02   3.67358001E-03
   5372.8757963968637        1.64391752E-02   3.52791674E-03
   5374.4375856668039        1.63089205E-02   3.60005023E-03
   5375.9994723079626        1.96822863E-02   3.70588643E-03
   5377.5614561812472        1.68696921E-02   3.63336923E-03
   5379.1235371475605        1.87690053E-02   3.68819735E-03
   5380.6857150678061        1.86693259E-02   3.67471692E-03
   5382.2479898028923        2.40230989E-02   3.74104688E-03
   5383.8103612137211        1.78213194E-02   3.65439313E-03
   5385.3728291611978        3.14816274E-02   3.91644286E-03
   5386.9353935062281        2.34911032E-02   3.76414275E-03
   5388.4980541097157        1.83607787E-02   3.66665237E-03
   5390.0608108325669        2.23005097E-02   3.73836048E-03
   5391.6236635356845        2.19421294E-02   3.67334276E-03
   5393.1866120799750        1.44922743E-02   3.53507861E-03
   5394.7496563263430        1.79757457E-02   3.60512035E-03
   5396.3127961356922        1.68437921E-02   3.54687613E-03
   5397.8760313689290        2.11268812E-02   3.66801932E-03
   5399.4393618869572        1.61608532E-02   3.54650128E-03
   5401.0027875506812        2.28057858E-02   3.74584366E-03
   5402.5663082210076        2.38194782E-02   3.71493003E-03
   5404.1299237588391        3.12676430E-02   3.84036009E-03
   5405.6936340250822        2.46429443E-02   3.66599881E-03
   5407.2574388806406        2.07357500E-02   3.63517483E-03
   5408.8213381864189        2.50297766E-02   3.70463380E-03
   5410.3853318033234        2.01325733E-02   3.59378429E-03
   5411.9494195922580        1.77386813E-02   3.61466128E-03
   5413.5136014141272        2.20799111E-02   3.70075600E-03
   5415.0778771298365        2.40766462E-02   3.73879587E-03
   5416.6422466002905        2.64409781E-02   3.78878275E-03
   5418.2067096863939        2.35424042E-02   3.81196802E-03
   5419.7712662490503        2.06876099E-02   3.74540733E-03
   5421.3359161491671        1.99261848E-02   3.68408370E-03
   5422.9006592476471        2.69996282E-02   3.82720307E-03
   5424.4654954053967        2.62771994E-02   3.81363835E-03
   5426.0304244833196        2.37731468E-02   3.77524854E-03
   5427.5954463423204        2.52955146E-02   3.75413313E-03
   5429.1605608433047        1.92165263E-02   3.67824524E-03
   5430.7257678471760        1.76038202E-02   3.62735614E-03
   5432.2910672148419        1.96651705E-02   3.65295494E-03
   5433.8564588072031        2.42436063E-02   3.78213101E-03
   5435.4219424851690        2.17751078E-02   3.67950904E-03
   5436.9875181096413        1.89969409E-02   3.69406678E-03
   5438.5531855415247        2.16225293E-02   3.76183633E-03
   5440.1189446417256        2.83648875E-02   3.95728881E-03
   5441.6847952711487        2.59683281E-02   3.89688998E-03
   5443.2507372906975        2.29117330E-02   3.80179309E-03
   5444.8167705612777        1.87597387E-02   3.65797919E-03
   5446.3828949437948        1.96887739E-02   3.71042080E-03
   5447.9491102991524        2.52010245E-02   3.78709775E-03
   5449.5154164882561        2.13084463E-02   3.72197805E-03
   5451.0818133720095        1.96127463E-02   3.76908528E-03
   5452.6483008113191        1.61116309E-02   3.63749382E-03
   5454.2148786670887        2.43455302E-02   3.78449680E-03
   5455.7815468002236        1.95652470E-02   3.73208895E-03
   5457.3483050716277        1.91247240E-02   3.66285397E-03
   5458.9151533422073        2.74506807E-02   3.91150499E-03
   5460.4820914728652        2.26994231E-02   3.80289718E-03
   5462.0491193245080        2.55639013E-02   3.84760206E-03
   5463.6162367580400        2.04020366E-02   3.72104254E-03
   5465.1834436343661        2.23685335E-02   3.73751228E-03
   5466.7507398143907        2.18694247E-02   3.77418171E-03
   5468.3181251590195        2.35998947E-02   3.79858701E-03
   5469.8855995291551        1.74306668E-02   3.68030835E-03
   5471.4531627857059        2.35341452E-02   3.81890940E-03
   5473.0208147895737        2.43073590E-02   3.85186239E-03
   5474.5885554016650        1.94606259E-02   3.72943701E-03
   5476.1563844828834        2.28218436E-02   3.73795419E-03
   5477.7243018941344        2.51640361E-02   3.80359916E-03
   5479.2923074963228        1.75462887E-02   3.57630895E-03
   5480.8604011503530        2.07431018E-02   3.76049243E-03
   5482.4285827171307        1.86843667E-02   3.67952604E-03
   5483.9968520575594        2.12353244E-02   3.74176004E-03
   5485.5652090325448        2.81589311E-02   3.95199889E-03
   5487.1336535029914        2.09162161E-02   3.77801410E-03
   5488.7021853298047        1.62424482E-02   3.66883515E-03
   5490.2708043738894        2.55703833E-02   3.84222297E-03
   5491.8395104961501        2.41573900E-02   3.86929349E-03
   5493.4083035574904        2.75508035E-02   3.92414583E-03
   5494.9771834188168        2.21228227E-02   3.82630806E-03
   5496.5461499410330        1.71793979E-02   3.67363403E-03
   5498.1152029850446        2.15914585E-02   3.82563239E-03
   5499.6843424117560        2.28990968E-02   3.81713896E-03
   5501.2535680820720        2.25462187E-02   3.84030119E-03
   5502.8228798568989        1.88626628E-02   3.69575736E-03
   5504.3922775971387        2.26367451E-02   3.80127179E-03
   5505.9617611636977        2.09378172E-02   3.78946424E-03
   5507.5313304174806        1.72565971E-02   3.73160257E-03
   5509.1009852193938        2.48644538E-02   3.85725056E-03
   5510.6707254303401        2.75299177E-02   3.93676292E-03
   5512.2405509112241        2.40509696E-02   3.85035737E-03
   5513.8104615229513        2.42687818E-02   3.83673375E-03
   5515.3804571264272        2.01471709E-02   3.74738616E-03
   5516.9505375825565        2.13105064E-02   3.83035280E-03
   5518.5207027522429        1.68399010E-02   3.73376650E-03
   5520.0909524963909        2.51628794E-02   3.90327978E-03
   5521.6612866759078        2.61747018E-02   3.94671643E-03
   5523.2317051516957        1.86152905E-02   3.79860052E-03
   5524.8022077846617        2.20733285E-02   3.86155187E-03
   5526.3727944357097        1.65554956E-02   3.63410753E-03
   5527.9434649657433        2.30925903E-02   3.85527126E-03
   5529.5142192356680        2.52891611E-02   3.86941573E-03
   5531.0850571063902        2.10079104E-02   3.82064050E-03
   5532.6559784388128        2.69317068E-02   3.93876014E-03
   5534.2269830938412        2.08620280E-02   3.86146549E-03
   5535.7980709323801        1.90933663E-02   3.79132736E-03
   5537.3692418153360        1.82438362E-02   3.77549813E-03
   5538.9404956036105        1.68072172E-02   3.76253622E-03
   5540.5118321581112        1.83487609E-02   3.77909304E-03
   5542.0832513397418        1.63651686E-02   3.74073768E-03
   5543.6547530094067        2.35271323E-02   3.89017281E-03
   5545.2263370280125        1.79821793E-02   3.80798988E-03
   5546.7980032564610        2.59728711E-02   3.99971567E-03
   5548.3697515556596        1.72249563E-02   3.78306140E-03
   5549.9415817865120        1.42608862E-02   3.73214274E-03
   5551.5134938099236        1.77115444E-02   3.81517434E-03
   5553.0854874867991        1.79968681E-02   3.83494748E-03
   5554.6575626780432        1.78771652E-02   3.72493244E-03
   5556.2297192445612        2.45762207E-02   3.94439790E-03
   5557.8019570472561        1.91254113E-02   3.81311006E-03
   5559.3742759470342        2.96939220E-02   4.04784223E-03
   5560.9466758048002        1.77918375E-02   3.78316804E-03
   5562.5191564814586        1.91487763E-02   3.86504480E-03
   5564.0917178379159        1.66663788E-02   3.74701852E-03
   5565.6643597350730        1.32505652E-02   3.67672346E-03
   5567.2370820338383        2.18057148E-02   3.88231385E-03
   5568.8098845951163        2.78388094E-02   4.00317786E-03
   5570.3827672798107        1.72761679E-02   3.79158184E-03
   5571.9557299488260        2.25436389E-02   3.86874680E-03
   5573.5287724630680        1.74100325E-02   3.95050133E-03
   5575.1018946834411        2.52059139E-02   7.15097832E-03
   5576.6750964708499        1.18023716E-02   8.91353656E-03
   5578.2483776861991        1.89475156E-02   9.21918172E-03
   5579.8217381903951        6.29889255E-04   8.07158090E-03
   5581.3951778443407        1.47335455E-02   5.00323670E-03
   5582.9686965089422        2.93365289E-02   4.22488432E-03
   5584.5422940451035        1.91472936E-02   3.83019401E-03
   5586.1159703137291        2.21556835E-02   3.87342670E-03
   5587.6897251757246        2.49352176E-02   3.89667437E-03
   5589.2635584919954        2.11335700E-02   3.77485901E-03
   5590.8374701234461        1.50184240E-02   3.71665950E-03
   5592.4114599309787        1.70066617E-02   3.75053450E-03
   5593.9855277755014        1.60687007E-02   3.76071176E-03
   5595.5596735179188        1.18625993E-02   3.66837950E-03
   5597.1338970191327        2.05986742E-02   3.86248156E-03
   5598.7081981400515        1.68604422E-02   3.80186061E-03
   5600.2825767415789        2.20221635E-02   3.87655827E-03
   5601.8570326846184        1.48202702E-02   3.67462682E-03
   5603.4315658300757        1.86387636E-02   3.83584201E-03
   5605.0061760388562        1.59775428E-02   3.80121893E-03
   5606.5808631718646        2.67819650E-02   4.11635917E-03
   5608.1556270900037        2.37446576E-02   4.06096457E-03
   5609.7304676541817        2.27604769E-02   4.02704254E-03
   5611.3053847253013        1.26619050E-02   3.75228771E-03
   5612.8803781642664        2.17814688E-02   3.96225788E-03
   5614.4554478319842        1.56109054E-02   3.76834208E-03
   5616.0305935893575        1.96719151E-02   3.87092936E-03
   5617.6058152972937        2.15290394E-02   3.86863668E-03
   5619.1811128166946        2.12261230E-02   3.94304562E-03
   5620.7564860084667        1.40655069E-02   3.75400088E-03
   5622.3319347335146        2.87985094E-02   4.15236829E-03
   5623.9074588527428        2.10693721E-02   3.92872561E-03
   5625.4830582270570        2.26479992E-02   3.96515848E-03
   5627.0587327173598        2.18311381E-02   3.97298066E-03
   5628.6344821845596        1.79859698E-02   3.85630433E-03
   5630.2103064895573        2.39303075E-02   4.06722538E-03
   5631.7862054932611        2.11812984E-02   4.01167572E-03
   5633.3621790565730        2.08975133E-02   3.99302784E-03
   5634.9382270403994        2.24140491E-02   4.01357701E-03
   5636.5143493056457        1.88712776E-02   3.93287372E-03
   5638.0905457132139        1.41884228E-02   3.76775581E-03
   5639.6668161240132        2.37207860E-02   4.00621630E-03
   5641.2431603989453        1.94311049E-02   3.97665054E-03
   5642.8195783989149        2.61842236E-02   4.07219678E-03
   5644.3960699848276        1.71603020E-02   3.89986625E-03
   5645.9726350175888        2.16051657E-02   3.98077024E-03
   5647.5492733581023        2.00021081E-02   3.98318470E-03
   5649.1259848672744        2.76306756E-02   4.11861110E-03
   5650.7027694060080        2.74970606E-02   4.14754171E-03
   5652.2796268352085        2.37699747E-02   4.06219251E-03
   5653.8565570157816        1.92641784E-02   3.94274481E-03
   5655.4335598086309        2.46045161E-02   4.07949835E-03
   5657.0106350746619        2.26600058E-02   3.97221697E-03
   5658.5877826747810        2.39913724E-02   4.02977597E-03
   5660.1650024698902        1.07826889E-02   3.71163501E-03
   5661.7422943208949        2.06873845E-02   3.99629492E-03
   5663.3196580887006        2.13863458E-02   4.00794297E-03
   5664.8970936342130        2.57877391E-02   4.14734287E-03
   5666.4746008183365        1.30067663E-02   3.83041380E-03
   5668.0521795019740        2.29863785E-02   4.06147121E-03
   5669.6298295460319        2.46605258E-02   4.12768871E-03
   5671.2075508114158        1.64032560E-02   3.98758100E-03
   5672.7853431590283        2.40523126E-02   4.12230194E-03
   5674.3632064497760        2.22423095E-02   4.13477374E-03
   5675.9411405445635        3.06671169E-02   4.28521167E-03
   5677.5191453042944        2.32119299E-02   4.12049564E-03
   5679.0972205898752        2.31215935E-02   4.04668925E-03
   5680.6753662622095        2.06007529E-02   4.04131040E-03
   5682.2535821822021        2.68728863E-02   4.16567316E-03
   5683.8318682107583        1.86853185E-02   3.97519302E-03
   5685.4102242087838        2.18127929E-02   4.07128874E-03
   5686.9886500371822        2.05536168E-02   4.03857883E-03
   5688.5671455568590        2.44181361E-02   4.12982889E-03
   5690.1457106287171        2.08889022E-02   4.02147043E-03
   5691.7243451136637        2.01596208E-02   4.04559681E-03
   5693.3030488726026        2.22802255E-02   4.13489062E-03
   5694.8818217664402        1.69144161E-02   4.03465144E-03
   5696.4606636560775        2.45557670E-02   4.15149890E-03
   5698.0395744024236        2.12972164E-02   4.10913676E-03
   5699.6185538663804        2.33247820E-02   4.17845417E-03
   5701.1976019088543        1.46687832E-02   3.92825669E-03
   5702.7767183907490        1.62404496E-02   4.00678441E-03
   5704.3559031729701        2.29198597E-02   4.20350023E-03
   5705.9351561164221        2.30455268E-02   4.08773264E-03
   5707.5144770820107        1.56453308E-02   3.93311540E-03
   5709.0938659306385        2.37305593E-02   4.08347091E-03
   5710.6733225232128        2.70452201E-02   4.15825145E-03
   5712.2528467206375        2.27287076E-02   4.13669460E-03
   5713.8324383838171        2.81411372E-02   4.18189820E-03
   5715.4120973736563        2.25478299E-02   4.13616188E-03
   5716.9918235510604        2.33334061E-02   4.23060637E-03
   5718.5716167769333        2.49825697E-02   4.18760022E-03
   5720.1514769121823        2.18080841E-02   4.16331226E-03
   5721.7314038177092        1.58457700E-02   4.10392508E-03
   5723.3113973544196        2.55372636E-02   4.26815543E-03
   5724.8914573832199        2.35617105E-02   4.27346630E-03
   5726.4715837650128        2.13264171E-02   4.19275183E-03
   5728.0517763607049        1.98682006E-02   4.16745804E-03
   5729.6320350312008        2.21950170E-02   4.21971688E-03
   5731.2123596374040        2.13714968E-02   4.18468332E-03
   5732.7927500402202        2.29329057E-02   4.23572725E-03
   5734.3732061005530        2.08441652E-02   4.20544529E-03
   5735.9537276793098        2.16249414E-02   4.21912782E-03
   5737.5343146373934        1.91357434E-02   4.10808949E-03
   5739.1149668357093        2.45353281E-02   4.27891361E-03
   5740.6956841351621        1.85908005E-02   4.18345444E-03
   5742.2764663966564        1.82513688E-02   4.14298894E-03
   5743.8573134810977        2.36665737E-02   4.26484877E-03
   5745.4382252493906        1.80591140E-02   4.14985511E-03
   5747.0192015624398        2.08739210E-02   4.21175035E-03
   5748.6002422811489        1.82456728E-02   4.13718494E-03
   5750.1813472664253        2.73760855E-02   4.30665771E-03
   5751.7625163791718        2.02882979E-02   4.13088081E-03
   5753.3437494802938        2.06793584E-02   4.15675435E-03
   5754.9250464306961        1.23144640E-02   3.95456282E-03
   5756.5064070912840        2.51472648E-02   4.24430054E-03
   5758.0878313229614        2.39919573E-02   4.26621595E-03
   5759.6693189866337        2.29762271E-02   4.23994800E-03
   5761.2508699432055        1.78968925E-02   4.16080374E-03
   5762.8324840535815        2.27195844E-02   4.20235749E-03
   5764.4141611786663        2.18871962E-02   4.24721837E-03
   5765.9959011793671        1.60034206E-02   4.10314417E-03
   5767.5777039165851        2.83248629E-02   4.37595695E-03
   5769.1595692512274        1.50372460E-02   4.14137915E-03
   5770.7414970441978        1.98131409E-02   4.23866184E-03
   5772.3234871564018        2.41647679E-02   4.33358829E-03
   5773.9055394487441        2.23302618E-02   4.27388959E-03
   5775.4876537821292        1.88847072E-02   4.20525577E-03
   5777.0698300174618        2.17890888E-02   4.27834503E-03
   5778.6520680156464        2.92248670E-02   4.41668602E-03
   5780.2343676375904        2.91509777E-02   4.40863799E-03
   5781.8167287441938        2.00602394E-02   4.19241423E-03
   5783.3991511963668        1.74059253E-02   4.10167547E-03
   5784.9816348550103        1.31197395E-02   4.02635382E-03
   5786.5641795810316        1.82619002E-02   4.10475722E-03
   5788.1467852353335        1.99330561E-02   4.27214662E-03
   5789.7294516788215        1.31735429E-02   4.03885869E-03
   5791.3121787724021        2.31544971E-02   4.26167576E-03
   5792.8949663769763        1.57675985E-02   4.10723826E-03
   5794.4778143534531        1.53585514E-02   4.15473850E-03
   5796.0607225627346        2.06849203E-02   4.23735892E-03
   5797.6436908657270        1.86700746E-02   4.24447097E-03
   5799.2267191233350        2.75742281E-02   4.41217516E-03
   5800.8098071964614        2.08346918E-02   4.31348290E-03
   5802.3929549460145        1.92134622E-02   4.26499173E-03
   5803.9761622328961        2.28173696E-02   4.32087854E-03
   5805.5594289180126        2.01184731E-02   4.30685235E-03
   5807.1427548622687        2.22315285E-02   4.24966589E-03
   5808.7261399265681        2.25564074E-02   4.32170555E-03
   5810.3095839718171        2.19759680E-02   4.32532700E-03
   5811.8930868589196        2.37307474E-02   4.43166774E-03
   5813.4766484487809        1.74026806E-02   4.22067149E-03
   5815.0602686023058        1.42277945E-02   4.08604881E-03
   5816.6439471803978        2.16149725E-02   4.32100706E-03
   5818.2276840439645        3.04335356E-02   4.54856176E-03
   5819.8114790539075        1.73021760E-02   4.24779393E-03
   5821.3953320711335        1.90463979E-02   4.30260971E-03
   5822.9792429565478        1.98597182E-02   4.32386668E-03
   5824.5632115710532        1.81195345E-02   4.32116073E-03
   5826.1472377755563        3.13418731E-02   4.55775764E-03
   5827.7313214309606        2.14833971E-02   4.38845623E-03
   5829.3154623981736        2.43319273E-02   4.47459659E-03
   5830.8996605380962        2.00189427E-02   4.36603650E-03
   5832.4839157116367        2.06752811E-02   4.38895356E-03
   5834.0682277796977        2.22515594E-02   4.35608858E-03
   5835.6525966031841        2.29937788E-02   4.36595827E-03
   5837.2370220430021        2.43859142E-02   4.45247348E-03
   5838.8215039600555        1.47024784E-02   4.24519600E-03
   5840.4060422152497        2.54232083E-02   4.43794951E-03
   5841.9906366694886        1.84104424E-02   4.31418046E-03
   5843.5752871836785        2.21859738E-02   4.44543362E-03
   5845.1599936187222        1.78036056E-02   4.28788457E-03
   5846.7447558355261        2.44539846E-02   4.42977948E-03
   5848.3295736949949        2.31069140E-02   4.44414048E-03
   5849.9144470580322        2.60506682E-02   4.49361326E-03
   5851.4993757855445        2.04164162E-02   4.37487056E-03
   5853.0843597384364        3.62193249E-02   4.73682629E-03
   5854.6693987776107        3.42722349E-02   4.65722755E-03
   5856.2544927639738        2.29054689E-02   4.41703713E-03
   5857.8396415584311        3.30332965E-02   4.57145926E-03
   5859.4248450218856        2.81427596E-02   4.49866103E-03
   5861.0101030152446        2.68499609E-02   4.55191126E-03
   5862.5954153994098        3.77632268E-02   4.79497947E-03
   5864.1807820352897        2.04780791E-02   4.43984615E-03
   5865.7662027837869        2.51887273E-02   4.58038040E-03
   5867.3516775058042        3.48713435E-02   4.75137960E-03
   5868.9372060622509        2.68529598E-02   4.60933382E-03
   5870.5227883140287        3.51394713E-02   4.76174289E-03
   5872.1084241220442        3.50730307E-02   4.80542053E-03
   5873.6941133472001        3.18618268E-02   4.74182796E-03
   5875.2798558504037        2.88615897E-02   4.64918464E-03
   5876.8656514925569        3.02573983E-02   4.65000514E-03
   5878.4515001345681        3.42818275E-02   4.74203145E-03
   5880.0374016373380        3.92604917E-02   4.85614920E-03
   5881.6233558617760        3.40420045E-02   4.71797539E-03
   5883.2093626687829        2.97110267E-02   4.63577826E-03
   5884.7954219192661        2.76682619E-02   4.62696049E-03
   5886.3815334741284        4.11025397E-02   4.93702106E-03
   5887.9676971942772        2.81372890E-02   4.98416740E-03
   5889.5539129406143        3.61431614E-02   5.28659439E-03
   5891.1401805740461        2.25605294E-02   5.00645908E-03
   5892.7264999554782        3.01032886E-02   5.00339735E-03
   5894.3128709458142        3.03739235E-02   4.90622176E-03
   5895.8992934059588        3.48539725E-02   5.05472766E-03
   5897.4857671968184        2.88077891E-02   4.90857242E-03
   5899.0722921792967        3.28460857E-02   4.84352885E-03
   5900.6588682142974        3.21505032E-02   4.71603032E-03
   5902.2454951627260        2.58391108E-02   4.56395745E-03
   5903.8321728854899        2.12642364E-02   4.49259207E-03
   5905.4189012434899        3.49221379E-02   4.79151355E-03
   5907.0056800976336        2.42970288E-02   4.54534125E-03
   5908.5925093088244        2.83107813E-02   4.66256449E-03
   5910.1793887379681        2.21757889E-02   4.49178554E-03
   5911.7663182459683        2.09821966E-02   4.47129691E-03
   5913.3532976937313        2.43477207E-02   4.59349388E-03
   5914.9403269421618        1.59440450E-02   4.36288957E-03
   5916.5274058521627        2.52345167E-02   4.58038924E-03
   5918.1145342846403        2.95317303E-02   4.70310356E-03
   5919.7017121005001        1.66062303E-02   4.35194233E-03
   5921.2889391606459        2.89436299E-02   4.71514370E-03
   5922.8762153259822        2.84417234E-02   4.64540068E-03
   5924.4635404574128        1.60505045E-02   4.38357843E-03
   5926.0509144158468        1.79377347E-02   4.40425845E-03
   5927.6383370621843        1.66841205E-02   4.40901984E-03
   5929.2258082573335        1.95236988E-02   4.48643975E-03
   5930.8133278621972        1.94847509E-02   4.52693598E-03
   5932.4008957376800        2.48449519E-02   4.67459904E-03
   5933.9885117446875        1.53396446E-02   4.45369212E-03
   5935.5761757441251        1.79943871E-02   4.47294395E-03
   5937.1638875968974        2.11604852E-02   4.55409382E-03
   5938.7516471639083        2.31388025E-02   4.54289746E-03
   5940.3394543060631        2.55240891E-02   4.60327975E-03
   5941.9273088842665        2.35011913E-02   4.55449335E-03
   5943.5152107594231        2.20364574E-02   4.54762066E-03
   5945.1031597924393        2.42587943E-02   4.66203410E-03
   5946.6911558442180        2.37312429E-02   4.58089542E-03
   5948.2791987756655        1.42752556E-02   4.32924414E-03
   5949.8672884476846        2.05483418E-02   4.48212679E-03
   5951.4554247211836        2.44903713E-02   4.63588769E-03
   5953.0436074570625        2.17478275E-02   4.57940530E-03
   5954.6318365162306        3.05613596E-02   4.75680595E-03
   5956.2201117595887        2.53109504E-02   4.64258622E-03
   5957.8084330480460        1.70245767E-02   4.45770472E-03
   5959.3968002425036        1.83958560E-02   4.46519908E-03
   5960.9852132038695        2.36138776E-02   4.62629646E-03
   5962.5736717930449        2.01976355E-02   4.55820980E-03
   5964.1621758709371        1.29902223E-02   4.35989350E-03
   5965.7507252984506        1.96640715E-02   4.53614164E-03
   5967.3393199364891        2.26567853E-02   4.55321837E-03
   5968.9279596459601        1.60041805E-02   4.48167138E-03
   5970.5166442877644        3.37631926E-02   4.86816233E-03
   5972.1053737228103        1.15653714E-02   4.34220303E-03
   5973.6941478120016        1.93635263E-02   4.58121253E-03
   5975.2829664162418        1.79243963E-02   4.57036775E-03
   5976.8718293964375        2.51631029E-02   4.69281757E-03
   5978.4607366134924        3.27623338E-02   4.80403425E-03
   5980.0496879283119        2.48503033E-02   4.68781916E-03
   5981.6386832018006        1.59120094E-02   4.42924490E-03
   5983.2277222948633        1.68294962E-02   4.44896659E-03
   5984.8168050684044        2.14528553E-02   4.58864821E-03
   5986.4059313833304        1.65635180E-02   4.44726320E-03
   5987.9951011005442        1.18855396E-02   4.32574609E-03
   5989.5843140809502        2.00259145E-02   4.46791342E-03
   5991.1735701854550        1.46861514E-02   4.52303747E-03
   5992.7628692749631        2.05456130E-02   4.54222783E-03
   5994.3522112103792        2.74843350E-02   4.74700099E-03
   5995.9415958526070        2.03499906E-02   4.56053484E-03
   5997.5310230625528        1.63922235E-02   4.48881602E-03
   5999.1204927011204        2.34747343E-02   4.63441294E-03
   6000.7100046292162        2.54128203E-02   4.68219211E-03
   6002.2995587077421        2.11728178E-02   4.59994981E-03
   6003.8891547976064        2.14543696E-02   4.61439369E-03
   6005.4787927597108        2.52689663E-02   4.71665338E-03
   6007.0684724549610        2.34080870E-02   4.64813039E-03
   6008.6581937442643        1.82602573E-02   4.44478542E-03
   6010.2479564885225        1.28359152E-02   4.34115110E-03
   6011.8377605486412        1.80473961E-02   4.52873716E-03
   6013.4276057855250        1.58531796E-02   4.45455639E-03
   6015.0174920600803        1.90215092E-02   4.52300720E-03
   6016.6074192332098        2.93549206E-02   4.77766199E-03
   6018.1973871658211        2.01227535E-02   4.53603966E-03
   6019.7873957188149        1.77557617E-02   4.45736060E-03
   6021.3774447530996        2.62379050E-02   4.64452803E-03
   6022.9675341295788        1.91556681E-02   4.55150940E-03
   6024.5576637091563        2.08211187E-02   4.55118343E-03
   6026.1478333527393        2.49622539E-02   4.64783702E-03
   6027.7380429212290        1.21269897E-02   4.44512116E-03
   6029.3282922755343        1.13945417E-02   4.34743147E-03
   6030.9185812765572        2.32479554E-02   4.68525896E-03
   6032.5089097852042        3.34701501E-02   4.91345813E-03
   6034.0992776623798        1.76436640E-02   4.62852372E-03
   6035.6896847689877        1.98936872E-02   4.62025404E-03
   6037.2801309659335        1.66150909E-02   4.59061190E-03
   6038.8706161141217        2.20922176E-02   4.71360376E-03
   6040.4611400744579        2.02263277E-02   4.61716950E-03
   6042.0517027078458        2.32559778E-02   4.75378102E-03
   6043.6423038751909        1.04470914E-02   4.35509719E-03
   6045.2329434373987        1.83438584E-02   4.55782050E-03
   6046.8236212553720        2.39896830E-02   4.69451724E-03
   6048.4143371900182        1.61370356E-02   4.49582748E-03
   6050.0050911022399        2.17973087E-02   4.70326794E-03
   6051.5958828529429        1.94651168E-02   4.59816027E-03
   6053.1867123030306        2.40664054E-02   4.70971037E-03
   6054.7775793134097        1.88730359E-02   4.58113942E-03
   6056.3684837449855        2.65512597E-02   4.72978968E-03
   6057.9594254586618        1.78559702E-02   4.57791053E-03
   6059.5504043153423        2.03187764E-02   4.65896353E-03
   6061.1414201759326        2.09085438E-02   4.66680108E-03
   6062.7324729013399        1.55006973E-02   4.52987896E-03
   6064.3235623524643        2.78250016E-02   4.82087582E-03
   6065.9146883902149        2.23582275E-02   4.70939046E-03
   6067.5058508754946        3.13443579E-02   4.90772165E-03
   6069.0970496692080        1.61431078E-02   4.54183389E-03
   6070.6882846322605        1.31328786E-02   4.49638860E-03
   6072.2795556255578        3.00684124E-02   4.85636294E-03
   6073.8708625100016        2.62290630E-02   4.78303945E-03
   6075.4622051465003        2.09498703E-02   4.69200639E-03
   6077.0535833959575        1.19191064E-02   4.41877311E-03
   6078.6449971192769        1.70822926E-02   4.53255652E-03
   6080.2364461773650        2.72287577E-02   4.77902126E-03
   6081.8279304311254        2.14195866E-02   4.63981461E-03
   6083.4194497414628        2.63441522E-02   4.77150735E-03
   6085.0110039692827        2.39585359E-02   4.73473733E-03
   6086.6025929754906        2.02917177E-02   4.67393594E-03
   6088.1942166209901        1.95318591E-02   4.61347401E-03
   6089.7858747666860        2.11629439E-02   4.72070975E-03
   6091.3775672734837        2.15284489E-02   4.64796834E-03
   6092.9692940022878        2.73765773E-02   4.80644125E-03
   6094.5610548140030        1.89480130E-02   4.61118622E-03
   6096.1528495695356        2.18302459E-02   4.75202315E-03
   6097.7446781297867        2.25741379E-02   4.77899797E-03
   6099.3365403556645        1.71030220E-02   4.59696818E-03
   6100.9284361080736        2.32504960E-02   4.68145916E-03
   6102.5203652479177        1.30233178E-02   4.48072609E-03
   6104.1123276361004        1.97669677E-02   4.66547767E-03
   6105.7043231335301        2.64351331E-02   4.80943546E-03
   6107.2963516011077        1.50277587E-02   4.55541443E-03
   6108.8884128997424        1.73477102E-02   4.62317653E-03
   6110.4805068903343        1.68724228E-02   4.62771906E-03
   6112.0726334337905        2.54988521E-02   4.78559639E-03
   6113.6647923910168        2.11447310E-02   4.70316643E-03
   6115.2569836229168        2.22482793E-02   4.80695488E-03
   6116.8492069903950        2.93977596E-02   4.95107239E-03
   6118.4414623543571        2.21943166E-02   4.76744585E-03
   6120.0337495757076        2.40334142E-02   4.78251884E-03
   6121.6260685153502        1.50035024E-02   4.51606046E-03
   6123.2184190341914        3.20578814E-02   4.94075846E-03
   6124.8108009931375        2.48603169E-02   4.80036624E-03
   6126.4032142530887        2.68734712E-02   4.92299115E-03
   6127.9956586749522        2.49183197E-02   4.89751808E-03
   6129.5881341196337        1.66705940E-02   4.67195176E-03
   6131.1806404480367        1.61329545E-02   4.65587992E-03
   6132.7731775210677        2.61287075E-02   4.88650100E-03
   6134.3657451996296        2.20115203E-02   4.71850438E-03
   6135.9583433446278        2.31344551E-02   4.75494890E-03
   6137.5509718169669        1.95346251E-02   4.68319375E-03
   6139.1436304775534        2.24579629E-02   4.75695450E-03
   6140.7363191872901        2.21451130E-02   4.76997392E-03
   6142.3290378070833        1.02937892E-02   4.55548568E-03
   6143.9217861978350        2.59174742E-02   4.89520654E-03
   6145.5145642204543        1.53890094E-02   4.68046637E-03
   6147.1073717358422        1.38211697E-02   4.68215905E-03
   6148.7002086049060        2.57868264E-02   4.90677031E-03
   6150.2930746885495        2.47963127E-02   4.90532164E-03
   6151.8859698476781        2.14545075E-02   4.80724731E-03
   6153.4788939431955        2.20552105E-02   4.82368283E-03
   6155.0718468360064        3.22809704E-02   5.04584098E-03
   6156.6648283870181        3.09296697E-02   5.09944372E-03
   6158.2578384571325        2.57931110E-02   4.95671295E-03
   6159.8508769072569        2.79471539E-02   4.88974154E-03
   6161.4439435982940        1.94571279E-02   4.73613758E-03
   6163.0370383911495        2.51645241E-02   4.85532265E-03
   6164.6301611467288        2.81128101E-02   4.94562648E-03
   6166.2233117259357        2.02383883E-02   4.79343720E-03
   6167.8164899896747        2.54658666E-02   4.98121139E-03
   6169.4096957988531        2.66491324E-02   4.98453528E-03
   6171.0029290143730        2.49784254E-02   4.97215521E-03
   6172.5961894971406        2.79063582E-02   5.09215193E-03
   6174.1894771080588        2.80334949E-02   5.08301286E-03
   6175.7827917080358        1.54628623E-02   4.81008040E-03
   6177.3761331579735        1.88631844E-02   4.86422516E-03
   6178.9695013187775        1.70679595E-02   4.81965207E-03
   6180.5628960513532        2.03521941E-02   4.88381693E-03
   6182.1563172166052        3.27826478E-02   5.22512197E-03
   6183.7497646754382        2.67184786E-02   5.12864953E-03
   6185.3432382887577        1.77615713E-02   4.85905353E-03
   6186.9367379174664        2.41269898E-02   4.98824427E-03
   6188.5302634224709        3.41099761E-02   5.31085860E-03
   6190.1238146646765        2.42590122E-02   5.05442824E-03
   6191.7173915049871        1.58080533E-02   4.84163966E-03
   6193.3109938043071        2.72897594E-02   5.14006522E-03
   6194.9046214235423        2.58597452E-02   5.15232701E-03
   6196.4982742235961        1.89927220E-02   4.92496509E-03
   6198.0919520653752        2.20169518E-02   4.99562081E-03
   6199.6856548097830        2.15029344E-02   5.15512284E-03
   6201.2793823177262        2.13985164E-02   5.09413658E-03
   6202.8731344501057        2.53175870E-02   5.21525135E-03
   6204.4669110678315        2.25281846E-02   5.16394200E-03
   6206.0607120318036        2.20640264E-02   5.12192771E-03
   6207.6545372029295        1.45272193E-02   4.97736037E-03
   6209.2483864421138        1.46118207E-02   4.91513545E-03
   6210.8422596102619        2.99943630E-02   5.28682070E-03
   6212.4361565682766        2.69882921E-02   5.25322044E-03
   6214.0300771770626        2.49177851E-02   5.22503862E-03
   6215.6240212975290        1.92858037E-02   5.04146330E-03
   6217.2179887905750        3.56764570E-02   5.43402368E-03
   6218.8119795171096        1.37921870E-02   4.95897559E-03
   6220.4059933380349        3.12577523E-02   5.43209119E-03
   6222.0000301142563        2.49221101E-02   5.36212744E-03
   6223.5940897066803        2.41597164E-02   5.36524318E-03
   6225.1881719762105        1.84447523E-02   5.11637563E-03
   6226.7822767837524        1.32845035E-02   5.07593108E-03
   6228.3764039902089        2.88509298E-02   5.35640121E-03
   6229.9705534564864        2.97756363E-02   5.43603953E-03
   6231.5647250434895        1.98254175E-02   5.19509893E-03
   6233.1589186121228        2.39296909E-02   5.43164182E-03
   6234.7531340232918        1.87753364E-02   5.45891048E-03
   6236.3473711379002        2.01502908E-02   5.45033626E-03
   6237.9416298168535        2.72895396E-02   5.65606216E-03
   6239.5359099210564        3.60567607E-02   5.76252257E-03
   6241.1302113114152        2.88436767E-02   5.55757387E-03
   6242.7245338488310        2.38254350E-02   5.46376035E-03
   6244.3188773942120        2.73175966E-02   5.45429997E-03
   6245.9132418084619        2.22885497E-02   5.31615037E-03
   6247.5076269524852        2.30865348E-02   5.42569580E-03
   6249.1020326871876        3.55929397E-02   5.64175239E-03
   6250.6964588734727        2.23430954E-02   5.46677923E-03
   6252.2909053722460        2.20500007E-02   5.37401764E-03
   6253.8853720444131        1.96644310E-02   5.36814751E-03
   6255.4798587508767        2.24782582E-02   5.56424633E-03
   6257.0743653525433        2.17052884E-02   5.63573418E-03
   6258.6688917103174        2.17812359E-02   5.66774234E-03
   6260.2634376851029        2.44049504E-02   5.62737323E-03
   6261.8580031378078        2.95712370E-02   5.80424257E-03
   6263.4525879293333        2.18462199E-02   5.60300983E-03
   6265.0471919205847        2.08303519E-02   5.59721794E-03
   6266.6418149724686        3.18888202E-02   5.85826114E-03
   6268.2364569458887        2.79511791E-02   5.74658392E-03
   6269.8311177017495        3.08084358E-02   5.84533717E-03
   6271.4257971009556        1.82342026E-02   5.59327379E-03
   6273.0204950044144        2.12022886E-02   5.64255239E-03
   6274.6152112730279        2.63673607E-02   5.83453197E-03
   6276.2099457677014        1.75084397E-02   5.63917356E-03
   6277.8046983493396        2.28113495E-02   5.58490958E-03
   6279.3994688788489        2.27291118E-02   5.61294751E-03
   6280.9942572171321        1.84925720E-02   5.66254137E-03
   6282.5890632250967        2.01509353E-02   5.70426229E-03
   6284.1838867636452        1.90915912E-02   5.72504196E-03
   6285.7787276936824        2.26636492E-02   5.94232883E-03
   6287.3735858761129        3.18946801E-02   6.19637454E-03
   6288.9684611718430        1.81625877E-02   5.77891571E-03
   6290.5633534417784        2.58952025E-02   5.96261164E-03
