   3855.2261849277656        2.40316428E-02   1.32056745E-03
   3856.6162270795926        2.27758735E-02   1.27667957E-03
   3858.0065084796875        2.48214267E-02   1.25588686E-03
   3859.3970289889548        2.17411686E-02   1.21083914E-03
   3860.7877884682989        2.29691062E-02   1.23639754E-03
   3862.1787867786256        2.38409527E-02   1.28626288E-03
   3863.5700237808392        2.38960981E-02   1.32320693E-03
   3864.9614993358441        2.43126322E-02   1.32384850E-03
   3866.3532133045451        2.52773985E-02   1.30708097E-03
   3867.7451655478485        2.46754382E-02   1.29231683E-03
   3869.1373559266581        2.55982559E-02   1.25411607E-03
   3870.5297843018780        2.41981577E-02   1.21176231E-03
   3871.9224505344141        2.46646889E-02   1.19886978E-03
   3873.3153544851712        2.64399275E-02   1.23917288E-03
   3874.7084960150537        2.70506144E-02   1.28807337E-03
   3876.1018749849668        2.51072962E-02   1.27041014E-03
   3877.4954912558146        2.66637057E-02   1.25983253E-03
   3878.8893446885031        2.60865781E-02   1.22809212E-03
   3880.2834351439360        2.82806493E-02   1.21361471E-03
   3881.6777624830193        2.83394959E-02   1.21267547E-03
   3883.0723265666575        2.54962109E-02   1.19567802E-03
   3884.4671272557543        2.62267310E-02   1.19343342E-03
   3885.8621644112159        2.68421825E-02   1.20524177E-03
   3887.2574378939466        2.40242817E-02   1.16381864E-03
   3888.6529475648513        2.47139651E-02   1.14248658E-03
   3890.0486932848348        2.29048729E-02   1.16496789E-03
   3891.4446749148019        2.44633928E-02   1.19701389E-03
   3892.8408923156571        2.53671613E-02   1.22647453E-03
   3894.2373453483065        2.60219295E-02   1.22181477E-03
   3895.6340338736536        2.52119359E-02   1.21431379E-03
   3897.0309577526036        2.60141324E-02   1.22123887E-03
   3898.4281168460616        2.82997806E-02   1.23641640E-03
   3899.8255110149325        2.63381489E-02   1.22933334E-03
   3901.2231401201211        2.76103411E-02   1.20773399E-03
   3902.6210040225319        2.61641592E-02   1.19298708E-03
   3904.0191025830691        2.65166108E-02   1.16775616E-03
   3905.4174356626390        2.80532353E-02   1.17302965E-03
   3906.8160031221464        2.44661849E-02   1.16733089E-03
   3908.2148048224949        2.55988333E-02   1.19105948E-03
   3909.6138406245900        2.06538029E-02   1.17766415E-03
   3911.0131103893364        2.28887815E-02   1.20735809E-03
   3912.4126139776395        2.30459664E-02   1.20014558E-03
   3913.8123512504035        2.38076895E-02   1.20483490E-03
   3915.2123220685335        2.35681795E-02   1.19012536E-03
   3916.6125262929340        2.56091803E-02   1.18239108E-03
   3918.0129637845102        2.17776857E-02   1.14321942E-03
   3919.4136344041672        2.62220874E-02   1.14201661E-03
   3920.8145380128094        2.43832096E-02   1.10451528E-03
   3922.2156744713416        2.59711687E-02   1.10338582E-03
   3923.6170436406687        2.48202831E-02   1.08909234E-03
   3925.0186453816955        2.49728076E-02   1.08344737E-03
   3926.4204795553269        2.39163581E-02   1.05086982E-03
   3927.8225460224685        2.37512924E-02   9.98003525E-04
   3929.2248446440235        2.66577806E-02   9.74213006E-04
   3930.6273752808984        2.53124125E-02   9.08232352E-04
   3932.0301377939973        2.22377460E-02   8.50745360E-04
   3933.4331320442247        2.30876468E-02   8.45227158E-04
   3934.8363578924859        2.27761790E-02   8.35221144E-04
   3936.2398151996854        2.14270297E-02   8.45450500E-04
   3937.6435038267286        2.48166583E-02   9.17791447E-04
   3939.0474236345199        2.46865414E-02   9.70813504E-04
   3940.4515744839641        2.63757277E-02   1.01401296E-03
   3941.8559562359665        2.37782355E-02   1.01701426E-03
   3943.2605687514315        2.56228484E-02   1.02915848E-03
   3944.6654118912643        2.56831609E-02   1.04423671E-03
   3946.0704855163690        2.50371806E-02   1.05703867E-03
   3947.4757894876511        2.69366074E-02   1.08217215E-03
   3948.8813236660153        2.65794173E-02   1.10349269E-03
   3950.2870879123666        2.64370162E-02   1.10594463E-03
   3951.6930820876100        2.70824600E-02   1.10688910E-03
   3953.0993060526494        2.79641207E-02   1.11933530E-03
   3954.5057596683905        2.88337618E-02   1.12604385E-03
   3955.9124427957377        2.63511091E-02   1.09693629E-03
   3957.3193552955963        2.58297920E-02   1.09247689E-03
   3958.7264970288707        2.58549247E-02   1.09296234E-03
   3960.1338678564657        2.48218924E-02   1.05425809E-03
   3961.5414676392866        2.73570195E-02   1.03541464E-03
   3962.9492962382383        2.61811819E-02   9.87252803E-04
   3964.3573535142245        2.51705963E-02   9.34533309E-04
   3965.7656393281513        2.61600763E-02   9.18922655E-04
   3967.1741535409233        2.47941930E-02   8.58341751E-04
   3968.5828960134445        2.53777076E-02   8.29804398E-04
   3969.9918666066210        2.31357180E-02   8.19967885E-04
   3971.4010651813569        2.49963086E-02   8.72898381E-04
   3972.8104915985573        2.50093509E-02   9.19247919E-04
   3974.2201457191268        2.63978634E-02   9.70717403E-04
   3975.6300274039704        2.47674026E-02   1.00195280E-03
   3977.0401365139924        2.43721809E-02   1.03589043E-03
   3978.4504729100986        2.65001263E-02   1.08282501E-03
   3979.8610364531928        2.54104361E-02   1.08827313E-03
   3981.2718270041810        2.62610205E-02   1.10875303E-03
   3982.6828444239673        2.67077032E-02   1.10598793E-03
   3984.0940885734567        2.37984452E-02   1.06845936E-03
   3985.5055593135535        2.46502217E-02   1.07421784E-03
   3986.9172565051636        2.43379138E-02   1.08494889E-03
   3988.3291800091915        2.44029369E-02   1.08738150E-03
   3989.7413296865411        2.25665532E-02   1.08447450E-03
   3991.1537053981187        2.27826964E-02   1.09933293E-03
   3992.5663070048281        2.10695304E-02   1.08182593E-03
   3993.9791343675743        2.22235695E-02   1.10029918E-03
   3995.3921873472627        2.03607772E-02   1.07251294E-03
   3996.8054658047972        1.98791735E-02   1.05578825E-03
   3998.2189696010832        1.95418149E-02   1.06856890E-03
   3999.6326985970259        2.09668614E-02   1.07431423E-03
   4001.0466526535297        2.16382835E-02   1.09862629E-03
   4002.4608316314989        2.19390169E-02   1.10623927E-03
   4003.8752353918399        2.33771503E-02   1.08610443E-03
   4005.2898637954559        2.42316276E-02   1.07255543E-03
   4006.7047167032524        2.15929318E-02   1.05951959E-03
   4008.1197939761346        2.37587169E-02   1.08212384E-03
   4009.5350954750065        2.41145696E-02   1.10165530E-03
   4010.9506210607742        2.40934156E-02   1.10978726E-03
   4012.3663705943409        2.43944973E-02   1.11488765E-03
   4013.7823439366130        2.11030990E-02   1.10141037E-03
   4015.1985409484946        2.21651457E-02   1.10187440E-03
   4016.6149614908900        2.25712303E-02   1.09796796E-03
   4018.0316054247050        2.44821869E-02   1.10756920E-03
   4019.4484726108440        2.40576752E-02   1.11158402E-03
   4020.8655629102118        2.26594657E-02   1.09810219E-03
   4022.2828761837136        2.47202367E-02   1.11368462E-03
   4023.7004122922540        2.20625289E-02   1.08922308E-03
   4025.1181710967371        2.40299795E-02   1.10026577E-03
   4026.5361524580694        2.33808886E-02   1.10410422E-03
   4027.9543562371541        2.27560028E-02   1.10164948E-03
   4029.3727822948972        2.38405187E-02   1.09400542E-03
   4030.7914304922028        2.39750035E-02   1.06742082E-03
   4032.2103006899761        2.19960958E-02   1.02699362E-03
   4033.6293927491224        2.32537147E-02   1.02951354E-03
   4035.0487065305451        2.28339117E-02   1.05038832E-03
   4036.4682418951502        2.43484974E-02   1.08398579E-03
   4037.8879987038426        2.34783161E-02   1.09749241E-03
   4039.3079768175271        2.30857581E-02   1.10261270E-03
   4040.7281760971073        2.31701601E-02   1.09671662E-03
   4042.1485964034896        2.22231299E-02   1.07723672E-03
   4043.5692375975782        2.37762183E-02   1.05787569E-03
   4044.9900995402777        2.17378698E-02   1.01729971E-03
   4046.4111820924936        2.11319327E-02   1.00144814E-03
   4047.8324851151301        2.38672718E-02   1.02962414E-03
   4049.2540084690922        2.11553574E-02   1.06275035E-03
   4050.6757520152855        2.17279997E-02   1.07522309E-03
   4052.0977156146132        2.15772483E-02   1.07269746E-03
   4053.5198991279817        2.00560894E-02   1.05040311E-03
   4054.9423024162952        2.07079258E-02   1.03705411E-03
   4056.3649253404583        2.16892436E-02   1.03145640E-03
   4057.7877677613765        2.22600382E-02   1.02841563E-03
   4059.2108295399539        1.85514428E-02   1.03251531E-03
   4060.6341105370957        2.07321849E-02   1.03086897E-03
   4062.0576106137073        2.08987333E-02   1.02453108E-03
   4063.4813296306925        2.10330971E-02   1.01125718E-03
   4064.9052674489567        2.16312502E-02   9.96492803E-04
   4066.3294239294050        2.12276019E-02   1.00519217E-03
   4067.7537989329417        2.14761067E-02   1.03978929E-03
   4069.1783923204716        2.08766703E-02   1.03157561E-03
   4070.6032039529005        2.01443750E-02   1.02240650E-03
   4072.0282336911318        2.09388956E-02   1.02348079E-03
   4073.4534813960713        2.07501799E-02   1.01256650E-03
   4074.8789469286230        1.97866466E-02   1.01832580E-03
   4076.3046301496934        2.08073538E-02   1.01408490E-03
   4077.7305309201856        2.07196772E-02   1.00167829E-03
   4079.1566491010053        1.99541301E-02   9.97494557E-04
   4080.5829845530570        2.17658039E-02   1.03642768E-03
   4082.0095371372463        1.96830574E-02   1.03496178E-03
   4083.4363067144768        2.33362913E-02   1.05119485E-03
   4084.8632931456541        2.13587694E-02   1.02948176E-03
   4086.2904962916832        2.14367658E-02   1.03685982E-03
   4087.7179160134683        2.20106244E-02   1.05440675E-03
   4089.1455521719149        2.45624781E-02   1.07954792E-03
   4090.5734046279276        2.43732184E-02   1.07270014E-03
   4092.0014732424106        2.19990909E-02   1.04760204E-03
   4093.4297578762698        2.25439556E-02   1.04496430E-03
   4094.8582583904099        2.33289227E-02   1.03328424E-03
   4096.2869746457345        2.11770926E-02   1.01434870E-03
   4097.7159065031501        2.36053560E-02   1.00576808E-03
   4099.1450538235604        2.32493747E-02   9.81914462E-04
   4100.5744164678708        2.33152341E-02   9.59796831E-04
   4102.0039942969861        2.24891417E-02   9.38955403E-04
   4103.4337871718108        2.20635049E-02   9.31961637E-04
   4104.8637949532495        2.22798921E-02   9.76569951E-04
   4106.2940175022077        2.14099362E-02   9.95404087E-04
   4107.7244546795901        2.29401458E-02   1.01762032E-03
   4109.1551063463021        2.38063373E-02   1.02505845E-03
   4110.5859723632466        2.23940518E-02   1.00981933E-03
   4112.0170525913309        2.23314278E-02   1.01602508E-03
   4113.4483468914586        2.34919507E-02   1.03637879E-03
   4114.8798551245336        2.22583599E-02   1.03779149E-03
   4116.3115771514622        2.44403854E-02   1.05353678E-03
   4117.7435128331490        2.58599780E-02   1.05072046E-03
   4119.1756620304977        2.37852857E-02   1.03090308E-03
   4120.6080246044157        2.11211648E-02   1.01173064E-03
   4122.0406004158049        2.46601272E-02   1.02681352E-03
   4123.4733893255725        2.21354831E-02   1.02813519E-03
   4124.9063911946214        2.28435732E-02   1.03151787E-03
   4126.3396058838580        2.31335703E-02   1.02568860E-03
   4127.7730332541860        2.07283664E-02   1.00225548E-03
   4129.2066731665109        2.32913960E-02   1.02248497E-03
   4130.6405254817373        2.14566961E-02   9.94839123E-04
   4132.0745900607699        2.15920471E-02   9.87673528E-04
   4133.5088667645150        2.34680530E-02   9.87639651E-04
   4134.9433554538737        2.20421106E-02   1.00623420E-03
   4136.3780559897559        2.22332031E-02   1.03053183E-03
   4137.8129682330618        2.41137706E-02   1.05657440E-03
   4139.2480920446997        2.13519037E-02   1.04995898E-03
   4140.6834272855722        2.30064541E-02   1.02821516E-03
   4142.1189738165849        2.06436124E-02   9.88929882E-04
   4143.5547314986434        2.09389776E-02   9.75496427E-04
   4144.9907001926513        2.16197465E-02   9.76182811E-04
   4146.4268797595141        2.05650926E-02   9.82079771E-04
   4147.8632700601365        2.30551828E-02   1.00502418E-03
   4149.2998709554231        2.06137225E-02   9.91686480E-04
   4150.7366823062794        2.23593283E-02   9.96484770E-04
   4152.1737039736099        2.19435655E-02   9.90872271E-04
   4153.6109358183194        1.96538232E-02   9.67095490E-04
   4155.0483777013123        2.11161207E-02   9.77369724E-04
   4156.4860294834934        2.23748237E-02   9.70015302E-04
   4157.9238910257700        2.14414280E-02   9.84404352E-04
   4159.3619621890430        2.08045151E-02   9.89034190E-04
   4160.8002428342197        2.21796669E-02   1.00168469E-03
   4162.2387328222039        2.28850432E-02   1.01621542E-03
   4163.6774320139020        2.20503025E-02   1.01529364E-03
   4165.1163402702177        2.12470796E-02   1.00950955E-03
   4166.5554574520547        2.29096841E-02   1.00675621E-03
   4167.9947834203213        2.20533628E-02   1.00292615E-03
   4169.4343180359183        2.29363721E-02   9.98923671E-04
   4170.8740611597523        2.36263126E-02   9.95527371E-04
   4172.3140126527287        2.17199717E-02   9.70614201E-04
   4173.7541723757522        2.27366388E-02   9.68730717E-04
   4175.1945401897265        2.22828314E-02   9.67846310E-04
   4176.6351159555570        2.17839759E-02   9.64624342E-04
   4178.0758995341503        2.29902621E-02   9.73355200E-04
   4179.5168907864090        2.03630440E-02   9.71078349E-04
   4180.9580895732379        2.19412837E-02   9.73643444E-04
   4182.3994957555433        2.10711453E-02   9.62605409E-04
   4183.8411091942289        2.31462847E-02   9.73714399E-04
   4185.2829297502003        2.21630596E-02   9.66690830E-04
   4186.7249572843612        2.13234443E-02   9.57444485E-04
   4188.1671916576188        2.21460089E-02   9.57139768E-04
   4189.6096327308742        2.25727316E-02   9.58643213E-04
   4191.0522803650365        2.24939603E-02   9.76952375E-04
   4192.4951344210076        2.34079678E-02   9.88913816E-04
   4193.9381947596930        2.22378727E-02   9.82824014E-04
   4195.3814612419974        2.06465274E-02   9.64678766E-04
   4196.8249337288271        2.16835067E-02   9.48882545E-04
   4198.2686120810840        2.22379360E-02   9.32067283E-04
   4199.7124961596764        2.21485533E-02   9.32100404E-04
   4201.1565858255062        2.33573876E-02   9.37462319E-04
   4202.6008809394807        2.15837825E-02   9.42985469E-04
   4204.0453813625036        2.21148394E-02   9.50437621E-04
   4205.4900869554795        2.24799030E-02   9.63565777E-04
   4206.9349975793120        2.34449059E-02   9.90353525E-04
   4208.3801130949087        2.12328341E-02   9.72837384E-04
   4209.8254333631721        2.36906298E-02   9.84331477E-04
   4211.2709582450088        2.13108156E-02   9.75076575E-04
   4212.7166876013234        2.12104730E-02   9.75259580E-04
   4214.1626212930205        2.17550825E-02   9.64374631E-04
   4215.6087591810037        2.22707838E-02   9.58255376E-04
   4217.0551011261787        2.32139956E-02   9.50208399E-04
   4218.5016469894517        2.21110210E-02   9.59609286E-04
   4219.9483966317248        2.48976629E-02   9.85275605E-04
   4221.3953499139043        2.17444077E-02   9.70730733E-04
   4222.8425066968966        2.27588173E-02   9.67740954E-04
   4224.2898668416037        2.27566119E-02   9.32225608E-04
   4225.7374302089329        2.23088972E-02   8.84086534E-04
   4227.1851966597869        2.49744747E-02   8.90316092E-04
   4228.6331660550713        2.07006708E-02   8.88074399E-04
   4230.0813382556917        2.35029068E-02   9.45005158E-04
   4231.5297131225525        2.43570469E-02   9.70456807E-04
   4232.9782905165584        2.33253110E-02   9.56940465E-04
   4234.4270702986150        2.34998483E-02   9.45391657E-04
   4235.8760523296251        2.17186101E-02   9.16839519E-04
   4237.3252364704958        2.17288751E-02   9.20004270E-04
   4238.7746225821302        2.00620741E-02   9.02736501E-04
   4240.2242105254345        2.45238487E-02   9.43864870E-04
   4241.6740001613125        2.29277480E-02   9.37063654E-04
   4243.1239913506706        2.20609698E-02   9.37287055E-04
   4244.5741839544116        2.26657540E-02   9.43937339E-04
   4246.0245778334420        2.12272722E-02   9.32013907E-04
   4247.4751728486654        2.30537094E-02   9.32707801E-04
   4248.9259688609864        2.03324109E-02   9.00108891E-04
   4250.3769657313123        2.25855149E-02   9.02246626E-04
   4251.8281633205452        2.24065110E-02   9.10263043E-04
   4253.2795614895913        2.34375056E-02   9.15476994E-04
   4254.7311600993553        2.11556405E-02   9.16267978E-04
   4256.1829590107418        2.40564737E-02   9.21240367E-04
   4257.6349580846554        2.14084852E-02   9.11334064E-04
   4259.0871571820016        2.05628313E-02   8.98060913E-04
   4260.5395561636851        2.20687129E-02   8.83977220E-04
   4261.9921548906104        2.11199149E-02   8.86443886E-04
   4263.4449532236822        2.21510157E-02   9.12923657E-04
   4264.8979510238059        2.03746799E-02   9.25188011E-04
   4266.3511481518863        2.18602028E-02   9.28997702E-04
   4267.8045444688269        2.23047640E-02   9.26257577E-04
   4269.2581398355342        2.23618299E-02   9.00697196E-04
   4270.7119341129128        2.16251276E-02   8.76816455E-04
   4272.1659271618673        2.11219043E-02   8.55415303E-04
   4273.6201188433015        2.07081363E-02   8.45501840E-04
   4275.0745090181226        2.15600636E-02   8.75785830E-04
   4276.5290975472326        2.17628516E-02   8.97756428E-04
   4277.9838842915387        2.10526735E-02   9.05567198E-04
   4279.4388691119448        2.23665480E-02   9.11714276E-04
   4280.8940518693553        2.01235116E-02   8.96771904E-04
   4282.3494324246758        2.07771808E-02   8.94094061E-04
   4283.8050106388109        2.11341046E-02   8.94561235E-04
   4285.2607863726653        2.26809848E-02   9.00352723E-04
   4286.7167594871444        2.22369730E-02   8.89201881E-04
   4288.1729298431510        2.02752333E-02   8.61913606E-04
   4289.6292973015934        1.93338189E-02   8.51990131E-04
   4291.0858617233735        2.04312112E-02   8.62665358E-04
   4292.5426229693976        2.06298307E-02   8.64140166E-04
   4293.9995809005686        2.12568864E-02   8.77895451E-04
   4295.4567353777948        2.04657521E-02   8.72756820E-04
   4296.9140862619779        1.88801140E-02   8.42879759E-04
   4298.3716334140254        1.98331419E-02   8.17620195E-04
   4299.8293766948391        2.16463264E-02   8.12257291E-04
   4301.2873159653263        2.06958093E-02   7.86746095E-04
   4302.7454510863899        1.98094323E-02   7.92888110E-04
   4304.2037819189363        2.17462145E-02   8.05492804E-04
   4305.6623083238710        2.18970329E-02   7.99416681E-04
   4307.1210301620958        1.97656266E-02   7.83752592E-04
   4308.5799472945182        2.11704094E-02   7.79349881E-04
   4310.0390595820427        1.98629946E-02   7.71896564E-04
   4311.4983668855739        2.03679428E-02   7.94036896E-04
   4312.9578690660155        1.94440447E-02   8.15072737E-04
   4314.4175659842731        2.02633105E-02   8.60454165E-04
   4315.8774575012530        2.04259604E-02   9.05624067E-04
   4317.3375434778582        1.80016365E-02   9.06725472E-04
   4318.7978237749930        2.03598831E-02   9.34307987E-04
   4320.2582982535650        2.08767094E-02   9.26167937E-04
   4321.7189667744751        2.11727750E-02   9.07102018E-04
   4323.1798291986324        2.29509771E-02   8.79748375E-04
   4324.6408853869398        2.39171293E-02   8.48970027E-04
   4326.1021352003008        2.11285353E-02   8.24719318E-04
   4327.5635784996221        2.26886384E-02   8.68702075E-04
   4329.0252151458080        2.18552556E-02   8.89590068E-04
   4330.4870449997634        2.23846640E-02   9.18697100E-04
   4331.9490679223927        2.19344702E-02   9.12867894E-04
   4333.4112837746015        2.09724773E-02   9.06942820E-04
   4334.8736924172936        2.09518783E-02   9.00842366E-04
   4336.3362937113752        2.29943059E-02   8.95546866E-04
   4337.7990875177502        2.07868777E-02   8.52011319E-04
   4339.2620736973240        2.27167848E-02   8.18100933E-04
   4340.7252521110004        2.20920201E-02   8.10624391E-04
   4342.1886226196848        2.05970984E-02   8.11105885E-04
   4343.6521850842828        2.09989753E-02   8.41669564E-04
   4345.1159393656981        2.12743860E-02   8.74027959E-04
   4346.5798853248352        2.07345095E-02   8.80433654E-04
   4348.0440228226016        2.11903267E-02   8.97669583E-04
   4349.5083517198991        2.09545959E-02   8.90658703E-04
   4350.9728718776341        2.25701090E-02   8.79907457E-04
   4352.4375831567113        2.20240355E-02   8.66012066E-04
   4353.9024854180352        2.21479386E-02   8.62550980E-04
   4355.3675785225105        2.15035249E-02   8.80163279E-04
   4356.8328623310417        2.18826216E-02   8.85657617E-04
   4358.2983367045363        2.19106339E-02   8.83524888E-04
   4359.7640015038951        2.12497041E-02   8.87170434E-04
   4361.2298565900255        2.21613813E-02   8.93924327E-04
   4362.6959018238322        2.09629033E-02   8.96936690E-04
   4364.1621370662187        2.11894363E-02   9.02137544E-04
   4365.6285621780917        2.14532875E-02   8.97205609E-04
   4367.0951770203555        1.97626017E-02   8.82200839E-04
   4368.5619814539132        1.92959905E-02   8.71810247E-04
   4370.0289753396710        1.88400820E-02   8.65060196E-04
   4371.4961585385354        1.94538943E-02   8.66790186E-04
   4372.9635309114083        2.09558066E-02   8.61293694E-04
   4374.4310923191961        2.01521721E-02   8.51539487E-04
   4375.8988426228025        1.91160236E-02   8.41903850E-04
   4377.3667816831339        1.99814886E-02   8.59956723E-04
   4378.8349093610941        1.96116399E-02   8.62344634E-04
   4380.3032255175885        1.93508156E-02   8.61719775E-04
   4381.7717300135209        1.98436975E-02   8.34400940E-04
   4383.2404227097977        1.85300466E-02   7.88793724E-04
   4384.7093034673235        2.05920096E-02   7.98660098E-04
   4386.1783721470010        1.98159050E-02   8.04237730E-04
   4387.6476286097377        1.98724512E-02   8.34498089E-04
   4389.1170727164372        2.09716652E-02   8.47376883E-04
   4390.5867043280059        1.87230185E-02   8.32353602E-04
   4392.0565233053449        1.90371126E-02   8.49096919E-04
   4393.5265295093632        2.09092274E-02   8.56130617E-04
   4394.9967228009627        2.02943776E-02   8.55241669E-04
   4396.4671030410491        2.05895752E-02   8.61995737E-04
   4397.9376700905286        2.04431750E-02   8.65066424E-04
   4399.4084238103042        2.03281194E-02   8.64038768E-04
   4400.8793640612821        1.96719822E-02   8.54546146E-04
   4402.3504907043662        2.07446106E-02   8.46575946E-04
   4403.8218036004619        2.07739454E-02   8.41819332E-04
   4405.2933026104738        2.04725079E-02   8.36949504E-04
   4406.7649875953066        1.98238660E-02   8.30853358E-04
   4408.2368584158658        2.02445984E-02   8.49194184E-04
   4409.7089149330541        1.98416077E-02   8.65231152E-04
   4411.1811570077789        2.08934713E-02   8.85914662E-04
   4412.6535845009439        2.09033154E-02   8.85307207E-04
   4414.1261972734555        2.00803969E-02   8.72940756E-04
   4415.5989951862157        2.10608225E-02   8.67367489E-04
   4417.0719781001317        2.01904029E-02   8.54165468E-04
   4418.5451458761072        2.21952051E-02   8.81084765E-04
   4420.0184983750469        1.92969404E-02   8.83850327E-04
   4421.4920354578562        2.06307210E-02   8.86046910E-04
   4422.9657569854398        1.94938090E-02   8.76548700E-04
   4424.4396628187033        1.89622007E-02   8.68716394E-04
   4425.9137528185502        2.15376262E-02   8.74400779E-04
   4427.3880268458861        2.12169047E-02   8.80632899E-04
   4428.8624847616147        1.86259523E-02   8.71864264E-04
   4430.3371264266425        1.99960899E-02   8.75045545E-04
   4431.8119517018740        1.92869157E-02   8.64984875E-04
   4433.2869604482130        1.92602258E-02   8.58141517E-04
   4434.7621525265658        1.84057932E-02   8.39377230E-04
   4436.2375277978354        1.86664630E-02   8.54735204E-04
   4437.7130861229280        2.14045234E-02   8.74658755E-04
   4439.1888273627483        1.88500732E-02   8.77121754E-04
   4440.6647513782009        2.06105746E-02   8.80557345E-04
   4442.1408580301913        2.08050143E-02   8.66086222E-04
   4443.6171471796224        2.05856226E-02   8.68784671E-04
   4445.0936186874014        2.03195848E-02   8.69403128E-04
   4446.5702724144321        2.09962018E-02   8.85858026E-04
   4448.0471082216191        2.03232113E-02   8.87192262E-04
   4449.5241259698678        2.31385175E-02   8.96348036E-04
   4451.0013255200820        2.30315644E-02   8.93336430E-04
   4452.4787067331681        2.35892441E-02   8.88578477E-04
   4453.9562694700298        2.42228396E-02   8.81358224E-04
   4455.4340135915718        2.31198967E-02   8.62896966E-04
   4456.9119389587004        2.39072274E-02   8.56042316E-04
   4458.3900454323184        2.36545708E-02   8.56699829E-04
   4459.8683328733323        2.29841936E-02   8.58165848E-04
   4461.3468011426467        2.38487180E-02   8.63820256E-04
   4462.8254501011652        2.15760618E-02   8.62925022E-04
   4464.3042796097934        2.11800653E-02   8.68477859E-04
   4465.7832895294368        2.30867136E-02   8.84987530E-04
   4467.2624797209992        2.29641739E-02   8.81602231E-04
   4468.7418500453869        2.30348557E-02   8.82997178E-04
   4470.2214003635027        2.27097087E-02   8.78589577E-04
   4471.7011305362530        2.31362469E-02   8.91050790E-04
   4473.1810404245416        2.11071335E-02   8.93742719E-04
   4474.6611298892749        2.12586578E-02   8.98656086E-04
   4476.1413987913556        2.26854347E-02   9.08471120E-04
   4477.6218469916894        2.34351754E-02   9.10348434E-04
   4479.1024743511825        2.31244564E-02   8.95336154E-04
   4480.5832807307388        2.27936152E-02   8.78308958E-04
   4482.0642659912619        2.41942182E-02   8.86019203E-04
   4483.5454299936582        2.38538384E-02   8.87815433E-04
   4485.0267725988324        2.47721169E-02   9.05462250E-04
   4486.5082936676890        2.26406101E-02   9.04682383E-04
   4487.9899930611318        2.16346178E-02   8.94958386E-04
   4489.4718706400681        2.38061454E-02   8.85878340E-04
   4490.9539262653998        2.39902232E-02   8.93629564E-04
   4492.4361597980342        2.30075512E-02   8.89489776E-04
   4493.9185710988750        2.23762430E-02   8.90399388E-04
   4495.4011600288277        2.18266603E-02   8.82021559E-04
   4496.8839264487951        2.12736577E-02   8.81929183E-04
   4498.3668702196846        2.30417866E-02   8.97080929E-04
   4499.8499912023999        2.24182718E-02   8.93224147E-04
   4501.3332892578464        2.33561434E-02   9.08095972E-04
   4502.8167642469289        2.16555670E-02   8.99573963E-04
   4504.3004160305509        2.37597916E-02   9.13433498E-04
   4505.7842444696180        2.15126462E-02   9.14802076E-04
   4507.2682494250366        2.15182528E-02   9.07565467E-04
   4508.7524307577087        2.10726894E-02   9.07385373E-04
   4510.2367883285415        2.07387768E-02   9.02021362E-04
   4511.7213219984387        2.22016573E-02   9.02078755E-04
   4513.2060316283059        2.11969633E-02   8.94313387E-04
   4514.6909170790468        2.03037243E-02   8.90296011E-04
   4516.1759782115669        2.09291875E-02   8.87453672E-04
   4517.6612148867707        2.15316676E-02   8.91287113E-04
   4519.1466269655639        2.02907808E-02   8.86787893E-04
   4520.6322143088510        2.10126843E-02   8.89502349E-04
   4522.1179767775357        2.00146940E-02   8.88164330E-04
   4523.6039142325244        2.19442137E-02   8.91306088E-04
   4525.0900265347209        2.18880996E-02   8.88700015E-04
   4526.5763135450316        2.13537253E-02   8.56737606E-04
   4528.0627751243601        2.15451028E-02   8.55554186E-04
   4529.5494111336102        2.09366735E-02   8.51412129E-04
   4531.0362214336883        2.10654885E-02   8.60332337E-04
   4532.5232058854990        2.03497782E-02   8.56020895E-04
   4534.0103643499460        2.20170077E-02   8.66656133E-04
   4535.4976966879367        2.31055506E-02   8.76562670E-04
   4536.9852027603738        2.11143345E-02   8.67297000E-04
   4538.4728824281619        2.31475495E-02   8.93072400E-04
   4539.9607355522066        2.22669430E-02   8.97819758E-04
   4541.4487619934143        2.04343237E-02   8.81304732E-04
   4542.9369616126869        2.16572881E-02   8.85022164E-04
   4544.4253342709308        2.12911200E-02   8.83004104E-04
   4545.9138798290514        2.30310280E-02   8.86767870E-04
   4547.4025981479517        2.13056412E-02   8.70542950E-04
   4548.8914890885380        2.12069377E-02   8.62987654E-04
   4550.3805525117159        2.16457937E-02   8.71901109E-04
   4551.8697882783872        2.13147216E-02   8.63528636E-04
   4553.3591962494602        2.12353878E-02   8.66255898E-04
   4554.8487762858367        2.15060767E-02   8.66289018E-04
   4556.3385282484251        2.35359818E-02   8.82113061E-04
   4557.8284519981262        2.20858511E-02   8.79721774E-04
   4559.3185473958483        2.08570343E-02   8.91995733E-04
   4560.8088143024943        2.19241604E-02   8.96338723E-04
   4562.2992525789696        2.10406929E-02   8.90592812E-04
   4563.7898620861779        2.29979008E-02   8.87075439E-04
   4565.2806426850266        2.21063588E-02   8.76650447E-04
   4566.7715942364175        1.98175441E-02   8.69798183E-04
   4568.2627166012580        2.19613053E-02   8.83941306E-04
   4569.7540096404518        2.27331314E-02   8.83719942E-04
   4571.2454732149035        2.12825742E-02   8.76823207E-04
   4572.7371071855187        2.05377433E-02   8.72509961E-04
   4574.2289114132009        2.18358729E-02   8.76577513E-04
   4575.7208857588566        2.12602038E-02   8.87989299E-04
   4577.2130300833896        2.14400385E-02   8.82818771E-04
   4578.7053442477063        2.08968725E-02   8.71831842E-04
   4580.1978281127085        2.07665190E-02   8.61658133E-04
   4581.6904815393036        2.15120148E-02   8.54935206E-04
   4583.1833043883953        2.20921282E-02   8.59491236E-04
   4584.6762965208891        2.15384122E-02   8.59756721E-04
   4586.1694577976905        2.17411146E-02   8.56132188E-04
   4587.6627880797023        2.18756758E-02   8.68141185E-04
   4589.1562872278300        1.94511749E-02   8.60132277E-04
   4590.6499551029792        2.16231756E-02   8.71055527E-04
   4592.1437915660554        2.00985987E-02   8.59591702E-04
   4593.6377964779604        2.32690573E-02   8.66074872E-04
   4595.1319696996034        2.00874768E-02   8.61286942E-04
   4596.6263110918844        2.06980333E-02   8.50423006E-04
   4598.1208205157136        2.19672192E-02   8.58404092E-04
   4599.6154978319910        2.13112459E-02   8.54752609E-04
   4601.1103429016239        2.20688377E-02   8.60158703E-04
   4602.6053555855160        2.04930119E-02   8.50514160E-04
   4604.1005357445738        2.11014841E-02   8.50463402E-04
   4605.5958832397009        1.97350644E-02   8.49873701E-04
   4607.0913979318020        2.26006787E-02   8.67532857E-04
   4608.5870796817826        2.07180530E-02   8.65884009E-04
   4610.0829283505482        2.11215764E-02   8.67657887E-04
   4611.5789437990015        1.99316703E-02   8.60779488E-04
   4613.0751258880482        2.11923085E-02   8.57982901E-04
   4614.5714744785946        2.04263236E-02   8.55214428E-04
   4616.0679894315435        2.18768027E-02   8.71738943E-04
   4617.5646706078023        1.96058545E-02   8.48412747E-04
   4619.0615178682719        2.03538574E-02   8.54066981E-04
   4620.5585310738606        2.12302469E-02   8.58555373E-04
   4622.0557100854721        2.12649368E-02   8.57744366E-04
   4623.5530547640119        2.07428019E-02   8.62956455E-04
   4625.0505649703828        2.13798024E-02   8.64614325E-04
   4626.5482405654921        1.98345426E-02   8.55349412E-04
   4628.0460814102426        2.14036275E-02   8.56918108E-04
   4629.5440873655407        2.14869305E-02   8.68438336E-04
   4631.0422582922902        2.10313033E-02   8.59267020E-04
   4632.5405940513974        2.01609563E-02   8.51314340E-04
   4634.0390945037652        1.98480766E-02   8.54922459E-04
   4635.5377595102991        1.99877229E-02   8.51736055E-04
   4637.0365889319046        2.09903196E-02   8.51385703E-04
   4638.5355826294863        2.19038390E-02   8.47298419E-04
   4640.0347404639479        2.04217229E-02   8.44347931E-04
   4641.5340622961967        2.08117273E-02   8.44576047E-04
   4643.0335479871346        2.06649341E-02   8.52670055E-04
   4644.5331973976690        2.22860947E-02   8.55923456E-04
   4646.0330103887036        2.08345447E-02   8.38542241E-04
   4647.5329868211420        2.23975517E-02   8.34216306E-04
   4649.0331265558916        2.15473175E-02   8.37848755E-04
   4650.5334294538543        2.07938999E-02   8.39295739E-04
   4652.0338953759383        2.16317624E-02   8.48990690E-04
   4653.5345241830455        2.12861337E-02   8.48062860E-04
   4655.0353157360832        2.11892836E-02   8.41344532E-04
   4656.5362698959543        2.00380329E-02   8.34830280E-04
   4658.0373865235642        2.04759147E-02   8.47719610E-04
   4659.5386654798185        2.15732530E-02   8.60173255E-04
   4661.0401066256209        2.02892832E-02   8.55763850E-04
   4662.5417098218759        2.17225943E-02   8.52197758E-04
   4664.0434749294909        2.05483343E-02   8.38543056E-04
   4665.5454018093678        2.09472626E-02   8.27060430E-04
   4667.0474903224131        2.19708513E-02   8.23716633E-04
   4668.5497403295312        2.12761760E-02   8.13119812E-04
   4670.0521516916269        2.10356228E-02   8.29576049E-04
   4671.5547242696057        1.97877996E-02   8.27618409E-04
   4673.0574579243703        2.23014392E-02   8.50133481E-04
   4674.5603525168281        2.24653520E-02   8.52010155E-04
   4676.0634079078827        2.06083152E-02   8.48154246E-04
   4677.5666239584398        2.18997821E-02   8.53418896E-04
   4679.0700005294029        2.20832434E-02   8.50125973E-04
   4680.5735374816777        2.31129657E-02   8.36167776E-04
   4682.0772346761678        2.34327279E-02   8.49840115E-04
   4683.5810919737805        2.16493215E-02   8.45086121E-04
   4685.0851092354187        2.35439818E-02   8.53390666E-04
   4686.5892863219879        2.26131678E-02   8.54526937E-04
   4688.0936230943926        2.28198860E-02   8.53575417E-04
   4689.5981194135384        2.35945191E-02   8.53020058E-04
   4691.1027751403290        2.50007901E-02   8.55663442E-04
   4692.6075901356708        2.27765273E-02   8.53413716E-04
   4694.1125642604666        2.34050807E-02   8.61773908E-04
   4695.6176973756228        2.15263404E-02   8.45268252E-04
   4697.1229893420441        2.29294337E-02   8.58843036E-04
   4698.6284400206341        2.30476540E-02   8.45101895E-04
   4700.1340492722993        2.12503634E-02   8.32566060E-04
   4701.6398169579434        2.13299971E-02   8.26852745E-04
   4703.1457429384718        2.34518982E-02   8.36836174E-04
   4704.6518270747883        2.14660633E-02   8.32764839E-04
   4706.1580692277994        2.21580826E-02   8.35140643E-04
   4707.6644692584086        2.20452342E-02   8.34951526E-04
   4709.1710270275225        2.17812937E-02   8.37774889E-04
   4710.6777423960439        1.96223855E-02   8.32636200E-04
   4712.1846152248781        1.99789200E-02   8.39115004E-04
   4713.6916453749309        2.08889376E-02   8.44736525E-04
   4715.1988327071067        2.13218965E-02   8.40317109E-04
   4716.7061770823102        1.98405534E-02   8.42765789E-04
   4718.2136783614451        2.07118839E-02   8.55329097E-04
   4719.7213364054178        2.08860151E-02   8.57592793E-04
   4721.2291510751338        1.99542381E-02   8.55567632E-04
   4722.7371222314960        2.06663460E-02   8.60754459E-04
   4724.2452497354097        1.95297562E-02   8.55558552E-04
   4725.7535334477807        1.77435856E-02   8.42528127E-04
   4727.2619732295125        2.01731138E-02   8.43381102E-04
   4728.7705689415116        2.12612841E-02   8.38675944E-04
   4730.2793204446807        1.93777885E-02   8.27480748E-04
   4731.7882275999264        2.16931738E-02   8.34072707E-04
   4733.2972902681531        2.14059539E-02   8.45893112E-04
   4734.8065083102665        2.08342131E-02   8.43600195E-04
   4736.3158815871702        2.04374790E-02   8.39206448E-04
   4737.8254099597689        2.06311382E-02   8.47400690E-04
   4739.3350932889671        2.02075783E-02   8.43867892E-04
   4740.8449314356712        2.06778347E-02   8.50216951E-04
   4742.3549242607851        1.99625641E-02   8.51640652E-04
   4743.8650716252141        1.99564770E-02   8.50087847E-04
   4745.3753733898629        2.07851920E-02   8.56119674E-04
   4746.8858294156353        2.02236138E-02   8.54323152E-04
   4748.3964395634366        1.88816562E-02   8.51278892E-04
   4749.9072036941725        1.99146327E-02   8.52124882E-04
   4751.4181216687484        1.87272392E-02   8.43070215E-04
   4752.9291933480672        2.07129326E-02   8.45823088E-04
   4754.4404185930343        1.99544746E-02   8.39616288E-04
   4755.9517972645563        1.98914725E-02   8.36962543E-04
   4757.4633292235358        2.00446509E-02   8.43129994E-04
   4758.9750143308784        1.99153442E-02   8.48038413E-04
   4760.4868524474887        1.93962902E-02   8.42430512E-04
   4761.9988434342731        2.01895963E-02   8.41916888E-04
   4763.5109871521336        1.90618746E-02   8.29362718E-04
   4765.0232834619774        2.00816654E-02   8.28870921E-04
   4766.5357322247082        1.94579009E-02   8.28874821E-04
   4768.0483333012326        1.98754761E-02   8.38790787E-04
   4769.5610865524532        2.05778126E-02   8.49479751E-04
   4771.0739918392755        1.93144921E-02   8.45012139E-04
   4772.5870490226034        1.92313772E-02   8.48846568E-04
   4774.1002579633450        1.90348588E-02   8.47030897E-04
   4775.6136185224022        1.94680616E-02   8.55131482E-04
   4777.1271305606797        1.95734482E-02   8.54416634E-04
   4778.6407939390838        1.89392529E-02   8.53808247E-04
   4780.1546085185200        1.86852962E-02   8.49676202E-04
   4781.6685741598903        1.97763089E-02   8.56305182E-04
   4783.1826907241020        1.97570976E-02   8.46322509E-04
   4784.6969580720588        1.86300408E-02   8.41717818E-04
   4786.2113760646671        1.93950459E-02   8.42408161E-04
   4787.7259445628297        1.80963930E-02   8.32314545E-04
   4789.2406634274521        1.83893498E-02   8.36753228E-04
   4790.7555325194389        1.81584805E-02   8.39336019E-04
   4792.2705516996957        1.90094020E-02   8.49680568E-04
   4793.7857208291280        1.74915120E-02   8.48393945E-04
   4795.3010397686385        1.81960892E-02   8.54774495E-04
   4796.8165083791328        1.77847408E-02   8.48892552E-04
   4798.3321265215172        1.89425889E-02   8.52805970E-04
   4799.8478940566947        1.86863225E-02   8.46785901E-04
   4801.3638108455707        1.62230879E-02   8.31244572E-04
   4802.8798767490516        1.86200999E-02   8.46078503E-04
   4804.3960916280394        1.77512541E-02   8.38634558E-04
   4805.9124553434413        1.99563242E-02   8.50882672E-04
   4807.4289677561601        1.77721046E-02   8.35235522E-04
   4808.9456287271032        1.74286235E-02   8.33600818E-04
   4810.4624381171734        1.65418182E-02   8.33526195E-04
   4811.9793957872762        1.65318567E-02   8.37389380E-04
   4813.4965015983162        1.60954259E-02   8.35493498E-04
   4815.0137554111989        1.80025324E-02   8.47885385E-04
   4816.5311570868280        1.60389021E-02   8.40510183E-04
   4818.0487064861090        1.68283544E-02   8.46167270E-04
   4819.5664034699475        1.70860123E-02   8.48592550E-04
   4821.0842478992472        1.67103279E-02   8.41574336E-04
   4822.6022396349135        1.55599285E-02   8.31497135E-04
   4824.1203785378502        1.95115935E-02   8.46085604E-04
   4825.6386644689637        1.62206683E-02   8.33914557E-04
   4827.1570972891586        1.84440110E-02   8.45219300E-04
   4828.6756768593386        1.64472740E-02   8.36619351E-04
   4830.1944030404102        1.87793877E-02   8.47327290E-04
   4831.7132756932760        1.65895820E-02   8.32328515E-04
   4833.2322946788427        1.87938251E-02   8.39994813E-04
   4834.7514598580146        1.90688036E-02   8.39245447E-04
   4836.2707710916975        2.07140055E-02   8.51599500E-04
   4837.7902282407931        2.07850952E-02   8.54199170E-04
   4839.3098311662097        2.13469341E-02   8.47922056E-04
   4840.8295797288501        2.43106429E-02   8.56211351E-04
   4842.3494737896208        2.48984043E-02   8.61724548E-04
   4843.8695132094253        2.35528853E-02   8.54991376E-04
   4845.3896978491684        2.41748486E-02   8.59221909E-04
   4846.9100275697565        2.46022344E-02   8.67780414E-04
   4848.4305022320914        2.36705132E-02   8.56678118E-04
   4849.9511216970814        2.62057334E-02   8.62531422E-04
   4851.4718858256301        2.53526568E-02   8.63661233E-04
   4852.9927944786405        2.35072821E-02   8.48064432E-04
   4854.5138475170197        2.25544740E-02   8.34366831E-04
   4856.0350448016725        2.40308009E-02   8.29621858E-04
   4857.5563861935016        2.31375527E-02   8.09502089E-04
   4859.0778715534143        2.38561966E-02   7.99980306E-04
   4860.5995007423144        2.20962930E-02   7.62532174E-04
   4862.1212736211064        2.28969697E-02   7.60716153E-04
   4863.6431900506959        2.18540933E-02   7.74541346E-04
   4865.1652498919866        2.28795968E-02   8.01434857E-04
   4866.6874530058849        2.35647708E-02   8.29436583E-04
   4868.2097992532945        2.29223073E-02   8.26024567E-04
   4869.7322884951209        2.38601118E-02   8.26405361E-04
   4871.2549205922678        2.28888839E-02   8.16587301E-04
   4872.7776954056417        2.27885749E-02   8.11713398E-04
   4874.3006127961462        2.37494670E-02   8.24007555E-04
   4875.8236726246860        2.59619299E-02   8.46613199E-04
   4877.3468747521674        2.54780818E-02   8.50796292E-04
   4878.8702190394924        2.38193180E-02   8.49866599E-04
   4880.3937053475702        2.41599735E-02   8.53060512E-04
   4881.9173335373025        2.26898771E-02   8.43694666E-04
   4883.4411034695941        2.30499934E-02   8.42032663E-04
   4884.9650150053512        1.96186136E-02   8.26640578E-04
   4886.4890680054768        1.97306965E-02   8.15612555E-04
   4888.0132623308791        1.92344654E-02   8.07781122E-04
   4889.5375978424590        1.90739837E-02   8.01193295E-04
   4891.0620744011230        1.89679768E-02   7.99361849E-04
   4892.5866918677775        1.75951328E-02   8.02354305E-04
   4894.1114501033244        1.85555704E-02   8.20392510E-04
   4895.6363489686719        1.78846978E-02   8.35506420E-04
   4897.1613883247210        1.85170472E-02   8.39290267E-04
   4898.6865680323799        1.92444939E-02   8.39638640E-04
   4900.2118879525515        1.88944601E-02   8.32869497E-04
   4901.7373479461403        1.97426639E-02   8.37785075E-04
   4903.2629478740537        2.07504705E-02   8.31090729E-04
   4904.7886875971935        1.90384891E-02   8.31494108E-04
   4906.3145669764663        2.11999323E-02   8.44129245E-04
   4907.8405858727765        1.97989140E-02   8.32334219E-04
   4909.3667441470297        2.13887710E-02   8.28340126E-04
   4910.8930416601288        2.27070618E-02   8.31184210E-04
   4912.4194782729810        2.06141565E-02   8.22085014E-04
   4913.9460538464891        2.12139525E-02   8.35777668E-04
   4915.4727682415596        2.14557853E-02   8.39178334E-04
   4916.9996213190961        2.04934906E-02   8.31304991E-04
   4918.5266129400052        2.12113410E-02   8.05454911E-04
   4920.0537429651895        2.05123462E-02   7.92405393E-04
   4921.5810112555546        2.10194215E-02   7.94962107E-04
   4923.1084176720051        2.10733451E-02   8.06104043E-04
   4924.6359620754465        1.98077690E-02   8.13941006E-04
   4926.1636443267835        2.04583164E-02   8.23231414E-04
   4927.6914642869215        2.13043857E-02   8.37423431E-04
   4929.2194218167642        1.99500527E-02   8.33363854E-04
   4930.7475167772172        2.08304543E-02   8.40922701E-04
   4932.2757490291851        2.08525918E-02   8.33457860E-04
   4933.8041184335725        2.00586524E-02   8.27632204E-04
   4935.3326248512849        2.05419287E-02   8.21675232E-04
   4936.8612681432260        2.08526291E-02   8.20251880E-04
   4938.3900481703022        2.07877494E-02   8.13746883E-04
   4939.9189647934172        1.95985381E-02   8.05357238E-04
   4941.4480178734748        2.13920865E-02   8.29889788E-04
   4942.9772072713831        2.01082062E-02   8.35130224E-04
   4944.5065328480432        2.03158055E-02   8.35762010E-04
   4946.0359944643633        2.03287806E-02   8.36366438E-04
   4947.5655919812452        2.02588402E-02   8.35890183E-04
   4949.0953252595964        1.88610405E-02   8.29446653E-04
   4950.6251941603205        1.84244178E-02   8.29718600E-04
   4952.1551985443220        1.83452778E-02   8.27878073E-04
   4953.6853382725067        2.01188233E-02   8.33225553E-04
   4955.2156132057780        1.77875925E-02   8.10208730E-04
   4956.7460232050416        2.00021528E-02   8.09130433E-04
   4958.2765681312030        1.93477664E-02   8.02897383E-04
   4959.8072478451659        1.74126402E-02   8.03920964E-04
   4961.3380622078366        1.84332095E-02   8.25811469E-04
   4962.8690110801172        1.95197891E-02   8.38821812E-04
   4964.4000943229157        1.91553794E-02   8.28670629E-04
   4965.9313117971351        1.81665532E-02   8.20167013E-04
   4967.4626633636817        1.88514590E-02   8.16776941E-04
   4968.9941488834584        2.02981289E-02   8.24788760E-04
   4970.5257682173706        1.95497554E-02   8.25987081E-04
   4972.0575212263238        1.91626810E-02   8.30553530E-04
   4973.5894077712228        1.81378052E-02   8.22504109E-04
   4975.1214277129720        2.03265436E-02   8.36134248E-04
   4976.6535809124762        1.95802841E-02   8.31371814E-04
   4978.1858672306407        1.83759872E-02   8.21386289E-04
   4979.7182865283703        1.87603217E-02   8.15129606E-04
   4981.2508386665695        2.06131544E-02   8.09935038E-04
   4982.7835235061439        1.92807391E-02   7.94327294E-04
   4984.3163409079962        1.81199741E-02   7.87267694E-04
   4985.8492907330346        1.90534759E-02   8.03258445E-04
   4987.3823728421603        2.16314141E-02   8.28309101E-04
   4988.9155870962813        2.01437417E-02   8.34407692E-04
   4990.4489333563006        2.07588803E-02   8.28983670E-04
   4991.9824114831235        2.22182702E-02   8.31783691E-04
   4993.5160213376539        2.40339972E-02   8.42415378E-04
   4995.0497627807990        2.26817727E-02   8.41584464E-04
   4996.5836356734617        2.37664357E-02   8.47602787E-04
   4998.1176398765483        2.31715161E-02   8.40696215E-04
   4999.6517752509608        2.29783077E-02   8.39633809E-04
   5001.1860416576083        2.47774012E-02   8.37206258E-04
   5002.7204389573917        2.34261174E-02   8.23414361E-04
   5004.2549670112176        2.30117217E-02   8.23493581E-04
   5005.7896256799904        2.36193202E-02   8.18407570E-04
   5007.3244148246158        2.19252314E-02   8.15321051E-04
   5008.8593343059974        2.30262075E-02   8.27535347E-04
   5010.3943839850417        2.16674823E-02   8.29249970E-04
   5011.9295637226523        2.34389175E-02   8.24256451E-04
   5013.4648733797339        2.15510596E-02   8.14531930E-04
   5015.0003128171920        2.21926998E-02   8.11068923E-04
   5016.5358818959312        2.23216396E-02   8.15667503E-04
   5018.0715804768561        2.31128149E-02   8.24321585E-04
   5019.6074084208713        2.50051394E-02   8.49562872E-04
   5021.1433655888832        2.24842802E-02   1.14280067E-03
   5022.6794518417946        2.34740432E-02   8.29698518E-04
   5024.2156670405111        2.40790900E-02   8.37355095E-04
   5025.7520110459382        2.47852001E-02   8.43763934E-04
   5027.2884837189804        2.48122383E-02   8.41539470E-04
   5028.8250849205424        2.58251876E-02   8.50017881E-04
   5030.3618145115279        2.44174488E-02   8.45505856E-04
   5031.8986723528433        2.58511510E-02   8.64638831E-04
   5033.4356583053941        2.41509508E-02   8.52778729E-04
   5034.9727722300831        2.48314589E-02   8.48781376E-04
   5036.5100139878159        2.29677465E-02   8.38830019E-04
   5038.0473834394979        2.27237400E-02   8.30825884E-04
   5039.5848804460338        2.28337981E-02   8.15880892E-04
   5041.1225048683273        2.36978587E-02   8.22060683E-04
   5042.6602565672847        2.29740851E-02   8.29377503E-04
   5044.1981354038107        2.22234391E-02   8.34624050E-04
   5045.7361412388091        2.18317937E-02   8.43943562E-04
   5047.2742739331852        2.05467176E-02   8.38578853E-04
   5048.8125333478447        2.33031679E-02   8.45952134E-04
   5050.3509193436912        2.06540544E-02   8.26676842E-04
   5051.8894317816303        2.04967689E-02   8.25173629E-04
   5053.4280705225665        2.01447010E-02   8.36579129E-04
   5054.9668354274036        2.06850674E-02   8.41884408E-04
   5056.5057263570488        2.18048729E-02   8.52235942E-04
   5058.0447431724060        2.17150357E-02   8.57413164E-04
   5059.5838857343797        2.12654807E-02   8.51734891E-04
   5061.1231539038745        1.88924707E-02   8.49320611E-04
   5062.6625475417959        2.22766679E-02   8.57633480E-04
   5064.2020665090477        2.00592633E-02   8.42992100E-04
   5065.7417106665353        2.10003331E-02   8.40711698E-04
   5067.2814798751633        2.36319508E-02   8.50211654E-04
   5068.8213739958383        2.13027745E-02   8.44534370E-04
   5070.3613928894629        2.02614702E-02   8.39514483E-04
   5071.9015364169427        2.15819795E-02   8.48082127E-04
   5073.4418044391832        2.21604351E-02   8.42384528E-04
   5074.9821968170882        2.07576249E-02   8.38767563E-04
   5076.5227134115630        2.17221566E-02   8.51437333E-04
   5078.0633540835133        2.12893225E-02   8.34587321E-04
   5079.6041186938419        2.05826275E-02   8.26469914E-04
   5081.1450071034551        1.87686626E-02   8.12154089E-04
   5082.6860191732576        2.01221611E-02   8.25422176E-04
   5084.2271547641549        1.98869444E-02   8.35185929E-04
   5085.7684137370497        2.02750769E-02   8.40119843E-04
   5087.3097959528486        2.04046667E-02   8.45478906E-04
   5088.8513012724561        2.08948702E-02   8.52940022E-04
   5090.3929295567768        2.06260532E-02   8.52900383E-04
   5091.9346806667154        2.06595734E-02   8.58883024E-04
   5093.4765544631782        2.08186898E-02   8.59033025E-04
   5095.0185508070672        2.13532001E-02   8.54218495E-04
   5096.5606695592905        2.11910903E-02   8.47162446E-04
   5098.1029105807502        2.12173797E-02   8.39077344E-04
   5099.6452737323534        2.05616001E-02   8.35393730E-04
   5101.1877588750031        2.00276617E-02   8.37909931E-04
   5102.7303658696046        1.99803244E-02   8.69620533E-04
   5104.2730945770636        2.06170045E-02   8.50136974E-04
   5105.8159448582837        2.01050919E-02   8.43043439E-04
   5107.3589165741714        2.12065820E-02   8.39313667E-04
   5108.9020095856295        2.06092093E-02   8.40533408E-04
   5110.4452237535643        2.13772748E-02   8.41922825E-04
   5111.9885589388805        2.03050077E-02   8.41149536E-04
   5113.5320150024818        1.95327215E-02   8.49803910E-04
   5115.0755918052746        1.84310507E-02   8.45948467E-04
   5116.6192892081626        2.08947659E-02   8.56557221E-04
   5118.1631070720523        2.05668155E-02   8.65084003E-04
   5119.7070452578455        1.80817395E-02   8.41727655E-04
   5121.2511036264505        2.05288455E-02   8.50926561E-04
   5122.7952820387691        1.93432495E-02   8.33076076E-04
   5124.3395803557087        2.10732780E-02   8.40922992E-04
   5125.8839984381721        2.04112064E-02   8.29688681E-04
   5127.4285361470647        2.14174595E-02   8.45769886E-04
   5128.9731933432922        2.15570461E-02   8.35360494E-04
   5130.5179698877591        2.09302641E-02   8.47370073E-04
   5132.0628656413692        1.97245367E-02   8.40091147E-04
   5133.6078804650278        2.18869019E-02   8.52703990E-04
   5135.1530142196416        2.12982520E-02   8.48669035E-04
   5136.6982667661132        1.98405776E-02   8.45248287E-04
   5138.2436379653482        2.09191535E-02   8.35749612E-04
   5139.7891276782520        2.10631825E-02   8.30519712E-04
   5141.3347357657285        2.04981547E-02   8.35872430E-04
   5142.8804620886831        2.24449486E-02   8.48873809E-04
   5144.4263065080195        1.97872519E-02   8.35919345E-04
   5145.9722688846441        2.21271161E-02   8.44730879E-04
   5147.5183490794607        2.02434398E-02   8.45696020E-04
   5149.0645469533747        1.94547996E-02   8.36200721E-04
   5150.6108623672917        2.12999806E-02   8.45464121E-04
   5152.1572951821154        1.99858211E-02   8.46930488E-04
   5153.7038452587503        2.29845531E-02   8.53289093E-04
   5155.2505124581021        2.26219334E-02   8.56280618E-04
   5156.7972966410744        2.36275699E-02   8.67585652E-04
   5158.3441976685735        2.21344437E-02   8.66745133E-04
   5159.8912154015052        2.39901654E-02   8.69148702E-04
   5161.4383497007711        2.23954823E-02   8.56465078E-04
   5162.9856004272788        2.22954545E-02   8.61975597E-04
   5164.5329674419318        2.20829044E-02   8.31747311E-04
   5166.0804506056338        2.28031017E-02   8.12611019E-04
   5167.6280497792932        2.33556554E-02   8.04209791E-04
   5169.1757648238126        2.37459987E-02   8.04567419E-04
   5170.7235956000959        2.38536559E-02   8.01904825E-04
   5172.2715419690494        2.31881049E-02   7.96939945E-04
   5173.8196037915786        2.34923642E-02   8.09651974E-04
   5175.3677809285864        2.22226474E-02   8.27708223E-04
   5176.9160732409782        2.32286956E-02   8.60360917E-04
   5178.4644805896596        2.28293091E-02   8.65707931E-04
   5180.0130028355361        2.30535883E-02   8.63979280E-04
   5181.5616398395096        2.50336695E-02   8.38677573E-04
   5183.1103914624882        2.35234667E-02   8.06167605E-04
   5184.6592575653740        2.37619597E-02   8.00308364E-04
   5186.2082380090742        2.30532140E-02   8.18313740E-04
   5187.7573326544934        2.40839943E-02   8.57712817E-04
   5189.3065413625345        2.27461401E-02   8.57415958E-04
   5190.8558639941039        2.45614871E-02   8.58020736E-04
   5192.4053004101061        2.36220863E-02   8.57289357E-04
   5193.9548504714458        2.16267668E-02   8.33981030E-04
   5195.5045140390284        2.13900339E-02   8.59202177E-04
   5197.0542909737569        2.10010093E-02   8.69748415E-04
   5198.6041811365385        2.14799773E-02   8.82125110E-04
   5200.1541843882769        1.97790321E-02   8.84143228E-04
   5201.7043005898777        2.11456921E-02   8.77004699E-04
   5203.2545296022436        2.03478690E-02   8.52824422E-04
   5204.8048712862828        2.26116497E-02   8.57724051E-04
   5206.3553255028974        2.20622569E-02   8.45015456E-04
   5207.9058921129936        2.17598826E-02   8.38014646E-04
   5209.4565709774761        2.10521817E-02   8.46014940E-04
   5211.0073619572468        2.09835246E-02   8.58488143E-04
   5212.5582649132166        2.05234438E-02   8.60649860E-04
   5214.1092797062847        2.20703054E-02   8.62655637E-04
   5215.6604061973594        2.13884562E-02   8.59972497E-04
   5217.2116442473434        2.16600951E-02   8.51398392E-04
   5218.7629937171432        1.92638971E-02   8.43792688E-04
   5220.3144544676616        2.09443662E-02   8.66123475E-04
   5221.8660263598058        2.06175596E-02   8.64825270E-04
   5223.4177092544805        2.13527288E-02   8.65336217E-04
   5224.9695030125877        2.05592960E-02   8.42851761E-04
   5226.5214074950354        2.02408433E-02   8.30911333E-04
   5228.0734225627257        2.10117418E-02   8.33572645E-04
   5229.6255480765658        1.94079187E-02   8.37103813E-04
   5231.1777838974604        2.02896651E-02   8.49951350E-04
   5232.7301298863122        2.15538479E-02   8.51448160E-04
   5234.2825859040286        1.88428611E-02   8.37024185E-04
   5235.8351518115132        1.94729101E-02   8.46589101E-04
   5237.3878274696699        2.00325679E-02   8.63771129E-04
   5238.9406127394050        2.14293376E-02   8.76457838E-04
   5240.4935074816240        2.09725946E-02   8.70920543E-04
   5242.0465115572297        1.93263255E-02   8.63194000E-04
   5243.5996248271267        2.09848043E-02   8.70350283E-04
   5245.1528471522224        2.08952948E-02   8.68907897E-04
   5246.7061783934196        1.97087433E-02   8.67426861E-04
   5248.2596184116237        2.06681862E-02   8.64541507E-04
   5249.8131670677403        2.33661104E-02   8.74861493E-04
   5251.3668242226740        2.14569811E-02   8.68628558E-04
   5252.9205897373286        2.11518984E-02   8.66595015E-04
   5254.4744634726085        1.92608740E-02   8.54075712E-04
   5256.0284452894211        2.24202946E-02   8.75067548E-04
   5257.5825350486684        2.26043183E-02   8.88027484E-04
   5259.1367326112577        2.34299507E-02   8.92562792E-04
   5260.6910378380926        2.03405693E-02   8.65824055E-04
   5262.2454505900778        2.33623981E-02   8.64873757E-04
   5263.7999707281178        2.24647764E-02   8.40004184E-04
   5265.3545981131183        2.25675646E-02   8.35947110E-04
   5266.9093326059838        2.35160384E-02   8.38898588E-04
   5268.4641740676198        2.15361435E-02   8.29895900E-04
   5270.0191223589291        2.18548458E-02   8.32024321E-04
   5271.5741773408190        2.11281031E-02   8.33803089E-04
   5273.1293388741951        2.11162958E-02   8.48992844E-04
   5274.6846068199584        2.19603293E-02   8.62473331E-04
   5276.2399810390161        2.19077915E-02   8.72303732E-04
   5277.7954613922720        2.00922824E-02   8.68300674E-04
   5279.3510477406326        2.00663656E-02   8.67548923E-04
   5280.9067399450023        2.13724170E-02   8.72792327E-04
   5282.4625378662840        2.16596760E-02   8.68430885E-04
   5284.0184413653851        2.12167595E-02   8.66850954E-04
   5285.5744503032092        2.08819006E-02   8.66111484E-04
   5287.1305645406601        2.19105780E-02   8.87886505E-04
   5288.6867839386450        2.05797050E-02   8.85318033E-04
   5290.2431083580677        2.00519767E-02   8.84917506E-04
   5291.7995376598319        1.89416632E-02   8.77526763E-04
   5293.3560717048449        2.00205613E-02   8.82722088E-04
   5294.9127103540086        1.89115927E-02   8.77072511E-04
   5296.4694534682303        2.09897030E-02   8.71027936E-04
   5298.0263009084128        2.02271063E-02   8.66298273E-04
   5299.5832525354635        1.98245011E-02   8.53287813E-04
   5301.1403082102843        2.04193275E-02   8.77169659E-04
   5302.6974677937815        2.14666929E-02   8.82043736E-04
   5304.2547311468606        2.09599640E-02   8.82386172E-04
   5305.8120981304255        1.93824060E-02   8.85583286E-04
   5307.3695686053816        2.06003860E-02   8.80591979E-04
   5308.9271424326334        2.04514284E-02   8.86786380E-04
   5310.4848194730848        2.06690468E-02   9.00693587E-04
   5312.0425995876421        2.13461500E-02   9.01695108E-04
   5313.6004826372100        1.97799355E-02   8.86399415E-04
   5315.1584684826930        2.11075153E-02   8.87124159E-04
   5316.7165569849958        2.10267566E-02   8.85691785E-04
   5318.2747480050239        1.91843528E-02   8.75781232E-04
   5319.8330414036809        2.02615764E-02   8.87239352E-04
   5321.3914370418715        2.18101572E-02   8.92087992E-04
   5322.9499347805031        2.12619454E-02   8.84919602E-04
   5324.5085344804775        2.11217497E-02   8.84593581E-04
   5326.0672360027011        2.18179990E-02   8.67838215E-04
   5327.6260392080785        2.20149718E-02   8.66032206E-04
   5329.1849439575153        1.92384273E-02   8.46862036E-04
   5330.7439501119152        2.11005379E-02   8.76811333E-04
   5332.3030575321827        2.08001994E-02   8.89572490E-04
   5333.8622660792253        2.06725188E-02   8.88516719E-04
   5335.4215756139438        2.06481908E-02   8.92942015E-04
   5336.9809859972456        2.15296298E-02   8.98877042E-04
   5338.5404970900354        2.07318161E-02   8.84954585E-04
   5340.1001087532177        2.05225106E-02   8.79141386E-04
   5341.6598208476971        2.06110477E-02   8.74977966E-04
   5343.2196332343792        1.79297123E-02   8.62920540E-04
   5344.7795457741686        1.98121015E-02   8.83918896E-04
   5346.3395583279680        2.02158522E-02   8.85821471E-04
   5347.8996707566857        2.01804191E-02   8.80797452E-04
   5349.4598829212246        2.19455268E-02   8.91631353E-04
   5351.0201946824900        2.14169417E-02   8.88018752E-04
   5352.5806059013867        2.10957974E-02   8.98919825E-04
   5354.1411164388192        2.13348977E-02   9.01522639E-04
   5355.7017261556930        2.00866163E-02   8.99347768E-04
   5357.2624349129128        2.19166987E-02   9.08049464E-04
   5358.8232425713823        2.16267277E-02   9.14761506E-04
   5360.3841489920078        2.05849018E-02   8.97808291E-04
   5361.9451540356922        2.12224592E-02   9.01191030E-04
   5363.5062575633438        1.83312092E-02   8.78808729E-04
   5365.0674594358643        2.04969496E-02   8.84325418E-04
   5366.6287595141603        1.95818692E-02   8.76313599E-04
   5368.1901576591345        2.14840770E-02   8.83847883E-04
   5369.7516537316942        1.94669720E-02   8.68713076E-04
   5371.3132475927432        2.09340286E-02   8.73914803E-04
   5372.8749391031861        1.97971705E-02   8.76766804E-04
   5374.4367281239274        2.03818865E-02   8.90561438E-04
   5375.9986145158728        2.06646174E-02   9.00947605E-04
   5377.5605981399276        2.01973747E-02   8.99502367E-04
   5379.1226788569957        1.91630721E-02   8.91473086E-04
   5380.6848565279815        2.07221173E-02   8.97019694E-04
   5382.2471310137917        1.97878182E-02   8.85912101E-04
   5383.8095021753288        1.96254812E-02   8.90202355E-04
   5385.3719698734985        2.00431440E-02   8.91600444E-04
   5386.9345339692072        2.15530805E-02   8.98336933E-04
   5388.4971943233568        1.82960685E-02   8.87294183E-04
   5390.0599507968554        2.36584265E-02   9.10957751E-04
   5391.6228032506051        2.02466324E-02   8.85146728E-04
   5393.1857515455131        2.04098281E-02   8.83970526E-04
   5394.7487955424813        2.17921585E-02   8.90749099E-04
   5396.3119351024170        1.98025554E-02   8.74078774E-04
   5397.8751700862249        2.04981714E-02   8.81399959E-04
   5399.4385003548086        2.03445125E-02   8.76265520E-04
   5401.0019257690738        1.89404394E-02   8.79975618E-04
   5402.5654461899248        2.09544990E-02   8.87450413E-04
   5404.1290614782665        2.24357955E-02   8.80713051E-04
   5405.6927714950043        2.22847685E-02   8.77052080E-04
   5407.2565761010437        2.02593822E-02   8.72067583E-04
   5408.8204751572866        2.05797236E-02   8.75319180E-04
   5410.3844685246404        2.00652014E-02   8.78659834E-04
   5411.9485560640096        2.13780124E-02   8.93584336E-04
   5413.5127376362989        2.08082404E-02   8.91153002E-04
   5415.0770131024137        2.09092740E-02   8.88910494E-04
   5416.6413823232569        2.15036329E-02   8.93818156E-04
   5418.2058451597359        2.08308306E-02   8.97949387E-04
   5419.7704014727524        2.01270785E-02   8.96610611E-04
   5421.3350511232147        2.11444721E-02   8.97419988E-04
   5422.8997939720248        2.01370399E-02   8.88111768E-04
   5424.4646298800899        2.20042821E-02   8.98874016E-04
   5426.0295587083128        1.89025477E-02   8.81495536E-04
   5427.5945803175991        2.12333202E-02   8.94613797E-04
   5429.1596945688552        2.03752089E-02   8.92900571E-04
   5430.7249013229830        2.12525241E-02   8.91225936E-04
   5432.2902004408897        2.10573450E-02   8.87276896E-04
   5433.8555917834783        1.93306543E-02   8.83531233E-04
   5435.4210752116560        2.25413106E-02   8.95203848E-04
   5436.9866505863256        2.10750196E-02   9.00633750E-04
   5438.5523177683926        2.07242630E-02   9.07261274E-04
   5440.1180766187617        2.03616228E-02   9.11661133E-04
   5441.6839269983375        2.06312109E-02   9.15323035E-04
   5443.2498687680254        2.12159194E-02   9.08004702E-04
   5444.8159017887301        1.94590371E-02   8.87333124E-04
   5446.3820259213571        1.88796986E-02   8.80458218E-04
   5447.9482410268101        2.01513637E-02   8.89479823E-04
   5449.5145469659947        2.09078416E-02   9.02351108E-04
   5451.0809435998144        1.97905917E-02   9.12013173E-04
   5452.6474307891758        2.02771965E-02   9.08872054E-04
   5454.2140083949835        1.84231400E-02   8.85017274E-04
   5455.7806762781411        2.07315683E-02   8.93161865E-04
   5457.3474342995542        1.77214947E-02   8.83692235E-04
   5458.9142823201273        1.91975031E-02   9.02695465E-04
   5460.4812202007661        1.82644576E-02   8.97923193E-04
   5462.0482478023750        1.99935175E-02   9.04014334E-04
   5463.6153649858579        1.84928924E-02   8.90535826E-04
   5465.1825716121211        1.94391944E-02   8.88785755E-04
   5466.7498675420693        1.98094696E-02   9.00270185E-04
   5468.3172526366061        1.87814869E-02   8.95841513E-04
   5469.8847267566371        1.88495480E-02   9.02885571E-04
   5471.4522897630668        2.10076366E-02   9.04730579E-04
   5473.0199415168017        1.97889544E-02   9.01812455E-04
   5474.5876818787447        2.02622265E-02   8.94357625E-04
   5476.1555107098011        1.82066765E-02   8.76343052E-04
   5477.7234278708756        1.92782953E-02   8.82639142E-04
   5479.2914332228738        1.92107670E-02   8.84361041E-04
   5480.8595266266993        1.93329081E-02   8.96242738E-04
   5482.4277079432586        2.10634973E-02   9.04307351E-04
   5483.9959770334553        1.94581375E-02   9.00450046E-04
   5485.5643337581942        1.90174077E-02   9.03482316E-04
   5487.1327779783815        1.85058452E-02   9.00087645E-04
   5488.7013095549200        2.02160887E-02   9.10498609E-04
   5490.2699283487163        1.91841926E-02   8.97746242E-04
   5491.8386342206750        1.91802345E-02   9.06917267E-04
   5493.4074270316996        2.05879323E-02   9.09627764E-04
   5494.9763066426958        2.14972459E-02   9.16797086E-04
   5496.5452729145691        1.95976999E-02   9.04652115E-04
   5498.1143257082231        2.19403803E-02   9.22002655E-04
   5499.6834648845634        2.12822184E-02   9.12059972E-04
   5501.2526903044945        1.96284112E-02   9.07996262E-04
   5502.8220018289221        1.90260261E-02   8.99298582E-04
   5504.3913993187498        2.15773359E-02   9.14166565E-04
   5505.9608826348831        1.91683713E-02   9.00197134E-04
   5507.5304516382257        1.82268415E-02   9.00923915E-04
   5509.1001061896859        2.01741997E-02   9.12882970E-04
   5510.6698461501646        2.00426076E-02   9.07643989E-04
   5512.2396713805683        1.91906039E-02   9.00999177E-04
   5513.8095817418007        2.07909998E-02   9.05716734E-04
   5515.3795770947690        1.99882668E-02   9.08261165E-04
   5516.9496573003771        2.06872337E-02   9.16344812E-04
   5518.5198222195286        1.98249537E-02   9.16327990E-04
   5520.0900717131281        1.98892094E-02   9.11941985E-04
   5521.6604056420829        2.07385384E-02   9.26972192E-04
   5523.2308238672967        2.06681956E-02   9.24764783E-04
   5524.8013262496734        2.12868880E-02   9.22529667E-04
   5526.3719126501192        1.96979307E-02   9.00737825E-04
   5527.9425829295369        2.01136284E-02   8.97894788E-04
   5529.5133369488331        1.99449267E-02   9.02030093E-04
   5531.0841745689131        1.86751429E-02   9.07721987E-04
   5532.6550956506799        2.06075665E-02   9.16883058E-04
   5534.2261000550398        2.14860830E-02   9.25888424E-04
   5535.7971876428965        2.04679333E-02   9.19388607E-04
   5537.3683582751573        1.98443625E-02   9.15309240E-04
   5538.9396118127233        2.06474569E-02   9.28731693E-04
   5540.5109481165018        1.96751524E-02   9.14639269E-04
   5542.0823670473974        2.06984617E-02   9.26258450E-04
   5543.6538684663146        1.90301631E-02   9.19285463E-04
   5545.2254522341591        2.07864866E-02   9.28362424E-04
   5546.7971182118335        1.94527116E-02   9.23925836E-04
   5548.3688662602444        1.81741398E-02   9.16912046E-04
   5549.9406962402963        1.95083525E-02   9.24632361E-04
   5551.5126080128948        1.81808192E-02   9.15510755E-04
   5553.0846014389435        1.94725115E-02   9.26780573E-04
   5554.6566763793471        2.16015466E-02   9.29658359E-04
   5556.2288326950129        2.08100155E-02   9.29203932E-04
   5557.8010702468418        2.06215642E-02   9.27362067E-04
   5559.3733888957422        2.03760918E-02   9.24720196E-04
   5560.9457885026159        1.99501980E-02   9.22949286E-04
   5562.5182689283711        1.99544579E-02   9.27338668E-04
   5564.0908300339106        1.91795193E-02   9.13434022E-04
   5565.6634716801382        1.93696897E-02   9.20117891E-04
   5567.2361937279602        2.00538076E-02   9.21635074E-04
   5568.8089960382822        1.92609578E-02   9.13902360E-04
   5570.3818784720079        1.91341750E-02   9.12755320E-04
   5571.9548408900419        1.90631896E-02   9.13216441E-04
   5573.5278831532905        1.83136072E-02   9.52695729E-04
   5575.1010051226567        1.76995192E-02   1.64083461E-03
   5576.6742066590459        1.81451179E-02   2.10031797E-03
   5578.2474876233637        1.85442362E-02   2.16668588E-03
   5579.8208478765155        2.04852764E-02   1.94482051E-03
   5581.3942872794032        2.07153950E-02   1.21914735E-03
   5582.9678056929351        1.91933531E-02   9.61342244E-04
   5584.5414029780140        1.91301871E-02   9.20986000E-04
   5586.1150789955436        1.98476147E-02   9.16162564E-04
   5587.6888336064321        1.89590789E-02   9.06637113E-04
   5589.2626666715823        1.77956652E-02   8.91716743E-04
   5590.8365780518998        1.91469230E-02   9.10528353E-04
   5592.4105676082881        2.03549657E-02   9.21414292E-04
   5593.9846352016530        1.90478936E-02   9.13490891E-04
   5595.5587806928997        2.08956748E-02   9.31003015E-04
   5597.1330039429322        1.73968468E-02   9.12451651E-04
   5598.7073048126558        1.89698879E-02   9.19163518E-04
   5600.2816831629762        2.01732330E-02   9.21079540E-04
   5601.8561388547960        2.04333179E-02   9.15320066E-04
   5603.4306717490226        2.10300349E-02   9.35127435E-04
   5605.0052817065580        1.83814391E-02   9.28833673E-04
   5606.5799685883103        2.00209040E-02   9.48435976E-04
   5608.1547322551805        1.96214952E-02   9.46587883E-04
   5609.7295725680779        2.04867348E-02   9.47852735E-04
   5611.3044893879041        1.84684433E-02   9.37314006E-04
   5612.8794825755649        2.03194339E-02   9.41619452E-04
   5614.4545519919639        2.01967377E-02   9.22915526E-04
   5616.0296974980092        1.93452965E-02   9.17146215E-04
   5617.6049189546029        2.00281087E-02   9.20525636E-04
   5619.1802162226504        2.01019756E-02   9.37887642E-04
   5620.7555891630564        2.06192117E-02   9.36982804E-04
   5622.3310376367263        1.85123328E-02   9.36897413E-04
   5623.9065615045647        1.90766640E-02   9.28626047E-04
   5625.4821606274763        1.84142049E-02   9.27428773E-04
   5627.0578348663657        1.86233781E-02   9.35680757E-04
   5628.6335840821394        1.98824052E-02   9.42096347E-04
   5630.2094081356991        1.94896385E-02   9.44997591E-04
   5631.7853068879531        1.91013273E-02   9.48171364E-04
   5633.3612801998033        1.97352357E-02   9.43428779E-04
   5634.9373279321571        1.92596521E-02   9.36860568E-04
   5636.5134499459173        1.83949228E-02   9.31489572E-04
   5638.0896461019893        1.99559741E-02   9.45685722E-04
   5639.6659162612787        1.87506862E-02   9.35131684E-04
   5641.2422602846900        1.93433668E-02   9.42499551E-04
   5642.8186780331271        1.96793154E-02   9.62519436E-04
   5644.3951693674962        2.00494565E-02   1.05038588E-03
   5645.9717341487012        2.28564180E-02   9.77412565E-04
   5647.5483722376466        1.99927408E-02   9.51777329E-04
   5649.1250834952389        1.92516893E-02   9.48976667E-04
   5650.7018677823817        1.97307207E-02   9.50940826E-04
   5652.2787249599796        2.09069215E-02   9.69574437E-04
   5653.8556548889383        1.95904020E-02   9.43784835E-04
   5655.4326574301622        1.90347582E-02   9.40087368E-04
   5657.0097324445560        2.03841832E-02   9.35429882E-04
   5658.5868797930261        1.97462551E-02   9.35289718E-04
   5660.1640993364745        1.91323813E-02   9.33845062E-04
   5661.7413909358065        1.89611185E-02   9.38013429E-04
   5663.3187544519296        2.09358465E-02   9.52294038E-04
   5664.8961897457466        2.06648987E-02   9.53241717E-04
   5666.4736966781638        1.92301460E-02   9.51770635E-04
   5668.0512751100832        1.85338687E-02   9.45213949E-04
   5669.6289249024130        2.10945178E-02   9.61406215E-04
   5671.2066459160560        2.02322993E-02   9.64613631E-04
   5672.7844380119168        2.00953633E-02   9.63206869E-04
   5674.3623010509009        1.99478306E-02   9.66488151E-04
   5675.9402348939138        2.17663199E-02   9.77066346E-04
   5677.5182394018593        2.01005451E-02   9.68060805E-04
   5679.0963144356429        1.90551840E-02   9.56961710E-04
   5680.6744598561691        1.88133232E-02   9.52946255E-04
   5682.2526755243425        1.94888916E-02   9.54557501E-04
   5683.8309613010679        1.90965515E-02   9.44907777E-04
   5685.4093170472515        2.03140676E-02   9.57056996E-04
   5686.9877426237972        1.92060098E-02   9.53035080E-04
   5688.5662378916095        1.98001321E-02   9.55780793E-04
   5690.1448027115930        1.73285063E-02   9.42989253E-04
   5691.7234369446533        1.94006618E-02   9.59284022E-04
   5693.3021404516949        2.01467853E-02   9.66288964E-04
   5694.8809130936233        2.02389862E-02   9.74782452E-04
   5696.4597547313424        1.95992980E-02   9.66927095E-04
   5698.0386652257575        2.06965711E-02   9.73149145E-04
   5699.6176444377734        1.94318350E-02   9.61895101E-04
   5701.1966922282954        2.01939270E-02   9.66479303E-04
   5702.7758084582265        1.97530948E-02   9.63229046E-04
   5704.3549929884739        2.11345777E-02   9.76469659E-04
   5705.9342456799413        2.08639298E-02   9.58845601E-04
   5707.5135663935334        1.91732720E-02   9.57061013E-04
   5709.0929549901548        1.99539587E-02   9.47495049E-04
   5710.6724113307118        1.92487855E-02   9.45524022E-04
   5712.2519352761083        1.90773457E-02   9.54764313E-04
   5713.8315266872487        1.89119410E-02   9.52589209E-04
   5715.4111854250386        2.00091396E-02   9.68187174E-04
   5716.9909113503818        2.06615422E-02   9.79499659E-04
   5718.5707043241846        1.88225042E-02   9.67583153E-04
   5720.1505642073507        1.75103527E-02   9.64733248E-04
   5721.7304908607857        1.95971932E-02   9.86404251E-04
   5723.3104841453924        1.82483699E-02   9.72423179E-04
   5724.8905439220789        1.90473255E-02   9.83088627E-04
   5726.4706700517481        2.00146530E-02   9.82714701E-04
   5728.0508623953056        1.85761191E-02   9.77013027E-04
   5729.6311208136558        2.00722050E-02   9.83250211E-04
   5731.2114451677035        2.02466678E-02   9.84408893E-04
   5732.7918353183532        1.79841388E-02   9.72356298E-04
   5734.3722911265095        1.87249836E-02   9.82512953E-04
   5735.9528124530789        1.94311254E-02   9.86565603E-04
   5737.5333991589641        1.98468082E-02   9.81991878E-04
   5739.1140511050717        1.81032475E-02   9.76768439E-04
   5740.6947681523061        1.95099600E-02   9.85155464E-04
   5742.2755501615711        1.68622583E-02   9.68257315E-04
   5743.8563969937741        1.81627534E-02   9.77329561E-04
   5745.4373085098177        1.89190488E-02   9.81986406E-04
   5747.0182845706067        2.00276598E-02   9.85296909E-04
   5748.5993250370457        1.96521115E-02   9.77541902E-04
   5750.1804297700410        1.93201676E-02   9.74806899E-04
   5751.7615986304972        1.92020889E-02   9.73600720E-04
   5753.3428314793182        1.92956999E-02   9.71624162E-04
   5754.9241281774102        1.88639760E-02   9.69106099E-04
   5756.5054885856762        1.87106319E-02   9.69954825E-04
   5758.0869125650224        2.03105416E-02   9.87765961E-04
   5759.6683999763536        2.00677142E-02   9.84344748E-04
   5761.2499506805734        1.83564313E-02   9.75125644E-04
   5762.8315645385874        1.97240673E-02   9.69924557E-04
   5764.4132414113010        2.04019640E-02   9.88542219E-04
   5765.9949811596198        1.81706604E-02   9.83028207E-04
   5767.5767836444466        1.81620978E-02   9.79137025E-04
   5769.1586487266868        1.94916893E-02   9.97127616E-04
   5770.7405762672452        1.90703534E-02   9.88337211E-04
   5772.3225661270280        2.03716606E-02   9.96428658E-04
   5773.9046181669382        2.05954276E-02   9.86947678E-04
   5775.4867322478822        2.01202910E-02   9.94269038E-04
   5777.0689082307636        1.93506349E-02   9.86826839E-04
   5778.6511459764870        1.93540026E-02   9.80532845E-04
   5780.2334453459598        1.88993607E-02   9.76536248E-04
   5781.8158062000830        1.81303099E-02   9.69109416E-04
   5783.3982283997648        1.89022124E-02   9.68649983E-04
   5784.9807118059080        1.97178423E-02   9.75799398E-04
   5786.5632562794190        1.99618787E-02   9.79599194E-04
   5788.1458616812006        1.96710657E-02   9.92522342E-04
   5789.7285278721602        1.86126418E-02   9.80430632E-04
   5791.3112547132005        1.88829303E-02   9.78006632E-04
   5792.8940420652261        1.80448666E-02   9.76427109E-04
   5794.4768897891445        1.73997190E-02   9.85169550E-04
   5796.0597977458583        1.99688692E-02   9.92816291E-04
   5797.6427657962722        1.91645082E-02   9.94350645E-04
   5799.2257938012935        2.10473798E-02   9.99188866E-04
   5800.8088816218233        1.94781087E-02   9.98333795E-04
   5802.3920291187696        1.95872616E-02   9.95871727E-04
   5803.9752361530354        1.95743125E-02   9.94938076E-04
   5805.5585025855262        1.90296192E-02   9.96602699E-04
   5807.1418282771483        1.77431107E-02   9.76258307E-04
   5808.7252130888028        2.01322939E-02   1.00102369E-03
   5810.3086568813987        2.04238035E-02   1.00453699E-03
   5811.8921595158381        1.74224880E-02   9.93989874E-04
   5813.4757208530273        1.93607341E-02   1.00063102E-03
   5815.0593407538699        1.76611710E-02   9.83166392E-04
   5816.6430190792717        1.73213445E-02   9.88086453E-04
   5818.2267556901370        1.79778468E-02   9.94781265E-04
   5819.8105504473706        1.95653457E-02   1.00598810E-03
   5821.3944032118779        1.72701236E-02   9.98143689E-04
   5822.9783138445637        1.95713248E-02   1.00463466E-03
   5824.5622822063324        2.03816239E-02   1.01222168E-03
   5826.1463081580887        1.87984444E-02   9.99327633E-04
   5827.7303915607372        1.88798979E-02   1.00362941E-03
   5829.3145322751852        1.76415443E-02   1.00098201E-03
   5830.8987301623347        1.92751661E-02   1.00877380E-03
   5832.4829850830920        1.94828603E-02   1.00512733E-03
   5834.0672968983599        1.92081239E-02   1.00708450E-03
   5835.6516654690458        1.77283622E-02   9.96913062E-04
   5837.2360906560534        2.18660869E-02   1.02422049E-03
   5838.8205723202873        1.76415779E-02   1.00123463E-03
   5840.4051103226529        2.03516167E-02   1.01596769E-03
   5841.9897045240559        2.07583476E-02   1.02394121E-03
   5843.5743547853990        2.35151183E-02   1.03985786E-03
   5845.1590609675877        2.02063862E-02   1.01533358E-03
   5846.7438229315276        2.29434092E-02   1.02728640E-03
   5848.3286405381241        2.34394167E-02   1.03097409E-03
   5849.9135136482791        2.43460033E-02   1.03234185E-03
   5851.4984421229010        2.48438437E-02   1.03607203E-03
   5853.0834258228933        2.62080096E-02   1.04304065E-03
   5854.6684646091599        2.90024541E-02   1.05350337E-03
   5856.2535583426061        2.75987890E-02   1.03960477E-03
   5857.8387068841375        2.85082068E-02   1.03949150E-03
   5859.4239100946579        2.86487341E-02   1.04729983E-03
   5861.0091678350736        2.85736769E-02   1.05146493E-03
   5862.5944799662875        2.99894176E-02   1.06864108E-03
   5864.1798463492059        2.90431269E-02   1.06503465E-03
   5865.7652668447345        2.96391528E-02   1.08761585E-03
   5867.3507413137750        2.77775750E-02   1.07149081E-03
   5868.9362696172348        2.63184570E-02   1.06685923E-03
   5870.5218516160176        2.90489234E-02   1.07492949E-03
   5872.1074871710298        2.80927159E-02   1.06793572E-03
   5873.6931761431742        2.99991220E-02   1.07975735E-03
   5875.2789183933573        2.90749557E-02   1.07633579E-03
   5876.8647137824819        2.93054078E-02   1.06238038E-03
   5878.4505621714552        2.74835620E-02   1.06369879E-03
   5880.0364634211801        2.99058240E-02   1.07548130E-03
   5881.6224173925639        3.12943794E-02   1.07627991E-03
   5883.2084239465075        3.02009676E-02   1.07072049E-03
   5884.7944829439202        2.83260252E-02   1.06963795E-03
   5886.3805942457029        3.40846814E-02   1.11508567E-03
   5887.9667577127639        3.08955628E-02   1.16861227E-03
   5889.5529732060058        3.10209896E-02   1.20848860E-03
   5891.1392405863335        3.17145288E-02   1.20272348E-03
   5892.7255597146532        3.03126629E-02   1.15598459E-03
   5894.3119304518686        2.95417868E-02   1.13531435E-03
   5895.8983526588845        3.19948494E-02   1.15343230E-03
   5897.4848261966063        3.01868524E-02   1.14495994E-03
   5899.0713509259394        3.01683769E-02   1.10633357E-03
   5900.6579267077868        2.90697049E-02   1.06862176E-03
   5902.2445534030539        2.72801425E-02   1.06449216E-03
   5903.8312308726481        2.62328666E-02   1.07029546E-03
   5905.4179589774703        2.77198106E-02   1.07241306E-03
   5907.0047375784288        2.59468593E-02   1.06163090E-03
   5908.5915665364255        2.71274354E-02   1.07288570E-03
   5910.1784457123676        2.34043263E-02   1.05245493E-03
   5911.7653749671581        2.47050431E-02   1.05519395E-03
   5913.3523541617033        2.39980482E-02   1.05970318E-03
   5914.9393831569078        2.06689760E-02   1.04283099E-03
   5916.5264618136753        2.17290595E-02   1.04885816E-03
   5918.1135899929122        1.96364280E-02   1.04441622E-03
   5919.7007675555224        2.03909241E-02   1.03614293E-03
   5921.2879943624102        2.14677360E-02   1.05108053E-03
   5922.8752702744814        2.03935802E-02   1.03877962E-03
   5924.4625951526396        1.73550118E-02   1.03037921E-03
   5926.0499688577929        1.90554056E-02   1.03639555E-03
   5927.6373912508416        1.99963450E-02   1.04206556E-03
   5929.2248621926947        1.82243157E-02   1.02770596E-03
   5930.8123815442541        1.86679270E-02   1.03873899E-03
   5932.3999491664254        1.92236900E-02   1.04352948E-03
   5933.9875649201140        1.93007924E-02   1.05360115E-03
   5935.5752286662246        1.92218330E-02   1.04808132E-03
   5937.1629402656627        1.90613940E-02   1.04181701E-03
   5938.7506995793310        2.08849963E-02   1.05052104E-03
   5940.3385064681361        1.98582076E-02   1.04975875E-03
   5941.9263607929825        2.02590358E-02   1.03862665E-03
   5943.5142624147738        1.96860656E-02   1.04253099E-03
   5945.1022111944176        1.78016666E-02   1.04391773E-03
   5946.6902069928155        2.28830129E-02   1.05400686E-03
   5948.2782496708760        1.89937856E-02   1.03671639E-03
   5949.8663390895008        1.82676166E-02   1.03064382E-03
   5951.4544751095973        1.99156739E-02   1.05099101E-03
   5953.0426575920665        1.66463051E-02   1.03565864E-03
   5954.6308863978165        2.00112667E-02   1.05341827E-03
   5956.2191613877503        1.89752411E-02   1.04803999E-03
   5957.8074824227760        1.92631967E-02   1.04495545E-03
   5959.3958493637956        1.91699825E-02   1.04562007E-03
   5960.9842620717136        1.87619217E-02   1.03971991E-03
   5962.5727204074356        1.79966893E-02   1.04485324E-03
   5964.1612242318670        2.05916353E-02   1.05282443E-03
   5965.7497734059125        1.75311714E-02   1.04215485E-03
   5967.3383677904758        1.96842384E-02   1.04630995E-03
   5968.9270072464633        1.67778526E-02   1.04067149E-03
   5970.5156916347787        2.04246715E-02   1.06524467E-03
   5972.1044208163266        1.84355937E-02   1.05376658E-03
   5973.6931946520144        1.96762886E-02   1.06036081E-03
   5975.2820130027440        1.98117066E-02   1.06012903E-03
   5976.8708757294207        2.02020016E-02   1.05910446E-03
   5978.4597826929503        2.04331372E-02   1.06196711E-03
   5980.0487337542372        1.64344702E-02   1.04342611E-03
   5981.6377287741871        1.88044626E-02   1.05148752E-03
   5983.2267676137026        1.86706390E-02   1.04095007E-03
   5984.8158501336911        2.02250145E-02   1.05358358E-03
   5986.4049761950564        1.99852381E-02   1.04652543E-03
   5987.9941456587030        2.00277194E-02   1.05272722E-03
   5989.5833583855356        1.76449269E-02   1.03895715E-03
   5991.1726142364596        1.92133989E-02   1.06733409E-03
   5992.7619130723797        1.94738507E-02   1.05553225E-03
   5994.3512547542005        1.94812063E-02   1.05879654E-03
   5995.9406391428274        1.92249436E-02   1.05015584E-03
   5997.5300660991643        1.93276536E-02   1.05711014E-03
   5999.1195354841166        2.04371847E-02   1.06178166E-03
   6000.7090471585907        1.72205828E-02   1.91750703E-03
   6002.2986009834885        2.03649979E-02   1.06288353E-03
   6003.8881968197175        1.80630982E-02   1.05365168E-03
   6005.4778345281802        1.85301267E-02   1.05546939E-03
   6007.0675139697814        1.92124266E-02   1.05241826E-03
   6008.6572350054294        1.95319057E-02   1.04961195E-03
   6010.2469974960259        1.90096162E-02   1.05087762E-03
   6011.8368013024756        1.93072371E-02   1.06347271E-03
   6013.4266462856849        1.79136004E-02   1.04995316E-03
   6015.0165323065585        1.67806838E-02   1.03918230E-03
   6016.6064592260009        1.92239471E-02   1.05397485E-03
   6018.1964269049167        1.76345538E-02   1.04309991E-03
   6019.7864352042097        1.85537301E-02   1.04415114E-03
   6021.3764839847863        1.85537376E-02   1.04432926E-03
   6022.9665731075520        2.00895201E-02   1.05768431E-03
   6024.5567024334086        1.74493492E-02   1.04401901E-03
   6026.1468718232654        2.13529076E-02   1.06834224E-03
   6027.7370811380215        1.88392326E-02   1.06083881E-03
   6029.3273302385869        1.78369917E-02   1.06621347E-03
   6030.9176189858654        1.84622090E-02   1.06407562E-03
   6032.5079472407597        1.93231907E-02   1.06943806E-03
   6034.0983148641762        1.74925234E-02   1.06415187E-03
   6035.6887217170206        1.79268103E-02   1.06992444E-03
   6037.2791676601946        1.76182594E-02   1.06714445E-03
   6038.8696525546065        1.95538010E-02   1.07007229E-03
   6040.4601762611592        1.87687427E-02   1.06155861E-03
   6042.0507386407571        1.83778107E-02   1.07165624E-03
   6043.6413395543068        1.84445418E-02   1.06280379E-03
   6045.2319788627128        1.80899538E-02   1.06861559E-03
   6046.8226564268780        2.01630499E-02   1.07704196E-03
   6048.4133721077105        1.73537675E-02   1.06362451E-03
   6050.0041257661123        1.88753679E-02   1.08004117E-03
   6051.5949172629889        1.93140116E-02   1.07613299E-03
   6053.1857464592449        1.89721212E-02   1.07247662E-03
   6054.7766132157867        1.87641419E-02   1.06930872E-03
   6056.3675173935180        2.00867150E-02   1.07546046E-03
   6057.9584588533444        1.96433384E-02   1.07718876E-03
   6059.5494374561686        1.80629585E-02   1.08319416E-03
   6061.1404530628979        2.03520674E-02   1.08345202E-03
   6062.7315055344370        1.89140141E-02   1.07092713E-03
   6064.3225947316887        1.92451570E-02   1.07737025E-03
   6065.9137205155594        1.96826216E-02   1.07928249E-03
   6067.5048827469536        1.92962214E-02   1.07685861E-03
   6069.0960812867761        1.91949829E-02   1.08658790E-03
   6070.6873159959323        1.90175977E-02   1.08555635E-03
   6072.2785867353268        1.86990406E-02   1.08176575E-03
   6073.8698933658625        1.94181316E-02   1.09034998E-03
   6075.4612357484475        1.94704253E-02   1.08099240E-03
   6077.0526137439847        1.87941324E-02   1.08226913E-03
   6078.6440272133796        1.82002150E-02   1.07074610E-03
   6080.2354760175358        2.08445061E-02   1.08542771E-03
   6081.8269600173599        1.92719251E-02   1.07964082E-03
   6083.4184790737554        2.04984862E-02   1.08528417E-03
   6085.0100330476271        2.00072955E-02   1.08678709E-03
   6086.6016217998822        1.89843737E-02   1.08437520E-03
   6088.1932451914226        1.81752797E-02   1.07270258E-03
   6089.7849030831549        1.95710994E-02   1.08353142E-03
   6091.3765953359825        1.94491185E-02   1.08037703E-03
   6092.9683218108112        2.01232359E-02   1.09174673E-03
   6094.5600823685463        1.93999168E-02   1.08826323E-03
   6096.1518768700917        1.90000925E-02   1.09056733E-03
   6097.7437051763527        1.77016929E-02   1.08485506E-03
   6099.3355671482332        1.80981196E-02   1.08131336E-03
   6100.9274626466395        1.94921121E-02   1.08174828E-03
   6102.5193915324762        1.95469819E-02   1.07835792E-03
   6104.1113536666462        1.90569591E-02   1.07713963E-03
   6105.7033489100577        1.93704125E-02   1.08329381E-03
   6107.2953771236125        2.18502078E-02   1.10053062E-03
   6108.8874381682181        1.93823911E-02   1.09823840E-03
   6110.4795319047762        2.08086036E-02   1.10081292E-03
   6112.0716581941942        1.84612256E-02   1.09061098E-03
   6113.6638168973759        1.87647454E-02   1.09941873E-03
   6115.2560078752267        1.77638773E-02   1.08815427E-03
   6116.8482309886504        1.98548231E-02   1.10183179E-03
   6118.4404860985524        1.95819531E-02   1.10290933E-03
   6120.0327730658391        1.92007367E-02   1.08781329E-03
   6121.6250917514117        1.66015550E-02   1.07160548E-03
   6123.2174420161782        2.12146435E-02   1.10054447E-03
   6124.8098237210443        2.11089123E-02   1.09969173E-03
   6126.4022367269108        2.05780100E-02   1.11247355E-03
   6127.9946808946852        2.11313851E-02   1.11177389E-03
   6129.5871560852720        1.91192031E-02   1.09966914E-03
   6131.1796621595749        2.03510616E-02   1.10792904E-03
   6132.7721989785014        2.12205090E-02   1.11269485E-03
   6134.3647664029531        2.24731583E-02   1.11347344E-03
   6135.9573642938376        2.08805446E-02   1.09877647E-03
   6137.5499925120575        1.97672714E-02   1.09119515E-03
   6139.1426509185203        1.94055121E-02   1.09043124E-03
   6140.7353393741278        1.89909376E-02   1.10706873E-03
   6142.3280577397882        1.91947315E-02   1.10838609E-03
   6143.9208058764016        1.97445359E-02   1.11066212E-03
   6145.5135836448771        1.88223943E-02   1.10961811E-03
   6147.1063909061177        2.09758338E-02   1.12203648E-03
   6148.6992275210296        2.16312911E-02   1.12432428E-03
   6150.2920933505156        1.84648205E-02   1.10862451E-03
   6151.8849882554823        2.02351585E-02   1.11565611E-03
   6153.4779120968342        2.00620014E-02   1.11581944E-03
   6155.0708647354741        2.09645126E-02   1.11606368E-03
   6156.6638460323102        1.85645781E-02   1.11567951E-03
   6158.2568558482453        1.94428395E-02   1.11274840E-03
   6159.8498940441841        1.93402749E-02   1.09822792E-03
   6161.4429604810330        1.96761414E-02   1.09288783E-03
   6163.0360550196947        2.10993029E-02   1.09855179E-03
   6164.6291775210766        1.95338633E-02   1.10280991E-03
   6166.2223278460806        1.94796808E-02   1.11139670E-03
   6167.8155058556131        2.01482214E-02   1.12166198E-03
   6169.4087114105805        1.71628036E-02   1.10237428E-03
   6171.0019443718838        1.98822264E-02   1.11582666E-03
   6172.5952046004313        2.07429174E-02   1.13453204E-03
   6174.1884919571257        1.87734757E-02   1.12217804E-03
   6175.7818063028744        1.86601467E-02   1.12990767E-03
   6177.3751474985793        2.06970368E-02   1.13453285E-03
   6178.9685154051467        1.75916236E-02   1.11818046E-03
   6180.5619098834804        1.92736369E-02   1.13106193E-03
   6182.1553307944869        2.00459622E-02   1.14031543E-03
   6183.7487779990697        1.96716078E-02   1.13794580E-03
   6185.3422513581354        1.73150208E-02   1.12216140E-03
   6186.9357507325867        1.86734479E-02   1.13189768E-03
   6188.5292759833292        2.27606297E-02   1.15303800E-03
   6190.1228269712674        1.91578642E-02   1.13162829E-03
   6191.7164035573078        2.01377906E-02   1.14165328E-03
   6193.3100056023532        2.05968339E-02   1.13702705E-03
   6194.9036329673099        1.98392328E-02   1.15413789E-03
   6196.4972855130818        1.69664938E-02   1.13460084E-03
   6198.0909631005743        2.20593903E-02   1.15819613E-03
   6199.6846655906911        2.02962700E-02   1.15943910E-03
   6201.2783928443396        1.88747551E-02   1.14943471E-03
   6202.8721447224207        1.88062452E-02   1.15018548E-03
   6204.4659210858445        2.02953294E-02   1.16969517E-03
   6206.0597217955101        1.91214867E-02   1.15569599E-03
   6207.6535467123267        1.92857720E-02   1.15829043E-03
   6209.2473956971971        2.15792693E-02   1.17197761E-03
   6210.8412686110269        2.05771662E-02   1.23424653E-03
   6212.4351653147205        2.07704566E-02   1.19424425E-03
   6214.0290856691809        2.10863855E-02   1.16657023E-03
   6215.6230295353180        1.89205930E-02   1.15131086E-03
   6217.2169967740319        1.96309909E-02   1.15423126E-03
   6218.8109872462301        1.84472557E-02   1.15904305E-03
   6220.4050008128152        2.11633611E-02   1.18438806E-03
   6221.9990373346936        2.24148687E-02   1.19299954E-03
   6223.5930966727692        2.16326676E-02   1.18853780E-03
   6225.1871786879492        1.94000006E-02   1.16907619E-03
   6226.7812832411355        1.90749858E-02   1.17071171E-03
   6228.3754101932336        1.93958133E-02   1.16069685E-03
   6229.9695594051491        1.95948686E-02   1.16491574E-03
   6231.5637307377874        2.09567230E-02   1.17863284E-03
   6233.1579240520523        2.06582099E-02   1.21176220E-03
   6234.7521392088483        2.19929777E-02   1.23859011E-03
   6236.3463760690820        1.98530219E-02   1.22100883E-03
   6237.9406344936560        2.08286140E-02   1.22071453E-03
   6239.5349143434760        1.98079739E-02   1.20637950E-03
   6241.1292154794482        2.17009466E-02   1.21061364E-03
   6242.7235377624747        2.02398244E-02   1.20979268E-03
   6244.3178810534637        2.00350825E-02   1.19011302E-03
   6245.9122452133170        2.06839256E-02   1.19225192E-03
   6247.5066301029410        2.19912380E-02   1.19912822E-03
   6249.1010355832404        2.08338741E-02   1.19996746E-03
   6250.6954615151199        2.27210745E-02   1.21267815E-03
   6252.2899077594839        1.99562199E-02   1.18862023E-03
   6253.8843741772389        2.22721230E-02   1.20320660E-03
   6255.4788606292868        2.03764979E-02   1.22187287E-03
   6257.0733669765341        2.14911010E-02   1.24485779E-03
   6258.6678930798871        2.33487003E-02   1.25831715E-03
   6260.2624388002478        2.15591844E-02   1.24395220E-03
   6261.8570039985243        2.15446614E-02   1.23742502E-03
   6263.4515885356177        2.09391024E-02   1.23438437E-03
   6265.0461922724353        2.27586105E-02   1.24912872E-03
   6266.6408150698817        2.15464216E-02   1.24707783E-03
   6268.2354567888615        2.21265424E-02   1.23947707E-03
   6269.8301172902784        2.13248525E-02   1.23861479E-03
   6271.4247964350388        2.09185164E-02   1.24530273E-03
   6273.0194940840483        2.01817248E-02   1.23621011E-03
   6274.6142100982097        2.22664326E-02   1.25273678E-03
   6276.2089443384275        2.19719745E-02   1.24619470E-03
   6277.8036966656082        1.92852132E-02   1.21280469E-03
   6279.3984669406564        2.09254827E-02   1.22732611E-03
   6280.9932550244757        1.90764796E-02   1.22133631E-03
   6282.5880607779736        2.06610523E-02   1.24776911E-03
   6284.1828840620528        1.80561692E-02   1.25153793E-03
   6285.7777247376180        2.30768602E-02   1.30020152E-03
   6287.3725826655736        2.12441832E-02   1.30432122E-03
   6288.9674577068272        2.03667376E-02   1.28681981E-03
   6290.5623497222814        2.23339349E-02   1.28297263E-03
