# Husfeld et al models for non-LTE Helium-rich stars
# teff = 35000 K (value for the effective temperature for the model. Temperatures are given in K)
# logg = 5 log(cm/s2) (value for Log(G) for the model.)
# yhe = 0.1  (value for the Helium abundance)
#
# column 1: WAVELENGTH (ANGSTROM), Wavelength in Angstrom
# column 2: FLUX (ERG/CM2/S/A), Flux in erg/cm2/s/A
        29.9793     1.98573e-43 
        37.4741     2.22557e-39 
        49.9654      1.5721e-25 
        59.9585     1.04515e-18 
        74.9481     4.85038e-12 
        87.8481      2.94397e-8 
        102.968      3.77879e-5 
        120.691       0.0133446 
        141.464          1.6905 
        165.813         96.2888 
        194.352         2868.43 
        227.804           48946 
        227.808         48961.7 
        227.847         49099.1 
        227.851      3.81065e+8 
        267.015      5.91862e+7 
        312.969      5.07082e+7 
        366.832       1.7275e+8 
        429.966      5.74963e+8 
        503.964      1.54961e+9 
        503.969     1.53786e+10 
        503.974     1.53786e+10 
        584.402     1.47843e+10 
        677.664     1.52679e+10 
         785.81     1.60709e+10 
        911.214     1.64691e+10 
        911.232     1.64743e+10 
        911.391     1.64743e+10 
        911.393     1.64743e+10 
        911.753     1.64743e+10 
        911.754     1.66105e+11 
        1071.68     1.08491e+11 
           1100     1.00953e+11 
        1144.99     9.02338e+10 
        1145.67     9.00768e+10 
           1150     8.91194e+10 
        1150.67     8.89724e+10 
        1155.67     8.78832e+10 
           1160      8.6952e+10 
        1160.67     8.68089e+10 
        1165.67     8.57483e+10 
           1170     8.48407e+10 
        1170.67     8.47013e+10 
           1175     8.38039e+10 
        1175.67     8.36659e+10 
        1180.67     8.26342e+10 
        1185.67     8.16035e+10 
        1190.67     8.05653e+10 
        1195.67     7.94574e+10 
        1200.67      7.8193e+10 
        1203.67     7.71456e+10 
        1205.67     7.62314e+10 
        1207.67     7.46085e+10 
        1209.67      7.1824e+10 
        1210.67     6.91064e+10 
        1211.67     6.53725e+10 
        1212.67     5.83366e+10 
        1213.17     5.40292e+10 
        1213.67     4.75045e+10 
        1214.17      4.0458e+10 
        1214.67     3.19189e+10 
        1214.87      2.7941e+10 
        1215.07     2.26667e+10 
        1215.27     1.84735e+10 
        1215.47     1.18469e+10 
        1215.57      5.68383e+9 
        1215.67      4.02774e+9 
        1215.77      5.67916e+9 
        1215.87     1.18276e+10 
        1216.07     1.99009e+10 
        1216.27      2.4256e+10 
        1216.47     2.84312e+10 
        1216.67      3.2361e+10 
        1217.17     4.09998e+10 
        1217.67     4.79897e+10 
        1218.17     5.43883e+10 
        1218.67     5.82924e+10 
        1219.67     6.46099e+10 
        1220.67      6.7668e+10 
        1221.67      6.9845e+10 
        1223.67      7.1738e+10 
        1225.67     7.25867e+10 
        1227.67     7.27568e+10 
        1230.67     7.27174e+10 
        1235.67     7.21787e+10 
        1240.67     7.14841e+10 
        1245.67      7.0713e+10 
           1250     7.00359e+10 
        1250.67     6.99308e+10 
        1255.67     6.91466e+10 
        1260.37     6.84068e+10 
        1260.67       6.836e+10 
        1265.67     6.75813e+10 
        1270.67     6.68113e+10 
        1275.67     6.60504e+10 
           1280     6.53985e+10 
        1280.67     6.52981e+10 
        1285.39     6.45969e+10 
        1285.67     6.45585e+10 
           1300     6.24898e+10 
        1482.29     4.20323e+10 
        1610.43     3.24594e+10 
        1615.43     3.21414e+10 
        1620.43     3.18233e+10 
        1625.43     3.15016e+10 
        1628.43      3.1297e+10 
        1630.43     3.11527e+10 
        1632.43      3.0974e+10 
        1634.43     3.07401e+10 
        1635.43     3.05456e+10 
        1636.43     3.02874e+10 
        1637.43     2.97448e+10 
        1637.93      2.9372e+10 
        1638.43     2.86653e+10 
        1638.93      2.7714e+10 
        1639.43     2.61095e+10 
        1639.63     2.51098e+10 
        1639.83     2.37611e+10 
        1640.03     2.18614e+10 
        1640.23      1.8241e+10 
        1640.33     1.05628e+10 
        1640.43      4.13817e+9 
        1640.53     1.05565e+10 
        1640.63     1.82199e+10 
        1640.83     2.18132e+10 
        1641.03     2.36854e+10 
        1641.23     2.50063e+10 
        1641.43     2.59786e+10 
        1641.93     2.75169e+10 
        1642.43     2.84056e+10 
        1642.93     2.90531e+10 
        1643.43     2.93669e+10 
        1644.43     2.97954e+10 
        1645.43     2.99379e+10 
        1646.43     3.00176e+10 
        1648.43     3.00188e+10 
        1650.43     2.99642e+10 
        1652.43     2.98734e+10 
        1655.43     2.97252e+10 
        1660.43      2.9457e+10 
        1665.43     2.91846e+10 
        1670.43     2.89109e+10 
        1743.28      2.5233e+10 
        2050.23     1.48663e+10 
        2050.27     1.50584e+10 
        2309.03      1.0074e+10 
        2600.43      6.69873e+9 
        2600.48      6.71651e+9 
        2849.21      4.88805e+9 
        3121.71      3.54707e+9 
        3121.78      3.55092e+9 
         3421.8      2.56548e+9 
        3421.87      2.59472e+9 
        3644.85      2.07092e+9 
        3644.93      2.07146e+9 
        3647.02       2.0672e+9 
        3647.02      2.40711e+9 
        3679.67      2.32938e+9 
        3679.75      2.34083e+9 
        3869.81      1.94392e+9 
        3872.31      1.93925e+9 
        3874.81      1.93458e+9 
        3877.81      1.92893e+9 
        3881.81      1.92119e+9 
        3883.81      1.91696e+9 
        3884.81      1.91457e+9 
        3885.81      1.91169e+9 
        3886.31       1.9099e+9 
        3886.81      1.90763e+9 
        3887.31      1.90448e+9 
        3887.81      1.89951e+9 
        3888.31      1.89007e+9 
        3888.81      1.86638e+9 
        3888.91      1.85718e+9 
        3889.01       1.8449e+9 
        3889.21      1.80405e+9 
        3889.31      1.76813e+9 
        3889.41      1.70724e+9 
        3889.61      1.30182e+9 
        3889.81      1.08134e+9 
        3890.01      1.28689e+9 
        3890.21      1.68553e+9 
        3890.41      1.79375e+9 
        3890.61      1.83774e+9 
        3890.81      1.86027e+9 
        3891.31      1.88376e+9 
        3891.81      1.89185e+9 
        3892.31      1.89518e+9 
        3892.81       1.8966e+9 
        3893.31       1.8971e+9 
        3893.81      1.89711e+9 
        3894.63      1.89654e+9 
        3894.81      1.89636e+9 
           3895      1.89615e+9 
        3895.81      1.89515e+9 
        3897.81      1.89213e+9 
        3900.07      1.88731e+9 
        3901.81      1.88427e+9 
        3904.81      1.87891e+9 
        3905.07      1.87844e+9 
        3907.31      1.87441e+9 
        3909.81      1.86982e+9 
        3910.07      1.86945e+9 
        3915.07      1.86016e+9 
        3920.07      1.85078e+9 
        3925.07      1.84127e+9 
        3930.07      1.83158e+9 
        3935.07      1.82076e+9 
        3940.07      1.80888e+9 
        3945.07      1.79537e+9 
        3950.07      1.77414e+9 
        3955.07      1.74034e+9 
        3958.07       1.6994e+9 
        3960.07      1.66256e+9 
        3962.07      1.59293e+9 
        3964.07       1.4378e+9 
        3965.07      1.42539e+9 
        3966.07        1.411e+9 
        3967.07        1.345e+9 
        3967.57      1.31033e+9 
        3968.07      1.26924e+9 
        3968.57      1.22427e+9 
        3969.07      1.17468e+9 
        3969.27      1.15201e+9 
        3969.47      1.12677e+9 
        3969.67      1.09849e+9 
        3969.87      1.07204e+9 
        3969.97       1.0636e+9 
        3970.07      1.06116e+9 
        3970.17      1.06334e+9 
        3970.27      1.07151e+9 
        3970.47      1.09739e+9 
        3970.67      1.12509e+9 
        3970.87      1.14972e+9 
        3971.07      1.17178e+9 
        3971.57      1.21977e+9 
        3972.07      1.26315e+9 
        3972.57      1.30268e+9 
        3973.07      1.33595e+9 
        3974.07      1.40134e+9 
        3975.07      1.45111e+9 
         3975.6      1.47778e+9 
        3976.07      1.50133e+9 
        3978.07      1.57355e+9 
        3980.07      1.63165e+9 
        3982.07      1.66017e+9 
        3985.07      1.69044e+9 
        3990.07       1.7074e+9 
        3995.07      1.71214e+9 
         3996.2      1.71168e+9 
        4000.07      1.70907e+9 
         4001.2      1.70811e+9 
        4005.07      1.70424e+9 
         4006.2      1.70295e+9 
         4008.7      1.69981e+9 
        4010.07      1.69784e+9 
         4011.2      1.69589e+9 
        4015.07       1.6849e+9 
         4016.2      1.67728e+9 
         4018.2       1.6656e+9 
        4020.07      1.64677e+9 
         4020.2      1.64513e+9 
         4021.2      1.62694e+9 
         4022.2      1.59188e+9 
         4022.7      1.56711e+9 
         4023.2      1.53652e+9 
         4023.7      1.49449e+9 
         4024.2         1.44e+9 
         4024.4      1.41643e+9 
         4024.6      1.39119e+9 
         4024.8      1.36725e+9 
           4025      1.34509e+9 
        4025.07      1.33852e+9 
         4025.2      1.32624e+9 
         4025.4      1.25741e+9 
         4025.6      1.14535e+9 
         4025.8      1.18415e+9 
           4026      1.14349e+9 
         4026.2      9.56918e+8 
         4026.4      1.00927e+9 
         4026.6      1.12393e+9 
         4026.8      1.20304e+9 
           4027      1.25966e+9 
         4027.2       1.3068e+9 
         4027.7      1.40161e+9 
         4028.2      1.47016e+9 
         4028.7      1.51562e+9 
         4029.2      1.55208e+9 
         4029.7      1.57699e+9 
        4029.84      1.58492e+9 
        4030.07      1.59666e+9 
         4030.2      1.60261e+9 
         4031.2       1.6246e+9 
        4031.73      1.63064e+9 
         4032.2      1.63579e+9 
         4034.2      1.64659e+9 
        4034.83      1.64817e+9 
        4035.07       1.6487e+9 
         4036.2      1.65034e+9 
        4036.73      1.65078e+9 
        4040.07      1.65048e+9 
         4041.2      1.65074e+9 
        4041.73      1.65022e+9 
         4043.7      1.64795e+9 
         4046.2      1.64455e+9 
        4046.73      1.64378e+9 
         4051.2      1.63687e+9 
        4051.73      1.63601e+9 
         4056.2      1.62859e+9 
        4056.73      1.62772e+9 
        4061.73      1.61904e+9 
        4066.73       1.6089e+9 
           4070      1.60159e+9 
        4071.73      1.59745e+9 
         4075.6      1.58741e+9 
        4076.73       1.5842e+9 
        4081.73      1.56271e+9 
        4086.73      1.53021e+9 
        4089.73      1.49462e+9 
        4091.73      1.46503e+9 
        4093.73       1.4124e+9 
        4095.73      1.34722e+9 
        4096.73      1.29971e+9 
        4097.73      1.25321e+9 
        4098.73      1.18975e+9 
        4099.23      1.15931e+9 
        4099.73      1.12153e+9 
        4100.23      1.07935e+9 
        4100.73      1.03212e+9 
         4100.8      1.02417e+9 
        4100.93      1.00874e+9 
        4101.13      9.80708e+8 
        4101.33       9.4687e+8 
        4101.53      9.15394e+8 
        4101.63      9.06278e+8 
        4101.73      9.03484e+8 
        4101.83      9.06058e+8 
        4101.93      9.14947e+8 
        4102.13      9.45948e+8 
        4102.33      9.79277e+8 
        4102.53      1.00678e+9 
        4102.73      1.02962e+9 
        4103.23      1.07539e+9 
         4103.3      1.08152e+9 
        4103.73      1.11617e+9 
        4104.23      1.15248e+9 
        4104.73      1.18141e+9 
        4105.73      1.24176e+9 
         4105.8      1.24472e+9 
        4106.73      1.28514e+9 
        4107.73      1.32952e+9 
         4108.8      1.36402e+9 
        4109.73      1.38857e+9 
        4111.73      1.43517e+9 
         4112.8      1.44834e+9 
        4113.73       1.4587e+9 
         4114.8      1.46933e+9 
         4115.8      1.47796e+9 
        4116.73      1.48478e+9 
         4116.8      1.48524e+9 
         4117.3      1.48829e+9 
         4117.8      1.49028e+9 
         4118.3      1.49096e+9 
         4118.8      1.49069e+9 
         4119.3      1.48829e+9 
         4119.8       1.4798e+9 
         4119.9      1.47632e+9 
           4120      1.47167e+9 
         4120.2      1.45632e+9 
         4120.3      1.44312e+9 
         4120.4      1.42241e+9 
         4120.6      1.30688e+9 
         4120.8      1.08207e+9 
           4121      1.14029e+9 
         4121.2      1.29343e+9 
         4121.4      1.39378e+9 
         4121.6      1.44113e+9 
        4121.73      1.45821e+9 
         4121.8      1.46488e+9 
         4122.3      1.48894e+9 
         4122.8      1.49762e+9 
         4123.3      1.50196e+9 
        4123.76      1.50372e+9 
         4123.8      1.50389e+9 
         4124.3      1.50568e+9 
         4124.8      1.50702e+9 
         4125.8      1.50892e+9 
        4126.26      1.50955e+9 
        4126.73       1.5101e+9 
         4126.8      1.51017e+9 
        4128.76      1.51026e+9 
         4128.8      1.51025e+9 
        4131.73      1.50909e+9 
        4131.76      1.50907e+9 
         4132.8      1.50834e+9 
        4133.76       1.5075e+9 
        4135.76       1.5051e+9 
         4135.8      1.50504e+9 
        4136.73      1.50349e+9 
        4137.76      1.50129e+9 
         4138.3      1.49983e+9 
        4138.76      1.49837e+9 
        4139.76      1.49418e+9 
        4140.26      1.49128e+9 
        4140.76      1.48754e+9 
         4140.8      1.48719e+9 
        4141.26      1.48262e+9 
        4141.73      1.47607e+9 
        4141.76      1.47557e+9 
        4142.26      1.46506e+9 
        4142.51      1.45767e+9 
        4142.76      1.44799e+9 
        4142.96      1.43778e+9 
        4143.16      1.42414e+9 
        4143.36      1.40468e+9 
        4143.56      1.37222e+9 
        4143.66      1.34365e+9 
        4143.76      1.30415e+9 
        4143.86      1.26715e+9 
        4143.96       1.2476e+9 
        4144.16      1.24679e+9 
        4144.36      1.26112e+9 
        4144.56      1.27948e+9 
        4144.76      1.29886e+9 
        4145.01      1.32239e+9 
        4145.26      1.34407e+9 
        4145.76      1.38054e+9 
        4146.26      1.40829e+9 
        4146.73      1.42786e+9 
        4146.76      1.42893e+9 
        4147.26      1.44413e+9 
        4147.76       1.4553e+9 
        4148.76       1.4696e+9 
        4149.76      1.47743e+9 
        4151.73      1.48404e+9 
        4151.76      1.48409e+9 
        4153.76      1.48573e+9 
        4155.76      1.48541e+9 
        4156.73      1.48491e+9 
        4158.76      1.48343e+9 
        4161.26      1.48114e+9 
        4161.73      1.48067e+9 
        4163.76      1.47856e+9 
        4166.73      1.47621e+9 
        4169.83      1.47208e+9 
        4170.24      1.47156e+9 
        4171.73      1.46969e+9 
        4174.83      1.46725e+9 
        4179.83      1.46048e+9 
        4184.83      1.45354e+9 
        4187.83       1.4491e+9 
        4189.83        1.446e+9 
        4191.83      1.44221e+9 
        4193.83      1.43777e+9 
        4194.83      1.43525e+9 
        4195.83      1.43243e+9 
        4196.83      1.42963e+9 
        4197.33      1.42812e+9 
        4197.83      1.42664e+9 
        4198.33      1.42515e+9 
        4198.83      1.42372e+9 
        4199.03      1.42318e+9 
        4199.23      1.42268e+9 
        4199.43      1.42219e+9 
        4199.63      1.42162e+9 
        4199.73      1.42144e+9 
        4199.83      1.42136e+9 
        4199.93      1.42118e+9 
        4200.03       1.4211e+9 
        4200.23      1.42115e+9 
        4200.43      1.42113e+9 
        4200.63      1.42111e+9 
        4200.83      1.42113e+9 
        4201.33      1.42127e+9 
        4201.83      1.42147e+9 
        4202.33      1.42167e+9 
        4202.83      1.42189e+9 
        4203.83      1.42213e+9 
        4204.83      1.42241e+9 
        4205.83      1.42239e+9 
        4207.83      1.42176e+9 
        4209.83      1.42048e+9 
        4211.83      1.41851e+9 
        4214.83      1.41534e+9 
        4219.83      1.40959e+9 
        4224.83      1.40367e+9 
        4229.83      1.39764e+9 
        4256.43      1.36571e+9 
        4268.47      1.35141e+9 
        4270.46      1.34789e+9 
        4275.46       1.3418e+9 
        4280.46      1.33562e+9 
        4285.46       1.3293e+9 
        4290.46      1.32286e+9 
        4295.46      1.31627e+9 
        4300.46      1.30947e+9 
        4305.46      1.30143e+9 
        4310.46      1.29229e+9 
        4315.46      1.28156e+9 
        4320.46      1.26423e+9 
        4325.46       1.2382e+9 
        4328.46      1.21013e+9 
        4330.46      1.18712e+9 
        4332.46       1.1467e+9 
        4334.46      1.09754e+9 
        4335.46      1.06078e+9 
        4336.46      1.02505e+9 
        4337.46      9.74097e+8 
        4337.96      9.50832e+8 
        4338.46      9.17562e+8 
        4338.96      8.85417e+8 
        4339.46      8.45461e+8 
        4339.66      8.21907e+8 
        4339.86      7.94242e+8 
        4340.06      7.55264e+8 
        4340.26      7.21211e+8 
        4340.36      7.11481e+8 
        4340.46      7.08598e+8 
        4340.56      7.11317e+8 
        4340.66      7.20878e+8 
        4340.86      7.54568e+8 
        4341.06      7.93145e+8 
        4341.26      8.20393e+8 
        4341.46      8.43517e+8 
        4341.96       8.8233e+8 
        4342.46      9.13329e+8 
        4342.96      9.45558e+8 
        4343.46      9.67674e+8 
        4344.46      1.01624e+9 
        4345.46      1.04959e+9 
        4346.46      1.08397e+9 
        4348.46      1.12844e+9 
        4350.46      1.16431e+9 
        4352.46      1.18279e+9 
        4355.46      1.20431e+9 
        4360.46      1.21951e+9 
        4365.46      1.22616e+9 
        4367.93      1.22633e+9 
        4370.43      1.22597e+9 
        4370.46      1.22596e+9 
        4372.93       1.2251e+9 
        4375.46      1.22348e+9 
        4375.93      1.22304e+9 
        4379.93      1.21461e+9 
        4380.46      1.21213e+9 
        4381.93       1.2014e+9 
        4382.93      1.18845e+9 
        4383.93      1.19152e+9 
        4384.43      1.19043e+9 
        4384.93      1.18941e+9 
        4385.43      1.17545e+9 
        4385.46       1.1744e+9 
        4385.93      1.15457e+9 
        4386.43      1.12818e+9 
        4386.93      1.10592e+9 
        4387.03      1.09305e+9 
        4387.13      1.07491e+9 
        4387.33      9.78747e+8 
        4387.43       9.5527e+8 
        4387.53      9.61023e+8 
        4387.73      9.69733e+8 
        4387.93      8.50838e+8 
        4388.13      8.55958e+8 
        4388.33      9.32428e+8 
        4388.53      9.83706e+8 
        4388.73      1.02034e+9 
        4388.93      1.04953e+9 
        4389.43      1.10207e+9 
        4389.93      1.13627e+9 
        4390.43      1.15766e+9 
        4390.46      1.15863e+9 
        4390.93      1.17204e+9 
        4391.43      1.18148e+9 
        4391.93      1.18864e+9 
        4392.93      1.19626e+9 
        4393.93      1.19926e+9 
        4395.46      1.20314e+9 
        4395.93      1.20376e+9 
        4399.93      1.20402e+9 
        4400.46      1.20371e+9 
        4402.93      1.20188e+9 
        4405.43      1.19966e+9 
        4405.46      1.19963e+9 
        4407.93       1.1973e+9 
        4408.87      1.19643e+9 
        4410.46      1.19492e+9 
        4417.55      1.18918e+9 
        4420.05      1.18667e+9 
        4422.55      1.18416e+9 
        4425.55      1.18115e+9 
        4429.55       1.1771e+9 
        4431.55      1.17502e+9 
        4432.55      1.17393e+9 
        4433.55      1.17277e+9 
        4434.05      1.17214e+9 
        4434.55      1.17143e+9 
        4435.05      1.17059e+9 
        4435.55       1.1695e+9 
        4436.05      1.16783e+9 
        4436.55      1.16446e+9 
        4436.65      1.16329e+9 
        4436.75      1.16179e+9 
        4436.95      1.15713e+9 
        4437.05      1.15324e+9 
        4437.15      1.14722e+9 
        4437.35      1.11424e+9 
        4437.55      1.02892e+9 
        4437.75      1.04189e+9 
        4437.95      1.10111e+9 
        4438.15      1.13276e+9 
        4438.35       1.1478e+9 
        4438.55      1.15535e+9 
        4439.05      1.16252e+9 
        4439.55      1.16454e+9 
        4440.05      1.16514e+9 
        4440.55      1.16521e+9 
        4441.05      1.16505e+9 
        4441.48      1.16477e+9 
        4441.55      1.16473e+9 
        4442.55      1.16398e+9 
        4443.55      1.16311e+9 
        4445.55      1.16123e+9 
        4446.48      1.16032e+9 
        4449.55      1.15718e+9 
        4451.48      1.15508e+9 
        4452.55      1.15384e+9 
        4453.98      1.15209e+9 
        4455.05      1.15066e+9 
        4456.48      1.14855e+9 
        4457.55      1.14676e+9 
        4461.48      1.13749e+9 
        4463.48       1.1299e+9 
        4465.48      1.11484e+9 
        4466.48      1.09991e+9 
        4467.48       1.0727e+9 
        4467.98      1.05358e+9 
        4468.48      1.02793e+9 
        4468.98      9.93757e+8 
        4469.48      9.45686e+8 
        4469.73      9.16667e+8 
        4469.98      8.96097e+8 
        4470.23      9.15764e+8 
        4470.48      9.34529e+8 
        4470.68      9.29419e+8 
        4470.88      9.00405e+8 
        4471.08      8.39656e+8 
        4471.18      7.80734e+8 
        4471.23      7.45486e+8 
        4471.28      7.04639e+8 
         4471.3      6.91894e+8 
        4471.32      6.78888e+8 
        4471.34      6.65784e+8 
        4471.36      6.52793e+8 
        4471.38      6.40147e+8 
         4471.4      6.28071e+8 
        4471.42      6.16764e+8 
        4471.44       6.0637e+8 
        4471.46      5.96972e+8 
        4471.48      5.88584e+8 
         4471.5      5.93144e+8 
        4471.52      5.98445e+8 
        4471.54      6.04478e+8 
        4471.56       6.1118e+8 
        4471.58      6.18432e+8 
         4471.6      6.26086e+8 
        4471.62      6.33963e+8 
        4471.64      6.41897e+8 
        4471.66      6.49738e+8 
        4471.68      6.57374e+8 
        4471.73      6.88364e+8 
        4471.78      7.16604e+8 
        4471.88      7.64362e+8 
        4472.08      8.31979e+8 
        4472.28      8.72235e+8 
        4472.48      8.99855e+8 
        4472.98       9.6499e+8 
        4473.48      1.00743e+9 
        4473.98       1.0365e+9 
        4474.48      1.05811e+9 
        4474.98      1.07569e+9 
        4475.48      1.08896e+9 
        4476.48      1.10295e+9 
        4477.48      1.11145e+9 
        4479.48      1.11877e+9 
        4481.48      1.12102e+9 
        4486.48      1.12083e+9 
        4488.98      1.11929e+9 
        4491.48      1.11737e+9 
        4496.48      1.11305e+9 
        4501.48      1.10852e+9 
           4505      1.10532e+9 
        4511.59      1.09915e+9 
        4516.59      1.09454e+9 
        4521.59      1.08984e+9 
        4526.59      1.08499e+9 
        4529.59      1.08181e+9 
        4531.59      1.07953e+9 
        4533.59      1.07684e+9 
        4535.59      1.07356e+9 
        4536.59       1.0712e+9 
        4537.59      1.06834e+9 
        4538.59      1.06442e+9 
        4539.09      1.06205e+9 
        4539.59      1.05951e+9 
        4540.09      1.05693e+9 
        4540.59      1.05459e+9 
        4540.79      1.05386e+9 
        4540.99      1.05315e+9 
        4541.19      1.05221e+9 
        4541.39      1.05079e+9 
        4541.49       1.0502e+9 
        4541.59         1.05e+9 
        4541.69      1.05002e+9 
        4541.79      1.05042e+9 
        4541.99      1.05148e+9 
        4542.19      1.05205e+9 
        4542.39       1.0524e+9 
        4542.59      1.05277e+9 
        4543.09      1.05421e+9 
        4543.59      1.05588e+9 
        4544.09      1.05753e+9 
        4544.59      1.05901e+9 
        4545.59      1.06116e+9 
        4546.59      1.06227e+9 
        4547.59      1.06287e+9 
        4549.59      1.06262e+9 
        4551.59       1.0618e+9 
        4553.59      1.06056e+9 
        4556.59      1.05847e+9 
        4561.59      1.05451e+9 
        4566.59       1.0504e+9 
        4571.59      1.04619e+9 
           4650      9.81907e+8 
        4655.68      9.77334e+8 
        4660.68       9.7337e+8 
        4665.68      9.69353e+8 
        4670.68      9.65233e+8 
        4673.68      9.62538e+8 
        4675.68      9.60607e+8 
        4677.68      9.58117e+8 
        4679.68      9.54832e+8 
        4680.68      9.52109e+8 
        4681.68      9.48659e+8 
        4682.68      9.41697e+8 
        4683.18      9.37137e+8 
        4683.68      9.29588e+8 
        4684.18      9.17117e+8 
        4684.68      8.93792e+8 
        4684.88      8.77045e+8 
        4685.08      8.50928e+8 
        4685.28      8.06879e+8 
        4685.48      7.19118e+8 
        4685.58      6.78847e+8 
        4685.68      6.66925e+8 
        4685.78      6.78705e+8 
        4685.88       7.1882e+8 
        4686.08       8.0624e+8 
        4686.28      8.49952e+8 
        4686.48       8.7574e+8 
        4686.68      8.92163e+8 
        4687.18      9.14698e+8 
        4687.68      9.26394e+8 
        4688.18      9.33176e+8 
        4688.68      9.36974e+8 
        4689.68      9.42427e+8 
        4690.68      9.44364e+8 
        4691.68      9.45581e+8 
         4693.2      9.45835e+8 
        4693.68      9.45782e+8 
        4695.68      9.45231e+8 
         4695.7      9.45222e+8 
        4697.68      9.44102e+8 
         4698.2      9.43788e+8 
        4700.68      9.42188e+8 
         4701.2      9.41836e+8 
         4705.2      9.38838e+8 
        4705.68       9.3845e+8 
         4707.2      9.37145e+8 
         4708.2      9.36164e+8 
         4709.2      9.34968e+8 
         4709.7      9.34209e+8 
         4710.2      9.33243e+8 
        4710.68      9.31957e+8 
         4710.7      9.31899e+8 
         4711.2      9.29786e+8 
         4711.7      9.25847e+8 
         4712.2      9.16331e+8 
         4712.3       9.1274e+8 
         4712.4      9.08009e+8 
         4712.6       8.9251e+8 
         4712.7       8.7887e+8 
         4712.8      8.55327e+8 
           4713      7.19415e+8 
         4713.2      6.21674e+8 
         4713.4      6.73445e+8 
         4713.6      7.72629e+8 
         4713.8      8.59817e+8 
           4714      8.93201e+8 
         4714.2      9.07432e+8 
         4714.7      9.21222e+8 
         4715.2      9.25781e+8 
        4715.68      9.27625e+8 
         4715.7      9.27772e+8 
         4716.2      9.28617e+8 
         4716.7      9.28974e+8 
         4717.2      9.29073e+8 
         4718.2      9.28881e+8 
         4719.2      9.28437e+8 
         4721.2      9.27255e+8 
         4725.2      9.24523e+8 
         4728.2      9.22386e+8 
         4730.7       9.2059e+8 
         4733.2      9.18789e+8 
           4750      9.06736e+8 
        4789.12      8.79283e+8 
        4791.32      8.76833e+8 
        4796.32       8.7324e+8 
           4800      8.70546e+8 
        4801.32      8.69559e+8 
        4806.32      8.65776e+8 
        4811.32      8.61899e+8 
        4816.32      8.57905e+8 
        4821.32      8.53754e+8 
        4826.32      8.48771e+8 
        4831.32      8.43083e+8 
        4836.32      8.36404e+8 
        4841.32      8.25342e+8 
        4846.32      8.08768e+8 
        4849.32       7.9078e+8 
        4851.32      7.76461e+8 
        4853.32      7.51662e+8 
        4855.32      7.22246e+8 
        4856.32      7.00698e+8 
        4857.32      6.79976e+8 
        4858.32      6.49921e+8 
        4858.82      6.36281e+8 
        4859.32      6.16951e+8 
        4859.82      5.96539e+8 
        4860.32       5.6875e+8 
        4860.52      5.47427e+8 
        4860.72       5.2053e+8 
        4860.92       4.8414e+8 
        4861.12      4.62458e+8 
        4861.22      4.58039e+8 
        4861.32      4.56866e+8 
        4861.42      4.57946e+8 
        4861.52      4.62269e+8 
        4861.72       4.8374e+8 
        4861.92      5.19886e+8 
        4862.12      5.46523e+8 
        4862.32      5.67578e+8 
        4862.82      5.94672e+8 
        4863.32      6.13727e+8 
        4863.82      6.33129e+8 
        4864.32      6.46114e+8 
        4865.32      6.74779e+8 
        4866.32      6.94097e+8 
        4867.32      7.14243e+8 
        4869.32      7.40893e+8 
        4871.32      7.63008e+8 
        4873.32      7.74644e+8 
        4876.32       7.8878e+8 
        4881.32       7.9897e+8 
        4886.32      8.03743e+8 
        4891.32      8.04066e+8 
        4891.93      8.04019e+8 
        4896.32      8.03386e+8 
        4896.93       8.0325e+8 
           4900       8.0241e+8 
        4901.32       8.0195e+8 
        4901.93      8.01669e+8 
        4904.43      8.00456e+8 
        4906.32      7.99454e+8 
        4906.93       7.9911e+8 
        4911.32      7.96183e+8 
        4911.93      7.95682e+8 
        4913.93      7.93783e+8 
        4915.93      7.90972e+8 
        4916.32      7.89833e+8 
        4916.93      7.87624e+8 
        4917.93      7.80132e+8 
        4918.43      7.71068e+8 
        4918.93       7.6316e+8 
        4919.43      7.42633e+8 
        4919.93      7.15278e+8 
        4920.13      6.94411e+8 
        4920.33       6.7071e+8 
        4920.53      6.66921e+8 
        4920.73      7.24987e+8 
        4920.93      7.46083e+8 
        4921.13      7.35348e+8 
        4921.32       7.1332e+8 
        4921.33      7.12017e+8 
        4921.53      6.63548e+8 
        4921.73      5.44575e+8 
        4921.93      4.51282e+8 
        4922.13      4.95091e+8 
        4922.33      5.83971e+8 
        4922.53      6.29818e+8 
        4922.73      6.58514e+8 
        4922.93      6.79637e+8 
        4923.43      7.11849e+8 
        4923.49       7.1567e+8 
        4923.93      7.41529e+8 
        4924.43        7.522e+8 
        4924.93      7.64655e+8 
        4925.43      7.69447e+8 
        4925.93      7.74693e+8 
        4926.32      7.77097e+8 
        4926.93      7.80023e+8 
        4927.93      7.82571e+8 
        4929.52      7.83993e+8 
        4929.93      7.84217e+8 
        4931.32      7.84424e+8 
        4931.93      7.85481e+8 
        4936.93      7.83982e+8 
        4939.43      7.82764e+8 
        4941.93       7.8142e+8 
        4946.93      7.78574e+8 
        4951.93      7.75659e+8 
        4997.15      7.49586e+8 
        4999.65      7.48163e+8 
           5000      7.47963e+8 
        5002.15      7.46733e+8 
        5005.15      7.44999e+8 
        5007.15      7.43815e+8 
        5009.15      7.42577e+8 
        5011.15      7.41199e+8 
        5012.15      7.40375e+8 
        5013.15      7.39327e+8 
        5013.65       7.3863e+8 
        5014.15      7.37705e+8 
        5014.65      7.36358e+8 
        5015.15      7.34123e+8 
        5015.65      7.29702e+8 
         5015.9      7.25527e+8 
        5016.15      7.18307e+8 
        5016.35      7.07961e+8 
        5016.55      6.88185e+8 
        5016.75      6.37239e+8 
        5016.95      5.22516e+8 
        5017.05      4.80724e+8 
        5017.15      4.67398e+8 
        5017.25      4.84677e+8 
        5017.35      5.33963e+8 
        5017.55      6.57544e+8 
        5017.75      6.96769e+8 
        5017.95      7.12022e+8 
        5018.15      7.20125e+8 
         5018.4      7.25797e+8 
        5018.65      7.29052e+8 
        5019.15      7.32353e+8 
        5019.65      7.33818e+8 
        5020.15      7.34513e+8 
        5020.65      7.34835e+8 
        5021.15      7.34951e+8 
        5022.15      7.34866e+8 
        5023.15      7.34572e+8 
        5025.15       7.3373e+8 
        5027.15      7.32754e+8 
        5029.15      7.31724e+8 
        5029.22      7.31676e+8 
        5031.72      7.30354e+8 
        5032.15      7.30123e+8 
        5034.22      7.29013e+8 
        5034.65      7.28781e+8 
        5037.15      7.27429e+8 
        5037.22      7.27446e+8 
        5039.22      7.26346e+8 
        5041.22      7.25236e+8 
        5043.22      7.24098e+8 
        5044.22      7.23502e+8 
        5045.22      7.22857e+8 
        5045.72      7.22501e+8 
        5046.22      7.22097e+8 
        5046.72      7.21609e+8 
        5047.22      7.20949e+8 
        5047.72      7.19869e+8 
        5047.97       7.1895e+8 
        5048.22      7.17438e+8 
        5048.42      7.15292e+8 
        5048.62      7.11072e+8 
        5048.82      6.99523e+8 
        5049.02       6.4327e+8 
        5049.12      5.92044e+8 
        5049.22      5.62684e+8 
        5049.32      5.68618e+8 
        5049.42       6.0131e+8 
        5049.62      6.72434e+8 
        5049.82      7.00679e+8 
        5050.02      7.10174e+8 
        5050.22      7.14152e+8 
        5050.47      7.16463e+8 
        5050.72       7.1759e+8 
        5051.22      7.18517e+8 
        5051.72      7.18778e+8 
        5052.22      7.18791e+8 
        5052.72      7.18688e+8 
        5053.22      7.18525e+8 
        5054.22      7.18114e+8 
        5055.22      7.17646e+8 
        5057.22      7.16644e+8 
        5059.22      7.15609e+8 
        5061.22      7.14563e+8 
        5064.22      7.12986e+8 
        5066.72      7.11671e+8 
        5069.22      7.10356e+8 
           5100      6.94383e+8 
           5350       5.7989e+8 
        5381.52      5.67122e+8 
        5386.52      5.65108e+8 
        5391.52      5.63056e+8 
        5396.52      5.60936e+8 
        5399.52      5.59552e+8 
        5401.52      5.58563e+8 
        5403.52      5.57273e+8 
        5405.52      5.55593e+8 
        5406.52      5.54288e+8 
        5407.52      5.52627e+8 
        5408.52      5.49519e+8 
        5409.02      5.48232e+8 
        5409.52      5.45854e+8 
        5410.02      5.42849e+8 
        5410.52      5.40109e+8 
        5410.72      5.39125e+8 
        5410.92      5.38086e+8 
        5411.12       5.3653e+8 
        5411.32      5.33898e+8 
        5411.42       5.3262e+8 
        5411.52      5.32191e+8 
        5411.62      5.32538e+8 
        5411.72      5.33734e+8 
        5411.92      5.36204e+8 
        5412.12      5.37598e+8 
        5412.32      5.38476e+8 
        5412.52      5.39299e+8 
        5413.02      5.41638e+8 
        5413.52      5.44248e+8 
        5414.02      5.46237e+8 
        5414.52      5.47131e+8 
        5415.52       5.4947e+8 
        5416.52      5.50359e+8 
        5417.52      5.50896e+8 
        5419.52      5.51036e+8 
        5421.52      5.50787e+8 
        5423.52      5.50229e+8 
        5426.52      5.49298e+8 
        5431.52      5.47551e+8 
        5436.52      5.45736e+8 
        5441.52       5.4388e+8 
        5695.09      4.57983e+8 
         5695.2       4.5802e+8 
        5855.65      4.11983e+8 
        5858.15      4.11217e+8 
        5860.65      4.10401e+8 
        5863.65      4.09284e+8 
        5867.65      4.07141e+8 
        5869.65      4.05161e+8 
        5870.65      4.03512e+8 
        5871.65      4.00872e+8 
        5872.15      3.98873e+8 
        5872.65      3.96102e+8 
        5873.15      3.92106e+8 
        5873.65      3.86101e+8 
        5874.15      3.76653e+8 
        5874.65      3.60938e+8 
        5874.75      3.56564e+8 
        5874.85      3.51565e+8 
        5875.05      3.37653e+8 
        5875.15      3.21592e+8 
        5875.25      2.87858e+8 
        5875.45      2.10383e+8 
        5875.65      1.86905e+8 
        5875.85      2.05962e+8 
        5876.05      2.38828e+8 
        5876.25      2.82958e+8 
        5876.45      3.38821e+8 
        5876.65      3.56682e+8 
        5877.15      3.74195e+8 
        5877.65      3.84077e+8 
        5878.15      3.90168e+8 
        5878.65      3.94096e+8 
        5879.15      3.96724e+8 
        5879.65      3.98536e+8 
        5880.65      4.00739e+8 
        5881.65      4.01908e+8 
        5883.65      4.02881e+8 
        5887.65      4.02955e+8 
        5890.65      4.02506e+8 
        5893.15      4.02015e+8 
        5895.65      4.01471e+8 
           6200      3.31985e+8 
           6400      2.94261e+8 
         6490.1      2.79022e+8 
         6492.8      2.78307e+8 
         6495.1      2.77911e+8 
         6497.8      2.77445e+8 
         6500.1      2.77046e+8 
         6502.8      2.76559e+8 
         6505.1      2.76141e+8 
         6507.8      2.75644e+8 
         6510.1      2.75215e+8 
         6512.8      2.74703e+8 
         6515.1      2.74261e+8 
         6517.8      2.73731e+8 
         6520.1      2.73271e+8 
         6522.8      2.72718e+8 
         6525.1      2.72173e+8 
         6527.8      2.71487e+8 
         6530.1      2.70863e+8 
         6532.8      2.70078e+8 
         6535.1      2.69356e+8 
         6537.8      2.68421e+8 
         6540.1      2.67249e+8 
         6542.8      2.65635e+8 
         6545.1      2.64026e+8 
         6547.8      2.61472e+8 
         6548.1      2.61068e+8 
         6550.1      2.58105e+8 
         6550.8      2.56955e+8 
         6552.1      2.54677e+8 
         6552.8       2.5338e+8 
         6554.1      2.49365e+8 
         6554.8      2.47068e+8 
         6555.1      2.46064e+8 
         6556.1      2.42654e+8 
         6556.8      2.39616e+8 
         6557.1      2.37984e+8 
         6557.6      2.35287e+8 
         6557.8      2.34218e+8 
         6558.1      2.32632e+8 
         6558.6      2.30035e+8 
         6558.8      2.29014e+8 
         6559.1      2.26611e+8 
         6559.3      2.25024e+8 
         6559.5      2.23506e+8 
         6559.7      2.22186e+8 
         6559.8      2.21748e+8 
         6559.9      2.21512e+8 
           6560      2.21379e+8 
         6560.1      2.20932e+8 
         6560.2      2.20022e+8 
         6560.3      2.18707e+8 
         6560.5      2.15494e+8 
         6560.7      2.12939e+8 
         6560.8      2.11763e+8 
         6560.9      2.10615e+8 
         6561.1      2.08379e+8 
         6561.3       2.0481e+8 
         6561.6      1.95485e+8 
         6561.8       1.8742e+8 
           6562      1.71717e+8 
         6562.1      1.63273e+8 
         6562.2      1.56457e+8 
         6562.4      1.49993e+8 
         6562.6       1.4948e+8 
         6562.7       1.4981e+8 
         6562.8      1.49947e+8 
         6562.9      1.49788e+8 
           6563      1.49434e+8 
         6563.1      1.49305e+8 
         6563.2      1.49901e+8 
         6563.4      1.56314e+8 
         6563.6      1.71506e+8 
         6563.8      1.87133e+8 
         6564.1      1.98472e+8 
         6564.3      2.04334e+8 
         6564.8      2.11068e+8 
         6565.1       2.1445e+8 
         6565.3       2.1681e+8 
         6565.8      2.20284e+8 
         6566.1      2.22441e+8 
         6566.8      2.27759e+8 
         6567.8      2.32603e+8 
         6568.1      2.34105e+8 
         6568.8      2.37661e+8 
         6570.1      2.42319e+8 
         6570.8      2.44446e+8 
         6572.1      2.48219e+8 
         6572.8      2.50117e+8 
         6574.8      2.53052e+8 
         6575.1      2.53457e+8 
         6577.8      2.56641e+8 
         6580.1      2.58181e+8 
         6582.8      2.59265e+8 
         6585.1      2.59957e+8 
         6587.8      2.60529e+8 
         6590.1      2.60623e+8 
         6592.8      2.60648e+8 
         6595.1      2.60615e+8 
         6597.8      2.60524e+8 
         6600.1      2.60407e+8 
         6602.8      2.60222e+8 
         6605.1      2.59983e+8 
         6607.8       2.5969e+8 
         6610.1      2.59431e+8 
         6612.8      2.59119e+8 
         6615.1      2.58845e+8 
         6617.8      2.58515e+8 
         6620.1      2.58229e+8 
         6622.8      2.57886e+8 
         6625.1      2.57589e+8 
         6627.8      2.57224e+8 
         6630.1      2.56909e+8 
         6632.8      2.56539e+8 
         6633.9      2.56695e+8 
        6634.04       2.5675e+8 
        6660.09      2.52807e+8 
        6662.59      2.52403e+8 
        6665.09      2.51977e+8 
        6668.09      2.51406e+8 
        6670.09      2.50951e+8 
        6672.09      2.50362e+8 
        6674.09      2.49441e+8 
        6675.09      2.48686e+8 
        6676.09      2.47477e+8 
        6676.59      2.46553e+8 
        6677.09      2.45253e+8 
        6677.59      2.43334e+8 
        6678.09      2.40337e+8 
        6678.59      2.35327e+8 
        6678.84      2.31488e+8 
        6679.09       2.2613e+8 
        6679.29      2.20045e+8 
        6679.49      2.09558e+8 
        6679.69      1.74468e+8 
        6679.89      1.30513e+8 
        6679.99       1.2121e+8 
        6680.09      1.18434e+8 
        6680.19      1.20788e+8 
        6680.29      1.29344e+8 
        6680.49      1.69991e+8 
        6680.69      2.05854e+8 
        6680.89      2.17675e+8 
        6681.09      2.24122e+8 
        6681.34      2.29762e+8 
        6681.59      2.33803e+8 
        6682.09      2.39055e+8 
        6682.59      2.42147e+8 
        6683.09      2.44069e+8 
        6683.59      2.45319e+8 
        6684.09      2.46161e+8 
        6685.09      2.47155e+8 
        6686.09      2.47661e+8 
        6688.09      2.48043e+8 
        6690.09      2.48076e+8 
        6692.09      2.47967e+8 
        6695.09      2.47687e+8 
        6697.59      2.47403e+8 
        6700.09      2.47095e+8 
           7000      2.09224e+8 
        7047.24      2.03903e+8 
        7049.74      2.03622e+8 
        7052.24      2.03337e+8 
        7055.24      2.02989e+8 
        7057.24      2.02747e+8 
        7059.24      2.02487e+8 
        7061.24       2.0218e+8 
        7062.24      2.01984e+8 
        7063.24      2.01717e+8 
        7063.74      2.01531e+8 
        7064.24      2.01278e+8 
        7064.74      2.00902e+8 
        7065.24       2.0028e+8 
        7065.74       1.9908e+8 
        7065.99      1.97988e+8 
        7066.24      1.96164e+8 
        7066.44       1.9358e+8 
        7066.64      1.87092e+8 
        7066.84      1.63617e+8 
        7067.04      1.35496e+8 
        7067.14      1.27434e+8 
        7067.24      1.24638e+8 
        7067.34      1.27005e+8 
        7067.44      1.34154e+8 
        7067.64      1.51298e+8 
        7067.84        1.556e+8 
        7068.04       1.6894e+8 
        7068.24      1.87409e+8 
        7068.49      1.95852e+8 
        7068.74      1.97834e+8 
        7069.24      1.99469e+8 
        7069.74      2.00164e+8 
        7070.24      2.00511e+8 
        7070.74      2.00696e+8 
        7071.24      2.00796e+8 
        7072.24      2.00868e+8 
        7073.24      2.00857e+8 
        7075.24      2.00736e+8 
        7077.24      2.00563e+8 
        7079.24      2.00371e+8 
        7082.24      2.00067e+8 
        7084.74      1.99806e+8 
        7087.24      1.99543e+8 
        7262.46      1.81781e+8 
        7264.96      1.81541e+8 
        7267.46        1.813e+8 
        7270.46      1.81009e+8 
        7272.46      1.80813e+8 
        7274.46      1.80612e+8 
        7276.46      1.80397e+8 
        7277.46      1.80279e+8 
        7278.46      1.80139e+8 
        7278.96      1.80054e+8 
        7279.46      1.79949e+8 
        7279.96      1.79806e+8 
        7280.46      1.79586e+8 
        7280.96      1.79169e+8 
        7281.21      1.78779e+8 
        7281.46      1.78084e+8 
        7281.66      1.76985e+8 
        7281.86      1.73848e+8 
        7282.06      1.59092e+8 
        7282.26      1.33682e+8 
        7282.36       1.2584e+8 
        7282.46      1.22949e+8 
        7282.56      1.25024e+8 
        7282.66      1.31767e+8 
        7282.86       1.5418e+8 
        7283.06      1.70969e+8 
        7283.26      1.75931e+8 
        7283.46      1.77471e+8 
        7283.71      1.78328e+8 
        7283.96      1.78761e+8 
        7284.46      1.79154e+8 
        7284.96      1.79306e+8 
        7285.46      1.79365e+8 
        7285.96      1.79382e+8 
        7286.46      1.79377e+8 
        7287.46       1.7933e+8 
        7288.46      1.79262e+8 
        7290.46        1.791e+8 
        7292.46      1.78924e+8 
        7294.46      1.78743e+8 
        7297.46      1.78467e+8 
        7299.96      1.78236e+8 
        7302.46      1.78004e+8 
        7437.06      1.66001e+8 
        7437.21      1.66002e+8 
         7845.5       1.3528e+8 
        7845.66      1.35363e+8 
        8205.82      1.14116e+8 
        8205.84      1.17209e+8 
        8213.41      1.16793e+8 
        8213.57       1.1682e+8 
        9575.13      6.45047e+7 
        10096.6      5.24857e+7 
        10101.6      5.23832e+7 
        10106.6      5.22782e+7 
        10111.6      5.21698e+7 
        10114.6      5.20969e+7 
        10116.6      5.20443e+7 
        10118.6      5.19725e+7 
        10120.6      5.18759e+7 
        10121.6      5.17961e+7 
        10122.6      5.16712e+7 
        10123.6      5.14467e+7 
        10124.1      5.12696e+7 
        10124.6      5.10102e+7 
        10125.1      5.06189e+7 
        10125.6      4.99959e+7 
        10125.8      4.96456e+7 
          10126      4.92924e+7 
        10126.2      4.91842e+7 
        10126.4      4.94692e+7 
        10126.5      4.96516e+7 
        10126.6      4.97215e+7 
        10126.7       4.9647e+7 
        10126.8      4.94602e+7 
          10127      4.91662e+7 
        10127.2      4.92664e+7 
        10127.4      4.96112e+7 
        10127.6      4.99537e+7 
        10128.1      5.05562e+7 
        10128.6      5.09277e+7 
        10129.1      5.11672e+7 
        10129.6      5.13244e+7 
        10130.6      5.15092e+7 
        10131.6      5.15952e+7 
        10132.6      5.16353e+7 
        10134.6       5.1653e+7 
        10136.6      5.16455e+7 
        10138.6      5.16189e+7 
        10141.6      5.15722e+7 
        10146.6      5.14823e+7 
        10151.6      5.13884e+7 
        10156.6      5.12922e+7 
        10813.5      4.02131e+7 
          10816      4.01768e+7 
        10818.5      4.01406e+7 
        10821.5      4.00968e+7 
        10823.5      4.00671e+7 
        10825.5      4.00366e+7 
        10827.5      4.00044e+7 
        10828.5      3.99868e+7 
        10829.5      3.99653e+7 
          10830      3.99519e+7 
        10830.5      3.99338e+7 
          10831      3.99031e+7 
        10831.5      3.91387e+7 
          10832      3.69248e+7 
        10832.2      3.67051e+7 
        10832.5      3.69095e+7 
        10832.7      3.72404e+7 
        10832.9      3.68801e+7 
        10833.1      3.60005e+7 
        10833.3      3.50095e+7 
        10833.4      3.47029e+7 
        10833.5      3.45954e+7 
        10833.6      3.46994e+7 
        10833.7      3.50027e+7 
        10833.9      3.59887e+7 
        10834.1      3.68964e+7 
        10834.3      3.80273e+7 
        10834.5      3.93462e+7 
        10834.7      3.97346e+7 
          10835      3.97931e+7 
        10835.5      3.98357e+7 
          10836      3.98509e+7 
        10836.5      3.98556e+7 
          10837      3.98557e+7 
        10837.5      3.98534e+7 
        10838.5      3.98444e+7 
        10839.5      3.98332e+7 
        10841.5      3.98076e+7 
        10843.5      3.97804e+7 
        10845.5      3.97529e+7 
        10848.5      3.97108e+7 
          10851      3.96755e+7 
        10853.5        3.964e+7 
        11162.4      3.55427e+7 
        11162.6      3.55401e+7 
        12480.3      2.30153e+7 
        12480.5      2.30145e+7 
        13567.4      1.66157e+7 
        13567.7      1.66146e+7 
          14097      1.43078e+7 
        14097.3      1.43082e+7 
        14588.1       1.2524e+7 
        14588.2      1.26075e+7 
        14623.9      1.24874e+7 
        14624.2      1.24869e+7 
          16427      7.91711e+6 
        18452.1      5.01645e+6 
        18452.5      5.01605e+6 
        18680.5      4.77893e+6 
          18681      4.73964e+6 
          18686      4.72828e+6 
          18691      4.71567e+6 
          18696      4.70127e+6 
          18701      4.68461e+6 
          18706      4.66517e+6 
          18711       4.6421e+6 
          18716      4.61464e+6 
          18721      4.58142e+6 
          18726      4.54094e+6 
          18731      4.49087e+6 
          18736      4.42716e+6 
          18739      4.37936e+6 
          18741      4.34144e+6 
          18743      4.29623e+6 
          18745      4.23986e+6 
          18746      4.20599e+6 
          18747       4.1703e+6 
          18748      4.17263e+6 
        18748.5      4.25652e+6 
          18749      4.47253e+6 
        18749.5      4.83196e+6 
          18750      5.24492e+6 
        18750.2      5.39304e+6 
        18750.4        5.518e+6 
        18750.6      5.61258e+6 
        18750.8      5.67142e+6 
        18750.9      5.68631e+6 
          18751       5.6912e+6 
        18751.1      5.68601e+6 
        18751.2      5.67082e+6 
        18751.4      5.61139e+6 
        18751.6      5.51624e+6 
        18751.8      5.39076e+6 
          18752      5.24215e+6 
        18752.5      4.82816e+6 
          18753      4.46783e+6 
        18753.5       4.2509e+6 
          18754      4.16599e+6 
          18755      4.16146e+6 
          18756      4.19489e+6 
          18757      4.22648e+6 
          18759      4.27829e+6 
          18761      4.31896e+6 
          18763      4.35238e+6 
          18766      4.39351e+6 
          18771      4.44637e+6 
          18776      4.48592e+6 
          18781      4.51616e+6 
          18786      4.53934e+6 
          18791      4.55695e+6 
          18796      4.57028e+6 
          18801      4.58006e+6 
          18806      4.58709e+6 
          18811      4.59188e+6 
          18816      4.59489e+6 
          18821      4.59663e+6 
        18821.5      4.63967e+6 
        20502.5      3.31565e+6 
        22780.4      2.19136e+6 
        22780.8      2.19119e+6 
          22794      2.18621e+6 
        22794.1      2.19047e+6 
        27569.6      1.03522e+6 
        27569.6      1.03521e+6 
        32803.7          521594 
        32804.4          521552 
        32810.1          521192 
        32810.1          521191 
        32823.4          520360 
        32823.4          520674 
        38506.3          277212 
        38506.3          277211 
        44649.5          154528 
        44650.4          154516 
        44658.2          154409 
        44658.2          154409 
        44676.2          154164 
        44676.2          154188 
        58317.7         53835.4 
        58318.9         53831.1 
        58352.6         53708.2 
        58352.7         53708.2 
        73808.4         21235.8 
        73809.8         21234.1 
        73852.6         21185.5 
        73852.7         21184.3 
        91176.1         9220.76 
        91176.3         9220.05 
        99930.8         6421.47 
         333103         56.5041 
         499654         11.5173 
         999308         0.74943 
     3.33103e+6      0.00611671 
     4.99654e+6      0.00119841 
     9.99308e+6      7.37746e-5 
     3.33103e+7      5.87833e-7 
