# Husfeld et al models for non-LTE Helium-rich stars
# teff = 35000 K (value for the effective temperature for the model. Temperatures are given in K)
# logg = 5 log(cm/s2) (value for Log(G) for the model.)
# yhe = 0.01  (value for the Helium abundance)
#
# column 1: WAVELENGTH (ANGSTROM), Wavelength in Angstrom
# column 2: FLUX (ERG/CM2/S/A), Flux in erg/cm2/s/A
        29.9793     1.73943e-11 
        37.4741     1.24082e-18 
        49.9654     1.00863e-23 
        59.9585     2.41631e-17 
        74.9481     5.10344e-11 
        87.8481      2.38885e-7 
        102.968     0.000288564 
        120.691        0.105231 
        141.464         13.1378 
        165.813         637.117 
        194.352           13947 
        227.804          163286 
        227.808          163330 
        227.847          163722 
        227.851     1.43896e+10 
        267.015     1.14347e+10 
        312.969      8.43441e+9 
        366.832      7.02531e+9 
        429.966      7.68459e+9 
        503.964     1.02154e+10 
        503.969     1.24946e+10 
        503.974     1.24946e+10 
        584.402     1.31381e+10 
        677.664     1.43221e+10 
         785.81     1.54433e+10 
        911.214      1.5903e+10 
        911.232     1.59036e+10 
        911.391     1.59035e+10 
        911.393     1.59035e+10 
        911.753     1.59035e+10 
        911.754      1.6246e+11 
        1071.68     1.06174e+11 
           1100     9.88083e+10 
        1144.99     8.83344e+10 
        1145.67     8.81804e+10 
           1150     8.72453e+10 
        1150.67     8.71016e+10 
        1155.67     8.60373e+10 
           1160     8.51272e+10 
        1160.67     8.49872e+10 
        1165.67     8.39511e+10 
           1170     8.30642e+10 
        1170.67     8.29279e+10 
           1175     8.20516e+10 
        1175.67     8.19169e+10 
        1180.67     8.09086e+10 
        1185.67     7.99018e+10 
        1190.67     7.88896e+10 
        1195.67     7.78046e+10 
        1200.67     7.65723e+10 
        1203.67     7.55462e+10 
        1205.67     7.46769e+10 
        1207.67     7.30848e+10 
        1209.67     7.04338e+10 
        1210.67     6.77912e+10 
        1211.67     6.43081e+10 
        1212.67     5.74863e+10 
        1213.17     5.34714e+10 
        1213.67     4.71124e+10 
        1214.17     4.04041e+10 
        1214.67     3.22167e+10 
        1214.87     2.84217e+10 
        1215.07     2.40618e+10 
        1215.27     1.96796e+10 
        1215.47     1.12172e+10 
        1215.57      5.39053e+9 
        1215.67        3.932e+9 
        1215.77       5.3861e+9 
        1215.87     1.11988e+10 
        1216.07     1.98966e+10 
        1216.27     2.42731e+10 
        1216.47     2.83251e+10 
        1216.67     3.20424e+10 
        1217.17     4.00516e+10 
        1217.67     4.65531e+10 
        1218.17     5.26942e+10 
        1218.67     5.64678e+10 
        1219.67     6.28445e+10 
        1220.67     6.59164e+10 
        1221.67     6.81898e+10 
        1223.67     7.01313e+10 
        1225.67     7.10397e+10 
        1227.67     7.12136e+10 
        1230.67     7.12016e+10 
        1235.67     7.06848e+10 
        1240.67     7.00144e+10 
        1245.67     6.92604e+10 
           1250     6.85999e+10 
        1250.67     6.84975e+10 
        1255.67     6.77325e+10 
        1260.37     6.70095e+10 
        1260.67     6.69638e+10 
        1265.67     6.62034e+10 
        1270.67     6.54517e+10 
        1275.67     6.47088e+10 
           1280     6.40724e+10 
        1280.67     6.39746e+10 
        1285.39     6.32895e+10 
        1285.67     6.32494e+10 
           1300     6.12327e+10 
        1482.29     4.12569e+10 
        1610.43     3.19125e+10 
        1615.43     3.16041e+10 
        1620.43     3.12988e+10 
        1625.43     3.09963e+10 
        1628.43     3.08148e+10 
        1630.43     3.06935e+10 
        1632.43     3.05682e+10 
        1634.43     3.04357e+10 
        1635.43     3.03582e+10 
        1636.43     3.02698e+10 
        1637.43     3.01267e+10 
        1637.93     3.00265e+10 
        1638.43     2.98263e+10 
        1638.93     2.94908e+10 
        1639.43     2.87209e+10 
        1639.63     2.81054e+10 
        1639.83     2.71257e+10 
        1640.03     2.55124e+10 
        1640.23     2.19063e+10 
        1640.33     1.44813e+10 
        1640.43      6.79552e+9 
        1640.53     1.44728e+10 
        1640.63     2.18825e+10 
        1640.83     2.54612e+10 
        1641.03     2.70488e+10 
        1641.23     2.80039e+10 
        1641.43      2.8596e+10 
        1641.93     2.93091e+10 
        1642.43     2.95883e+10 
        1642.93     2.97325e+10 
        1643.43     2.97759e+10 
        1644.43      2.9805e+10 
        1645.43     2.97788e+10 
        1646.43     2.97414e+10 
        1648.43     2.96438e+10 
        1650.43     2.95387e+10 
        1652.43     2.94294e+10 
        1655.43     2.92647e+10 
        1660.43     2.89899e+10 
        1665.43     2.87174e+10 
        1670.43     2.84474e+10 
        1743.28     2.48479e+10 
        2050.23     1.47019e+10 
        2050.27     1.47211e+10 
        2309.03      9.91974e+9 
        2600.43        6.637e+9 
        2600.48      6.63835e+9 
        2849.21      4.85268e+9 
        3121.71       3.5347e+9 
        3121.78      3.53485e+9 
         3421.8      2.56224e+9 
        3421.87      2.56505e+9 
        3644.85      2.05179e+9 
        3644.93       2.0517e+9 
        3647.02      2.04752e+9 
        3647.02      2.38929e+9 
        3679.67      2.31296e+9 
        3679.75      2.31391e+9 
        3869.81      1.92516e+9 
        3872.31      1.92061e+9 
        3874.81      1.91608e+9 
        3877.81      1.91065e+9 
        3881.81      1.90341e+9 
        3883.81      1.89977e+9 
        3884.81      1.89793e+9 
        3885.81      1.89605e+9 
        3886.31      1.89508e+9 
        3886.81      1.89406e+9 
        3887.31      1.89297e+9 
        3887.81       1.8917e+9 
        3888.31         1.89e+9 
        3888.81      1.88677e+9 
        3888.91      1.88559e+9 
        3889.01      1.88401e+9 
        3889.21      1.87829e+9 
        3889.31      1.87236e+9 
        3889.41      1.85945e+9 
        3889.61      1.61014e+9 
        3889.81      1.25683e+9 
        3890.01      1.57142e+9 
        3890.21      1.85143e+9 
        3890.41      1.87488e+9 
        3890.61      1.88065e+9 
        3890.81      1.88295e+9 
        3891.31      1.88458e+9 
        3891.81      1.88455e+9 
        3892.31      1.88405e+9 
        3892.81      1.88338e+9 
        3893.31      1.88262e+9 
        3893.81      1.88182e+9 
        3894.63      1.88044e+9 
        3894.81      1.88014e+9 
           3895      1.87981e+9 
        3895.81      1.87843e+9 
        3897.81      1.87495e+9 
        3900.07      1.86998e+9 
        3901.81      1.86688e+9 
        3904.81      1.86152e+9 
        3905.07      1.86105e+9 
        3907.31      1.85705e+9 
        3909.81      1.85253e+9 
        3910.07      1.85206e+9 
        3915.07      1.84295e+9 
        3920.07      1.83376e+9 
        3925.07      1.82445e+9 
        3930.07      1.81496e+9 
        3935.07       1.8044e+9 
        3940.07      1.79282e+9 
        3945.07       1.7797e+9 
        3950.07      1.75925e+9 
        3955.07      1.72718e+9 
        3958.07      1.68904e+9 
        3960.07      1.65585e+9 
        3962.07       1.5951e+9 
        3964.07      1.51144e+9 
        3965.07      1.46653e+9 
        3966.07      1.42039e+9 
        3967.07      1.35253e+9 
        3967.57      1.31803e+9 
        3968.07      1.27694e+9 
        3968.57      1.23185e+9 
        3969.07      1.18108e+9 
        3969.27      1.15696e+9 
        3969.47       1.1292e+9 
        3969.67      1.09682e+9 
        3969.87      1.06569e+9 
        3969.97      1.05576e+9 
        3970.07      1.05281e+9 
        3970.17       1.0555e+9 
        3970.27      1.06516e+9 
        3970.47      1.09572e+9 
        3970.67      1.12751e+9 
        3970.87      1.15466e+9 
        3971.07      1.17814e+9 
        3971.57      1.22729e+9 
        3972.07      1.27069e+9 
        3972.57      1.31006e+9 
        3973.07      1.34282e+9 
        3974.07      1.40735e+9 
        3975.07      1.45458e+9 
         3975.6      1.47964e+9 
        3976.07      1.50164e+9 
        3978.07      1.56811e+9 
        3980.07      1.62181e+9 
        3982.07      1.64838e+9 
        3985.07      1.67698e+9 
        3990.07      1.69319e+9 
        3995.07      1.69779e+9 
         3996.2      1.69734e+9 
        4000.07      1.69485e+9 
         4001.2      1.69394e+9 
        4005.07      1.69034e+9 
         4006.2      1.68916e+9 
         4008.7      1.68639e+9 
        4010.07      1.68474e+9 
         4011.2      1.68321e+9 
        4015.07      1.67748e+9 
         4016.2      1.67539e+9 
         4018.2      1.67176e+9 
        4020.07      1.66742e+9 
         4020.2      1.66708e+9 
         4021.2      1.66367e+9 
         4022.2      1.65763e+9 
         4022.7      1.65306e+9 
         4023.2       1.6468e+9 
         4023.7      1.63697e+9 
         4024.2      1.62163e+9 
         4024.4      1.61403e+9 
         4024.6      1.60505e+9 
         4024.8      1.59597e+9 
           4025       1.5867e+9 
        4025.07      1.58303e+9 
         4025.2      1.57585e+9 
         4025.4      1.52275e+9 
         4025.6      1.41736e+9 
         4025.8      1.45639e+9 
           4026      1.45573e+9 
         4026.2      1.26568e+9 
         4026.4      1.27847e+9 
         4026.6      1.39275e+9 
         4026.8      1.47123e+9 
           4027      1.52025e+9 
         4027.2      1.55425e+9 
         4027.7      1.60284e+9 
         4028.2      1.62555e+9 
         4028.7       1.6363e+9 
         4029.2      1.64291e+9 
         4029.7      1.64646e+9 
        4029.84      1.64747e+9 
        4030.07      1.64885e+9 
         4030.2       1.6495e+9 
         4031.2      1.65101e+9 
        4031.73      1.64994e+9 
         4032.2      1.64989e+9 
         4034.2      1.64835e+9 
        4034.83      1.64765e+9 
        4035.07      1.64738e+9 
         4036.2        1.646e+9 
        4036.73      1.64531e+9 
        4040.07      1.64068e+9 
         4041.2      1.64018e+9 
        4041.73      1.63937e+9 
         4043.7      1.63631e+9 
         4046.2      1.63237e+9 
        4046.73      1.63153e+9 
         4051.2      1.62433e+9 
        4051.73      1.62346e+9 
         4056.2      1.61609e+9 
        4056.73       1.6152e+9 
        4061.73       1.6067e+9 
        4066.73       1.5969e+9 
           4070      1.58988e+9 
        4071.73      1.58593e+9 
         4075.6      1.57637e+9 
        4076.73      1.57328e+9 
        4081.73      1.55313e+9 
        4086.73      1.52277e+9 
        4089.73      1.48935e+9 
        4091.73      1.46156e+9 
        4093.73      1.41187e+9 
        4095.73       1.3503e+9 
        4096.73      1.30516e+9 
        4097.73      1.26072e+9 
        4098.73       1.1985e+9 
        4099.23      1.16857e+9 
        4099.73      1.13101e+9 
        4100.23      1.08886e+9 
        4100.73      1.04047e+9 
         4100.8      1.03196e+9 
        4100.93      1.01534e+9 
        4101.13      9.83976e+8 
        4101.33        9.444e+8 
        4101.53       9.0634e+8 
        4101.63      8.95124e+8 
        4101.73      8.91587e+8 
        4101.83      8.94907e+8 
        4101.93      9.05899e+8 
        4102.13      9.43481e+8 
        4102.33      9.82543e+8 
        4102.53      1.01337e+9 
        4102.73      1.03795e+9 
        4103.23      1.08493e+9 
         4103.3       1.0911e+9 
        4103.73      1.12562e+9 
        4104.23      1.16168e+9 
        4104.73      1.19009e+9 
        4105.73      1.24916e+9 
         4105.8        1.252e+9 
        4106.73      1.29048e+9 
        4107.73      1.33248e+9 
         4108.8      1.36494e+9 
        4109.73      1.38797e+9 
        4111.73      1.43181e+9 
         4112.8      1.44415e+9 
        4113.73      1.45387e+9 
         4114.8       1.4639e+9 
         4115.8      1.47216e+9 
        4116.73       1.4789e+9 
         4116.8      1.47937e+9 
         4117.3      1.48258e+9 
         4117.8      1.48499e+9 
         4118.3      1.48651e+9 
         4118.8      1.48786e+9 
         4119.3      1.48893e+9 
         4119.8      1.48927e+9 
         4119.9      1.48914e+9 
           4120      1.48886e+9 
         4120.2      1.48755e+9 
         4120.3      1.48613e+9 
         4120.4      1.48355e+9 
         4120.6      1.46308e+9 
         4120.8      1.38356e+9 
           4121      1.40125e+9 
         4121.2       1.4576e+9 
         4121.4      1.48076e+9 
         4121.6      1.48852e+9 
        4121.73      1.49091e+9 
         4121.8      1.49181e+9 
         4122.3       1.4952e+9 
         4122.8      1.49681e+9 
         4123.3      1.49793e+9 
        4123.76       1.4987e+9 
         4123.8      1.49877e+9 
         4124.3      1.49953e+9 
         4124.8       1.5002e+9 
         4125.8      1.50129e+9 
        4126.26       1.5017e+9 
        4126.73      1.50206e+9 
         4126.8      1.50211e+9 
        4128.76      1.50191e+9 
         4128.8       1.5019e+9 
        4131.73      1.50093e+9 
        4131.76      1.50092e+9 
         4132.8      1.50042e+9 
        4133.76       1.4999e+9 
        4135.76       1.4986e+9 
         4135.8      1.49857e+9 
        4136.73      1.49787e+9 
        4137.76        1.497e+9 
         4138.3      1.49649e+9 
        4138.76      1.49603e+9 
        4139.76      1.49491e+9 
        4140.26      1.49424e+9 
        4140.76      1.49349e+9 
         4140.8      1.49342e+9 
        4141.26      1.49258e+9 
        4141.73      1.49148e+9 
        4141.76       1.4914e+9 
        4142.26      1.48975e+9 
        4142.51      1.48865e+9 
        4142.76      1.48725e+9 
        4142.96       1.4858e+9 
        4143.16      1.48385e+9 
        4143.36      1.48108e+9 
        4143.56      1.47666e+9 
        4143.66      1.47326e+9 
        4143.76      1.46853e+9 
        4143.86      1.46261e+9 
        4143.96      1.45712e+9 
        4144.16      1.45262e+9 
        4144.36      1.45408e+9 
        4144.56      1.45736e+9 
        4144.76      1.46101e+9 
        4145.01      1.46535e+9 
        4145.26      1.46915e+9 
        4145.76      1.47497e+9 
        4146.26      1.47881e+9 
        4146.73      1.48113e+9 
        4146.76      1.48125e+9 
        4147.26      1.48273e+9 
        4147.76      1.48358e+9 
        4148.76      1.48416e+9 
        4149.76      1.48394e+9 
        4151.73      1.48254e+9 
        4151.76      1.48251e+9 
        4153.76      1.48057e+9 
        4155.76      1.47843e+9 
        4156.73      1.47735e+9 
        4158.76      1.47505e+9 
        4161.26      1.47214e+9 
        4161.73      1.47159e+9 
        4163.76      1.46919e+9 
        4166.73      1.46567e+9 
        4169.83       1.4618e+9 
        4170.24       1.4613e+9 
        4171.73      1.45945e+9 
        4174.83      1.45706e+9 
        4179.83      1.45062e+9 
        4184.83      1.44421e+9 
        4187.83      1.44034e+9 
        4189.83      1.43776e+9 
        4191.83       1.4351e+9 
        4193.83      1.43237e+9 
        4194.83      1.43097e+9 
        4195.83      1.42952e+9 
        4196.83      1.42807e+9 
        4197.33      1.42733e+9 
        4197.83       1.4266e+9 
        4198.33      1.42586e+9 
        4198.83      1.42512e+9 
        4199.03      1.42483e+9 
        4199.23      1.42455e+9 
        4199.43      1.42426e+9 
        4199.63      1.42397e+9 
        4199.73      1.42383e+9 
        4199.83      1.42371e+9 
        4199.93      1.42358e+9 
        4200.03      1.42346e+9 
        4200.23      1.42326e+9 
        4200.43      1.42304e+9 
        4200.63      1.42283e+9 
        4200.83      1.42261e+9 
        4201.33      1.42209e+9 
        4201.83      1.42158e+9 
        4202.33      1.42107e+9 
        4202.83      1.42056e+9 
        4203.83       1.4195e+9 
        4204.83      1.41844e+9 
        4205.83      1.41735e+9 
        4207.83      1.41508e+9 
        4209.83      1.41273e+9 
        4211.83      1.41032e+9 
        4214.83      1.40668e+9 
        4219.83      1.40059e+9 
        4224.83      1.39451e+9 
        4229.83      1.38845e+9 
        4256.43      1.35675e+9 
        4268.47      1.34268e+9 
        4270.46       1.3393e+9 
        4275.46      1.33333e+9 
        4280.46      1.32726e+9 
        4285.46      1.32108e+9 
        4290.46      1.31479e+9 
        4295.46      1.30836e+9 
        4300.46      1.30175e+9 
        4305.46        1.294e+9 
        4310.46      1.28526e+9 
        4315.46      1.27508e+9 
        4320.46      1.25881e+9 
        4325.46      1.23448e+9 
        4328.46      1.20805e+9 
        4330.46      1.18629e+9 
        4332.46      1.14811e+9 
        4334.46       1.1015e+9 
        4335.46      1.06629e+9 
        4336.46      1.03181e+9 
        4337.46      9.82079e+8 
        4337.96      9.59222e+8 
        4338.46       9.2583e+8 
        4338.96      8.93528e+8 
        4339.46      8.52145e+8 
        4339.66       8.2593e+8 
        4339.86      7.94168e+8 
        4340.06       7.4768e+8 
        4340.26      7.06904e+8 
        4340.36      6.95198e+8 
        4340.46      6.91693e+8 
        4340.56      6.95038e+8 
        4340.66      7.06577e+8 
        4340.86      7.46992e+8 
        4341.06      7.93071e+8 
        4341.26      8.24413e+8 
        4341.46      8.50195e+8 
        4341.96      8.90463e+8 
        4342.46       9.2163e+8 
        4342.96      9.53867e+8 
        4343.46      9.75555e+8 
        4344.46      1.02287e+9 
        4345.46      1.05494e+9 
        4346.46      1.08775e+9 
        4348.46      1.12969e+9 
        4350.46      1.16338e+9 
        4352.46      1.18073e+9 
        4355.46      1.20074e+9 
        4360.46       1.2145e+9 
        4365.46       1.2203e+9 
        4367.93      1.22033e+9 
        4370.43      1.21989e+9 
        4370.46      1.21988e+9 
        4372.93       1.2191e+9 
        4375.46      1.21797e+9 
        4375.93      1.21773e+9 
        4379.93       1.2149e+9 
        4380.46      1.21433e+9 
        4381.93       1.2122e+9 
        4382.93         1.21e+9 
        4383.93      1.20972e+9 
        4384.43      1.20922e+9 
        4384.93      1.20874e+9 
        4385.43      1.20673e+9 
        4385.46      1.20658e+9 
        4385.93      1.20364e+9 
        4386.43      1.19934e+9 
        4386.93      1.19541e+9 
        4387.03      1.19282e+9 
        4387.13      1.18893e+9 
        4387.33      1.16307e+9 
        4387.43      1.15441e+9 
        4387.53      1.15441e+9 
        4387.73      1.16188e+9 
        4387.93      1.13151e+9 
        4388.13      1.12197e+9 
        4388.33      1.14414e+9 
        4388.53      1.16132e+9 
        4388.73      1.17258e+9 
        4388.93      1.18054e+9 
        4389.43      1.19225e+9 
        4389.93      1.19795e+9 
        4390.43      1.20073e+9 
        4390.46      1.20084e+9 
        4390.93       1.2022e+9 
        4391.43      1.20293e+9 
        4391.93      1.20333e+9 
        4392.93      1.20331e+9 
        4393.93       1.2028e+9 
        4395.46      1.20192e+9 
        4395.93      1.20159e+9 
        4399.93      1.19831e+9 
        4400.46      1.19784e+9 
        4402.93      1.19561e+9 
        4405.43      1.19326e+9 
        4405.46      1.19323e+9 
        4407.93      1.19087e+9 
        4408.87      1.18998e+9 
        4410.46      1.18846e+9 
        4417.55      1.18276e+9 
        4420.05      1.18028e+9 
        4422.55      1.17782e+9 
        4425.55      1.17486e+9 
        4429.55      1.17094e+9 
        4431.55      1.16897e+9 
        4432.55      1.16799e+9 
        4433.55        1.167e+9 
        4434.05       1.1665e+9 
        4434.55      1.16599e+9 
        4435.05      1.16548e+9 
        4435.55      1.16494e+9 
        4436.05      1.16434e+9 
        4436.55      1.16358e+9 
        4436.65      1.16338e+9 
        4436.75      1.16315e+9 
        4436.95       1.1625e+9 
        4437.05        1.162e+9 
        4437.15      1.16125e+9 
        4437.35      1.15709e+9 
        4437.55       1.1444e+9 
        4437.75      1.14563e+9 
        4437.95      1.15489e+9 
        4438.15      1.15891e+9 
        4438.35      1.16042e+9 
        4438.55      1.16101e+9 
        4439.05      1.16124e+9 
        4439.55      1.16097e+9 
        4440.05      1.16058e+9 
        4440.55      1.16015e+9 
        4441.05       1.1597e+9 
        4441.48      1.15929e+9 
        4441.55      1.15923e+9 
        4442.55      1.15828e+9 
        4443.55      1.15733e+9 
        4445.55      1.15541e+9 
        4446.48      1.15451e+9 
        4449.55      1.15155e+9 
        4451.48      1.14968e+9 
        4452.55      1.14864e+9 
        4453.98      1.14725e+9 
        4455.05      1.14619e+9 
        4456.48      1.14476e+9 
        4457.55      1.14368e+9 
        4461.48      1.13943e+9 
        4463.48      1.13697e+9 
        4465.48      1.13365e+9 
        4466.48      1.13097e+9 
        4467.48      1.12604e+9 
        4467.98      1.12201e+9 
        4468.48      1.11563e+9 
        4468.98      1.10479e+9 
        4469.48      1.08349e+9 
        4469.73      1.06776e+9 
        4469.98      1.05814e+9 
        4470.23      1.07061e+9 
        4470.48      1.07948e+9 
        4470.68      1.07497e+9 
        4470.88      1.05524e+9 
        4471.08      1.00197e+9 
        4471.18      9.38908e+8 
        4471.23      8.97824e+8 
        4471.28      8.49677e+8 
         4471.3      8.33475e+8 
        4471.32      8.16972e+8 
        4471.34       8.0027e+8 
        4471.36       7.8349e+8 
        4471.38      7.66762e+8 
         4471.4      7.50217e+8 
        4471.42      7.33974e+8 
        4471.44       7.1814e+8 
        4471.46      7.02796e+8 
        4471.48         6.88e+8 
         4471.5      6.94621e+8 
        4471.52      7.01268e+8 
        4471.54      7.07931e+8 
        4471.56      7.14587e+8 
        4471.58        7.212e+8 
         4471.6      7.27724e+8 
        4471.62      7.34115e+8 
        4471.64      7.40336e+8 
        4471.66      7.46352e+8 
        4471.68      7.52145e+8 
        4471.73      7.86731e+8 
        4471.78       8.1856e+8 
        4471.88      8.73244e+8 
        4472.08      9.61664e+8 
        4472.28      1.01283e+9 
        4472.48      1.04388e+9 
        4472.98      1.08795e+9 
        4473.48      1.10543e+9 
        4473.98      1.11359e+9 
        4474.48      1.11795e+9 
        4474.98      1.12065e+9 
        4475.48      1.12221e+9 
        4476.48      1.12319e+9 
        4477.48      1.12332e+9 
        4479.48       1.1224e+9 
        4481.48      1.12095e+9 
        4486.48      1.11674e+9 
        4488.98      1.11451e+9 
        4491.48      1.11225e+9 
        4496.48       1.1077e+9 
        4501.48      1.10316e+9 
           4505      1.09998e+9 
        4511.59      1.09402e+9 
        4516.59      1.08954e+9 
        4521.59      1.08506e+9 
        4526.59       1.0806e+9 
        4529.59       1.0779e+9 
        4531.59      1.07609e+9 
        4533.59      1.07423e+9 
        4535.59      1.07231e+9 
        4536.59      1.07125e+9 
        4537.59      1.07012e+9 
        4538.59      1.06882e+9 
        4539.09       1.0681e+9 
        4539.59      1.06734e+9 
        4540.09      1.06656e+9 
        4540.59      1.06581e+9 
        4540.79      1.06555e+9 
        4540.99      1.06528e+9 
        4541.19      1.06498e+9 
        4541.39      1.06458e+9 
        4541.49       1.0644e+9 
        4541.59      1.06429e+9 
        4541.69      1.06423e+9 
        4541.79      1.06423e+9 
        4541.99      1.06428e+9 
        4542.19      1.06423e+9 
        4542.39      1.06414e+9 
        4542.59      1.06406e+9 
        4543.09      1.06393e+9 
        4543.59      1.06384e+9 
        4544.09      1.06373e+9 
        4544.59      1.06358e+9 
        4545.59      1.06313e+9 
        4546.59      1.06252e+9 
        4547.59      1.06184e+9 
        4549.59      1.06028e+9 
        4551.59      1.05865e+9 
        4553.59      1.05698e+9 
        4556.59      1.05445e+9 
        4561.59      1.05021e+9 
        4566.59      1.04597e+9 
        4571.59      1.04174e+9 
           4650      9.78053e+8 
        4655.68      9.73619e+8 
        4660.68      9.69743e+8 
        4665.68       9.6588e+8 
        4670.68      9.62024e+8 
        4673.68      9.59698e+8 
        4675.68      9.58136e+8 
        4677.68      9.56518e+8 
        4679.68      9.54804e+8 
        4680.68      9.53794e+8 
        4681.68      9.52645e+8 
        4682.68      9.50765e+8 
        4683.18      9.49472e+8 
        4683.68      9.47248e+8 
        4684.18      9.43095e+8 
        4684.68      9.33665e+8 
        4684.88      9.25617e+8 
        4685.08      9.11202e+8 
        4685.28      8.85567e+8 
        4685.48      8.43185e+8 
        4685.58      8.23585e+8 
        4685.68      8.16311e+8 
        4685.78      8.23421e+8 
        4685.88      8.42855e+8 
        4686.08      8.84915e+8 
        4686.28      9.10238e+8 
        4686.48      9.24351e+8 
        4686.68      9.32096e+8 
        4687.18      9.40778e+8 
        4687.68      9.44186e+8 
        4688.18      9.45665e+8 
        4688.68       9.4621e+8 
        4689.68      9.46591e+8 
        4690.68      9.46241e+8 
        4691.68      9.45747e+8 
         4693.2      9.44773e+8 
        4693.68      9.44445e+8 
        4695.68       9.4305e+8 
         4695.7      9.43037e+8 
        4697.68      9.41596e+8 
         4698.2      9.41218e+8 
        4700.68      9.39397e+8 
         4701.2      9.39015e+8 
         4705.2      9.36053e+8 
        4705.68      9.35694e+8 
         4707.2      9.34557e+8 
         4708.2      9.33798e+8 
         4709.2      9.33019e+8 
         4709.7      9.32614e+8 
         4710.2       9.3219e+8 
        4710.68      9.31746e+8 
         4710.7      9.31729e+8 
         4711.2      9.31193e+8 
         4711.7      9.30468e+8 
         4712.2      9.29112e+8 
         4712.3       9.2863e+8 
         4712.4      9.27988e+8 
         4712.6      9.25748e+8 
         4712.7      9.23504e+8 
         4712.8      9.18858e+8 
           4713      8.67052e+8 
         4713.2      7.63788e+8 
         4713.4      8.14647e+8 
         4713.6      8.89202e+8 
         4713.8       9.1869e+8 
           4714      9.24946e+8 
         4714.2       9.2679e+8 
         4714.7      9.28035e+8 
         4715.2      9.28164e+8 
        4715.68      9.28023e+8 
         4715.7      9.28026e+8 
         4716.2      9.27775e+8 
         4716.7      9.27477e+8 
         4717.2      9.27155e+8 
         4718.2      9.26476e+8 
         4719.2      9.25772e+8 
         4721.2      9.24342e+8 
         4725.2      9.21457e+8 
         4728.2       9.1929e+8 
         4730.7      9.17489e+8 
         4733.2      9.15691e+8 
           4750      9.03714e+8 
        4789.12      8.76562e+8 
        4791.32      8.74202e+8 
        4796.32      8.70658e+8 
           4800      8.68007e+8 
        4801.32      8.67036e+8 
        4806.32       8.6332e+8 
        4811.32       8.5952e+8 
        4816.32      8.55611e+8 
        4821.32      8.51558e+8 
        4826.32       8.4674e+8 
        4831.32      8.41269e+8 
        4836.32      8.34887e+8 
        4841.32      8.24425e+8 
        4846.32      8.08802e+8 
        4849.32      7.91807e+8 
        4851.32      7.78244e+8 
        4853.32      7.54521e+8 
        4855.32      7.26133e+8 
        4856.32      7.05162e+8 
        4857.32      6.84858e+8 
        4858.32       6.5512e+8 
        4858.82      6.41464e+8 
        4859.32      6.21238e+8 
        4859.82      6.00777e+8 
        4860.32      5.70679e+8 
        4860.52       5.4592e+8 
        4860.72      5.13696e+8 
        4860.92      4.70599e+8 
        4861.12      4.45135e+8 
        4861.22      4.39713e+8 
        4861.32       4.3822e+8 
        4861.42      4.39622e+8 
        4861.52      4.44952e+8 
        4861.72      4.70213e+8 
        4861.92      5.13063e+8 
        4862.12      5.45024e+8 
        4862.32       5.6951e+8 
        4862.82      5.98927e+8 
        4863.32      6.18598e+8 
        4863.82      6.38244e+8 
        4864.32       6.5122e+8 
        4865.32      6.79537e+8 
        4866.32      6.98429e+8 
        4867.32      7.17986e+8 
        4869.32      7.43613e+8 
        4871.32      7.64675e+8 
        4873.32      7.75621e+8 
        4876.32      7.88823e+8 
        4881.32      7.98184e+8 
        4886.32      8.02459e+8 
        4891.32      8.02573e+8 
        4891.93      8.02516e+8 
        4896.32      8.01782e+8 
        4896.93      8.01637e+8 
           4900      8.00779e+8 
        4901.32      8.00329e+8 
        4901.93      8.00059e+8 
        4904.43      7.98927e+8 
        4906.32      7.98039e+8 
        4906.93      7.97749e+8 
        4911.32      7.95556e+8 
        4911.93      7.95237e+8 
        4913.93      7.94156e+8 
        4915.93      7.92972e+8 
        4916.32      7.92686e+8 
        4916.93      7.92198e+8 
        4917.93      7.90963e+8 
        4918.43      7.89692e+8 
        4918.93       7.8843e+8 
        4919.43      7.84945e+8 
        4919.93      7.78521e+8 
        4920.13      7.72577e+8 
        4920.33      7.65461e+8 
        4920.53      7.66924e+8 
        4920.73       7.8159e+8 
        4920.93      7.85106e+8 
        4921.13      7.83258e+8 
        4921.32      7.78892e+8 
        4921.33      7.78604e+8 
        4921.53      7.64799e+8 
        4921.73      7.07195e+8 
        4921.93      6.16918e+8 
        4922.13       6.3595e+8 
        4922.33      6.99701e+8 
        4922.53      7.35203e+8 
        4922.73      7.53948e+8 
        4922.93      7.64712e+8 
        4923.43      7.76452e+8 
        4923.49      7.77389e+8 
        4923.93      7.82709e+8 
        4924.43      7.84338e+8 
        4924.93      7.85866e+8 
        4925.43      7.86217e+8 
        4925.93      7.86568e+8 
        4926.32      7.86632e+8 
        4926.93      7.86626e+8 
        4927.93      7.86364e+8 
        4929.52      7.85687e+8 
        4929.93        7.855e+8 
        4931.32      7.84808e+8 
        4931.93      7.85534e+8 
        4936.93      7.82704e+8 
        4939.43      7.81252e+8 
        4941.93      7.79793e+8 
        4946.93      7.76869e+8 
        4951.93       7.7395e+8 
        4997.15       7.4815e+8 
        4999.65      7.46754e+8 
           5000      7.46559e+8 
        5002.15       7.4536e+8 
        5005.15       7.4369e+8 
        5007.15      7.42576e+8 
        5009.15      7.41459e+8 
        5011.15      7.40331e+8 
        5012.15      7.39756e+8 
        5013.15      7.39161e+8 
        5013.65      7.38847e+8 
        5014.15      7.38512e+8 
        5014.65      7.38136e+8 
        5015.15      7.37673e+8 
        5015.65       7.3698e+8 
         5015.9      7.36407e+8 
        5016.15      7.35429e+8 
        5016.35      7.33905e+8 
        5016.55      7.30207e+8 
        5016.75      7.13647e+8 
        5016.95      6.35181e+8 
        5017.05      5.91785e+8 
        5017.15      5.79068e+8 
        5017.25      6.04241e+8 
        5017.35      6.58049e+8 
        5017.55      7.22697e+8 
        5017.75      7.31508e+8 
        5017.95      7.33745e+8 
        5018.15      7.34681e+8 
         5018.4      7.35208e+8 
        5018.65      7.35433e+8 
        5019.15      7.35519e+8 
        5019.65      7.35415e+8 
        5020.15      7.35234e+8 
        5020.65      7.35016e+8 
        5021.15       7.3478e+8 
        5022.15      7.34276e+8 
        5023.15      7.33754e+8 
        5025.15      7.32688e+8 
        5027.15      7.31612e+8 
        5029.15      7.30533e+8 
        5029.22      7.30495e+8 
        5031.72      7.29144e+8 
        5032.15      7.28912e+8 
        5034.22      7.27796e+8 
        5034.65      7.27564e+8 
        5037.15      7.26217e+8 
        5037.22      7.26185e+8 
        5039.22      7.25109e+8 
        5041.22      7.24033e+8 
        5043.22      7.22956e+8 
        5044.22      7.22417e+8 
        5045.22      7.21873e+8 
        5045.72      7.21598e+8 
        5046.22      7.21319e+8 
        5046.72      7.21033e+8 
        5047.22      7.20731e+8 
        5047.72      7.20389e+8 
        5047.97      7.20183e+8 
        5048.22      7.19917e+8 
        5048.42      7.19608e+8 
        5048.62      7.19073e+8 
        5048.82      7.17619e+8 
        5049.02      7.08713e+8 
        5049.12      6.96717e+8 
        5049.22        6.859e+8 
        5049.32       6.8598e+8 
        5049.42      6.95928e+8 
        5049.62       7.1304e+8 
        5049.82       7.1736e+8 
        5050.02      7.18356e+8 
        5050.22      7.18658e+8 
        5050.47      7.18756e+8 
        5050.72      7.18738e+8 
        5051.22      7.18579e+8 
        5051.72       7.1836e+8 
        5052.22       7.1812e+8 
        5052.72      7.17869e+8 
        5053.22      7.17613e+8 
        5054.22      7.17094e+8 
        5055.22      7.16571e+8 
        5057.22      7.15518e+8 
        5059.22      7.14466e+8 
        5061.22      7.13414e+8 
        5064.22      7.11839e+8 
        5066.72      7.10529e+8 
        5069.22      7.09222e+8 
           5100      6.93369e+8 
           5350      5.79722e+8 
        5381.52      5.67094e+8 
        5386.52      5.65121e+8 
        5391.52      5.63153e+8 
        5396.52      5.61185e+8 
        5399.52      5.59997e+8 
        5401.52      5.59199e+8 
        5403.52      5.58368e+8 
        5405.52      5.57486e+8 
        5406.52      5.56978e+8 
        5407.52      5.56408e+8 
        5408.52      5.55579e+8 
        5409.02      5.55192e+8 
        5409.52       5.5458e+8 
        5410.02      5.53807e+8 
        5410.52      5.53058e+8 
        5410.72      5.52796e+8 
        5410.92      5.52516e+8 
        5411.12      5.52093e+8 
        5411.32      5.51361e+8 
        5411.42       5.5099e+8 
        5411.52      5.50846e+8 
        5411.62       5.5091e+8 
        5411.72      5.51205e+8 
        5411.92      5.51779e+8 
        5412.12      5.52047e+8 
        5412.32      5.52172e+8 
        5412.52      5.52279e+8 
        5413.02       5.5264e+8 
        5413.52      5.53028e+8 
        5414.02      5.53256e+8 
        5414.52      5.53258e+8 
        5415.52      5.53321e+8 
        5416.52      5.53123e+8 
        5417.52      5.52862e+8 
        5419.52      5.52207e+8 
        5421.52      5.51501e+8 
        5423.52       5.5076e+8 
        5426.52       5.4964e+8 
        5431.52      5.47761e+8 
        5436.52      5.45882e+8 
        5441.52      5.44006e+8 
        5695.09      4.58502e+8 
         5695.2      4.58473e+8 
        5855.65      4.12935e+8 
        5858.15      4.12263e+8 
        5860.65      4.11585e+8 
        5863.65      4.10761e+8 
        5867.65      4.09596e+8 
        5869.65      4.08916e+8 
        5870.65      4.08499e+8 
        5871.65      4.07954e+8 
        5872.15      4.07584e+8 
        5872.65      4.07089e+8 
        5873.15      4.06361e+8 
        5873.65      4.05153e+8 
        5874.15       4.0278e+8 
        5874.65      3.96743e+8 
        5874.75       3.9439e+8 
        5874.85      3.91225e+8 
        5875.05      3.79155e+8 
        5875.15       3.6209e+8 
        5875.25      3.24322e+8 
        5875.45      2.37881e+8 
        5875.65      2.11581e+8 
        5875.85      2.33404e+8 
        5876.05       2.7099e+8 
        5876.25      3.25648e+8 
        5876.45      3.82359e+8 
        5876.65      3.94347e+8 
        5877.15       4.0152e+8 
        5877.65      4.03906e+8 
        5878.15      4.04947e+8 
        5878.65      4.05457e+8 
        5879.15      4.05713e+8 
        5879.65      4.05833e+8 
        5880.65      4.05869e+8 
        5881.65      4.05769e+8 
        5883.65      4.05409e+8 
        5887.65      4.04486e+8 
        5890.65      4.03743e+8 
        5893.15      4.03114e+8 
        5895.65       4.0248e+8 
           6200      3.32911e+8 
           6400      2.95266e+8 
         6490.1      2.80052e+8 
         6492.8       2.7935e+8 
         6495.1      2.78956e+8 
         6497.8      2.78492e+8 
         6500.1      2.78093e+8 
         6502.8       2.7761e+8 
         6505.1      2.77195e+8 
         6507.8      2.76702e+8 
         6510.1      2.76276e+8 
         6512.8      2.75769e+8 
         6515.1       2.7533e+8 
         6517.8      2.74806e+8 
         6520.1      2.74352e+8 
         6522.8      2.73805e+8 
         6525.1      2.73269e+8 
         6527.8      2.72596e+8 
         6530.1      2.71985e+8 
         6532.8      2.71216e+8 
         6535.1       2.7051e+8 
         6537.8        2.696e+8 
         6540.1      2.68463e+8 
         6542.8      2.66896e+8 
         6545.1      2.65333e+8 
         6547.8       2.6285e+8 
         6548.1      2.62457e+8 
         6550.1      2.59561e+8 
         6550.8      2.58436e+8 
         6552.1      2.56202e+8 
         6552.8      2.54927e+8 
         6554.1      2.50948e+8 
         6554.8      2.48669e+8 
         6555.1      2.47668e+8 
         6556.1      2.44261e+8 
         6556.8      2.41218e+8 
         6557.1      2.39578e+8 
         6557.6      2.36857e+8 
         6557.8      2.35777e+8 
         6558.1       2.3417e+8 
         6558.6      2.31535e+8 
         6558.8      2.30499e+8 
         6559.1      2.28032e+8 
         6559.3      2.26393e+8 
         6559.5      2.24801e+8 
         6559.7      2.23286e+8 
         6559.8      2.22578e+8 
         6559.9      2.21906e+8 
           6560      2.21249e+8 
         6560.1      2.20538e+8 
         6560.2      2.19758e+8 
         6560.3      2.18849e+8 
         6560.5      2.16066e+8 
         6560.7      2.13456e+8 
         6560.8      2.12191e+8 
         6560.9       2.1094e+8 
         6561.1      2.08464e+8 
         6561.3      2.04351e+8 
         6561.6      1.93095e+8 
         6561.8      1.83054e+8 
           6562      1.65218e+8 
         6562.1      1.56217e+8 
         6562.2      1.49321e+8 
         6562.4      1.43141e+8 
         6562.6      1.42583e+8 
         6562.7      1.42837e+8 
         6562.8      1.42943e+8 
         6562.9      1.42815e+8 
           6563       1.4254e+8 
         6563.1      1.42474e+8 
         6563.2      1.43054e+8 
         6563.4      1.49185e+8 
         6563.6      1.65017e+8 
         6563.8      1.82776e+8 
         6564.1       1.9685e+8 
         6564.3      2.03884e+8 
         6564.8      2.11532e+8 
         6565.1      2.15219e+8 
         6565.3      2.17755e+8 
         6565.8      2.21419e+8 
         6566.1      2.23673e+8 
         6566.8      2.29166e+8 
         6567.8      2.34107e+8 
         6568.1      2.35627e+8 
         6568.8      2.39209e+8 
         6570.1      2.43875e+8 
         6570.8      2.45997e+8 
         6572.1      2.49741e+8 
         6572.8      2.51616e+8 
         6574.8      2.54494e+8 
         6575.1       2.5489e+8 
         6577.8       2.5799e+8 
         6580.1      2.59475e+8 
         6582.8      2.60509e+8 
         6585.1      2.61164e+8 
         6587.8      2.61702e+8 
         6590.1      2.61779e+8 
         6592.8      2.61786e+8 
         6595.1      2.61741e+8 
         6597.8      2.61637e+8 
         6600.1       2.6151e+8 
         6602.8      2.61317e+8 
         6605.1      2.61074e+8 
         6607.8      2.60776e+8 
         6610.1      2.60514e+8 
         6612.8      2.60197e+8 
         6615.1      2.59921e+8 
         6617.8      2.59588e+8 
         6620.1        2.593e+8 
         6622.8      2.58954e+8 
         6625.1      2.58656e+8 
         6627.8       2.5829e+8 
         6630.1      2.57973e+8 
         6632.8        2.576e+8 
         6633.9      2.57746e+8 
        6634.04      2.57733e+8 
        6660.09      2.53919e+8 
        6662.59      2.53554e+8 
        6665.09      2.53187e+8 
        6668.09      2.52742e+8 
        6670.09      2.52439e+8 
        6672.09      2.52122e+8 
        6674.09       2.5177e+8 
        6675.09      2.51563e+8 
        6676.09      2.51301e+8 
        6676.59       2.5113e+8 
        6677.09      2.50905e+8 
        6677.59      2.50584e+8 
        6678.09       2.5006e+8 
        6678.59       2.4904e+8 
        6678.84      2.48082e+8 
        6679.09      2.46407e+8 
        6679.29      2.43902e+8 
        6679.49      2.38082e+8 
        6679.69      2.15211e+8 
        6679.89       1.8334e+8 
        6679.99      1.78786e+8 
        6680.09      1.77911e+8 
        6680.19      1.78127e+8 
        6680.29      1.81064e+8 
        6680.49      2.07015e+8 
        6680.69      2.33661e+8 
        6680.89      2.42021e+8 
        6681.09      2.45241e+8 
        6681.34      2.47248e+8 
        6681.59      2.48324e+8 
        6682.09      2.49361e+8 
        6682.59      2.49803e+8 
        6683.09       2.5001e+8 
        6683.59      2.50105e+8 
        6684.09      2.50143e+8 
        6685.09      2.50127e+8 
        6686.09      2.50054e+8 
        6688.09      2.49839e+8 
        6690.09      2.49587e+8 
        6692.09      2.49322e+8 
        6695.09      2.48912e+8 
        6697.59      2.48566e+8 
        6700.09       2.4822e+8 
           7000      2.10227e+8 
        7047.24       2.0492e+8 
        7049.74      2.04644e+8 
        7052.24      2.04367e+8 
        7055.24      2.04035e+8 
        7057.24      2.03813e+8 
        7059.24       2.0359e+8 
        7061.24      2.03361e+8 
        7062.24      2.03242e+8 
        7063.24      2.03115e+8 
        7063.74      2.03046e+8 
        7064.24      2.02969e+8 
        7064.74      2.02878e+8 
        7065.24      2.02756e+8 
        7065.74      2.02557e+8 
        7065.99      2.02381e+8 
        7066.24      2.02075e+8 
        7066.44      2.01579e+8 
        7066.64      1.99856e+8 
        7066.84      1.87023e+8 
        7067.04      1.56186e+8 
        7067.14      1.46094e+8 
        7067.24      1.42423e+8 
        7067.34      1.44934e+8 
        7067.44      1.53052e+8 
        7067.64      1.73452e+8 
        7067.84      1.79948e+8 
        7068.04      1.91207e+8 
        7068.24      1.99833e+8 
        7068.49       2.0182e+8 
        7068.74      2.02106e+8 
        7069.24      2.02276e+8 
        7069.74      2.02312e+8 
        7070.24      2.02303e+8 
        7070.74      2.02275e+8 
        7071.24      2.02239e+8 
        7072.24      2.02149e+8 
        7073.24      2.02051e+8 
        7075.24      2.01844e+8 
        7077.24      2.01633e+8 
        7079.24      2.01419e+8 
        7082.24      2.01096e+8 
        7084.74      2.00828e+8 
        7087.24      2.00559e+8 
        7262.46       1.8277e+8 
        7264.96      1.82531e+8 
        7267.46      1.82292e+8 
        7270.46      1.82006e+8 
        7272.46      1.81814e+8 
        7274.46      1.81623e+8 
        7276.46      1.81431e+8 
        7277.46      1.81333e+8 
        7278.46      1.81235e+8 
        7278.96      1.81183e+8 
        7279.46       1.8113e+8 
        7279.96      1.81073e+8 
        7280.46      1.81008e+8 
        7280.96      1.80922e+8 
        7281.21      1.80858e+8 
        7281.46      1.80758e+8 
        7281.66      1.80606e+8 
        7281.86      1.80133e+8 
        7282.06      1.76948e+8 
        7282.26      1.65525e+8 
        7282.36      1.59667e+8 
        7282.46      1.56917e+8 
        7282.56      1.57997e+8 
        7282.66      1.62481e+8 
        7282.86      1.74437e+8 
        7283.06      1.79483e+8 
        7283.26       1.8034e+8 
        7283.46      1.80524e+8 
        7283.71      1.80601e+8 
        7283.96      1.80627e+8 
        7284.46      1.80625e+8 
        7284.96      1.80598e+8 
        7285.46      1.80561e+8 
        7285.96      1.80521e+8 
        7286.46      1.80478e+8 
        7287.46      1.80388e+8 
        7288.46      1.80296e+8 
        7290.46      1.80111e+8 
        7292.46      1.79924e+8 
        7294.46      1.79737e+8 
        7297.46      1.79457e+8 
        7299.96      1.79223e+8 
        7302.46       1.7899e+8 
        7437.06      1.66965e+8 
        7437.21      1.66954e+8 
         7845.5      1.36169e+8 
        7845.66      1.36168e+8 
        8205.82       1.1472e+8 
        8205.84      1.17827e+8 
        8213.41       1.1741e+8 
        8213.57      1.17404e+8 
        9575.13      6.49826e+7 
        10096.6      5.29192e+7 
        10101.6      5.28177e+7 
        10106.6      5.27164e+7 
        10111.6      5.26145e+7 
        10114.6      5.25531e+7 
        10116.6      5.25114e+7 
        10118.6      5.24678e+7 
        10120.6       5.2421e+7 
        10121.6      5.23929e+7 
        10122.6      5.23576e+7 
        10123.6      5.23031e+7 
        10124.1      5.22609e+7 
        10124.6      5.21973e+7 
        10125.1       5.2098e+7 
        10125.6       5.1929e+7 
        10125.8      5.18285e+7 
          10126      5.17247e+7 
        10126.2      5.16855e+7 
        10126.4      5.17584e+7 
        10126.5      5.18092e+7 
        10126.6      5.18291e+7 
        10126.7      5.18046e+7 
        10126.8      5.17495e+7 
          10127      5.16685e+7 
        10127.2      5.16995e+7 
        10127.4      5.17956e+7 
        10127.6      5.18879e+7 
        10128.1      5.20371e+7 
        10128.6      5.21167e+7 
        10129.1      5.21601e+7 
        10129.6      5.21825e+7 
        10130.6      5.21975e+7 
        10131.6       5.2193e+7 
        10132.6      5.21809e+7 
        10134.6      5.21478e+7 
        10136.6      5.21119e+7 
        10138.6      5.20734e+7 
        10141.6      5.20151e+7 
        10146.6       5.1917e+7 
        10151.6      5.18187e+7 
        10156.6      5.17202e+7 
        10813.5      4.05804e+7 
          10816       4.0544e+7 
        10818.5      4.05078e+7 
        10821.5      4.04641e+7 
        10823.5      4.04354e+7 
        10825.5      4.04063e+7 
        10827.5      4.03769e+7 
        10828.5      4.03624e+7 
        10829.5      4.03472e+7 
          10830      4.03396e+7 
        10830.5      4.03314e+7 
          10831      4.03222e+7 
        10831.5      4.02148e+7 
          10832        3.878e+7 
        10832.2      3.84128e+7 
        10832.5      3.87552e+7 
        10832.7      3.92415e+7 
        10832.9      3.87013e+7 
        10833.1      3.76056e+7 
        10833.3      3.68206e+7 
        10833.4         3.66e+7 
        10833.5       3.6523e+7 
        10833.6      3.65961e+7 
        10833.7      3.68127e+7 
        10833.9      3.75907e+7 
        10834.1      3.87335e+7 
        10834.3      3.98442e+7 
        10834.5      4.02098e+7 
        10834.7      4.02574e+7 
          10835        4.026e+7 
        10835.5       4.0257e+7 
          10836       4.0252e+7 
        10836.5      4.02457e+7 
          10837      4.02391e+7 
        10837.5      4.02322e+7 
        10838.5      4.02183e+7 
        10839.5      4.02042e+7 
        10841.5      4.01756e+7 
        10843.5       4.0147e+7 
        10845.5      4.01184e+7 
        10848.5      4.00757e+7 
          10851        4.004e+7 
        10853.5      4.00043e+7 
        11162.4      3.58817e+7 
        11162.6      3.58787e+7 
        12480.3      2.32673e+7 
        12480.5      2.32656e+7 
        13567.4       1.6814e+7 
        13567.7      1.68127e+7 
          14097       1.4485e+7 
        14097.3      1.44839e+7 
        14588.1      1.26764e+7 
        14588.2      1.27577e+7 
        14623.9      1.26366e+7 
        14624.2      1.26356e+7 
          16427       8.0225e+6 
        18452.1      5.09018e+6 
        18452.5      5.08977e+6 
        18680.5      4.84989e+6 
          18681      4.81198e+6 
          18686      4.80081e+6 
          18691      4.78833e+6 
          18696      4.77414e+6 
          18701      4.75774e+6 
          18706      4.73857e+6 
          18711        4.716e+6 
          18716      4.68883e+6 
          18721      4.65604e+6 
          18726      4.61603e+6 
          18731      4.56619e+6 
          18736        4.502e+6 
          18739      4.45293e+6 
          18741      4.41315e+6 
          18743      4.36421e+6 
          18745      4.29975e+6 
          18746      4.25794e+6 
          18747      4.20782e+6 
          18748        4.181e+6 
        18748.5       4.2401e+6 
          18749      4.41774e+6 
        18749.5      4.71769e+6 
          18750      5.05634e+6 
        18750.2      5.17599e+6 
        18750.4      5.27621e+6 
        18750.6      5.35166e+6 
        18750.8      5.39839e+6 
        18750.9       5.4102e+6 
          18751      5.41405e+6 
        18751.1      5.40991e+6 
        18751.2      5.39782e+6 
        18751.4      5.35052e+6 
        18751.6      5.27453e+6 
        18751.8      5.17379e+6 
          18752      5.05367e+6 
        18752.5      4.71398e+6 
          18753      4.41309e+6 
        18753.5       4.2345e+6 
          18754      4.17435e+6 
          18755      4.19891e+6 
          18756      4.24672e+6 
          18757       4.2862e+6 
          18759        4.346e+6 
          18761      4.39033e+6 
          18763      4.42554e+6 
          18766      4.46787e+6 
          18771       4.5211e+6 
          18776      4.56032e+6 
          18781      4.58999e+6 
          18786      4.61266e+6 
          18791      4.62989e+6 
          18796      4.64263e+6 
          18801      4.65202e+6 
          18806      4.65869e+6 
          18811      4.66316e+6 
          18816      4.66592e+6 
          18821      4.66737e+6 
        18821.5      4.70899e+6 
        20502.5      3.36851e+6 
        22780.4      2.22851e+6 
        22780.8      2.22833e+6 
          22794      2.22328e+6 
        22794.1      2.22708e+6 
        27569.6       1.0549e+6 
        27569.6      1.05489e+6 
        32803.7          532563 
        32804.4          532520 
        32810.1          532156 
        32810.1          532156 
        32823.4          531308 
        32823.4          531535 
        38506.3          283546 
        38506.3          283546 
        44649.5          158338 
        44650.4          158326 
        44658.2          158217 
        44658.2          158216 
        44676.2          157966 
        44676.2          157971 
        58317.7         55327.2 
        58318.9         55322.8 
        58352.6           55197 
        58352.7         55192.1 
        73808.4         21880.2 
        73809.8         21878.5 
        73852.6         21828.7 
        73852.7           21826 
        91176.1          9522.8 
        91176.3         9521.55 
        99930.8         6638.47 
         333103         59.3846 
         499654         12.1969 
         999308        0.805376 
     3.33103e+6      0.00668963 
     4.99654e+6      0.00131341 
     9.99308e+6        8.095e-5 
     3.33103e+7      6.44239e-7 
